10002.226	0.00117451966750514	-0.00945816328591134
8914.9326	0.00113473327638356	-0.00846730450953256
7943.9951	0.00109644203364411	-0.00757906092806572
7081.583	0.00106242618568428	-0.00678720640515985
6307.7358	0.00103015041548027	-0.00607205863584863
5622.5879	0.000999586312456183	-0.00543554977019812
5011.603	0.000969957287523079	-0.00486672133849702
4466.4292	0.000945942619796701	-0.00435627635567476
3981.2773	0.000919506880021988	-0.00390191565098979
3548.8679	0.000898190036261667	-0.0034939518481822
3163.0398	0.00088080879417019	-0.00312838577657785
2819.0986	0.000860972860770311	-0.0028020425165067
2512.4104	0.000848485368197659	-0.00250927233043184
2239.2869	0.000830356268021256	-0.00224899936032595
1995.6381	0.000818627067814415	-0.00201456351753521
1778.2897	0.000807653230875664	-0.00180547828242264
1584.4927	0.000793018160955002	-0.0016179106303589
1412.7418	0.000779491130550814	-0.0014508948404601
1258.7905	0.000772971074225822	-0.00130125713478553
1121.7966	0.000763442700195323	-0.0011672324179856
999.68164	0.000756549961162958	-0.00104465345258915
891.42474	0.000746760977902483	-0.000938459797159243
794.23932	0.000739321210919625	-0.000841526060284556
707.96161	0.000730862190729715	-0.000755071479232639
631.00977	0.000723134236066987	-0.000679288507977313
562.33929	0.000717817810382344	-0.000606419386381684
501.12231	0.000714499522026338	-0.000544363582020389
446.57214	0.000707611199758496	-0.000487535611133678
398.08899	0.000702384859456682	-0.000434791297352218
354.88681	0.000697997985683293	-0.00038948360265393
316.31589	0.000696766690679001	-0.000344207239261081
281.8942	0.000691371425919797	-0.000307306008775422
251.20601	0.000687804724314595	-0.000273856636260206
223.92496	0.000687325631443952	-0.00024167786442957
199.55338	0.000688100517865698	-0.000213228499132881
177.78128	0.000686574009241592	-0.000183634243011163
158.52898	0.000684395513735428	-0.000161189077142442
141.21979	0.00068487103050976	-0.000141826438533691
125.92673	0.000683487043598611	-0.000122533835998676
112.19009	0.000687624063440452	-0.000106690139774352
99.968163	0.000689201519331138	-8.67104527501535e-05
89.115646	0.000689818780083469	-7.51660690901795e-05
79.415741	0.000693529793068667	-6.23668723659727e-05
70.793182	0.000694545717007888	-4.99223626526246e-05
63.082279	0.000697651827222474	-3.98033808773554e-05
56.241825	0.00070237776356532	-3.13536905849842e-05
50.112232	0.000704385224442423	-2.19051416238363e-05
44.671223	0.00070575789439687	-1.73693259982131e-05
39.808899	0.00070979778267738	-1.31726613662197e-05
35.488308	0.000713094310717438	-9.5580733731674e-06
31.629578	0.000715030600212911	-2.3663672258608e-06
28.187037	0.000720140080434707	5.70744917128479e-07
25.120602	0.000721576820210414	5.28100040557636e-06
22.385418	0.000723287530577952	6.07493306609634e-06
19.955338	0.000728710794203064	8.35034022936996e-06
17.775894	0.000731570005032371	1.23760615360457e-05
15.846864	0.000732700786260165	1.10040196994298e-05
14.127493	0.000734445922697956	1.17549586502612e-05
12.587309	0.000736388457676583	1.31566148966753e-05
11.216775	0.000739054578289641	1.22752361289101e-05
9.9968166	0.000741550897882	1.11706680833883e-05
8.9082127	0.000742222556069673	1.64669651421843e-05
7.9395623	0.000744373310536485	1.39562830059093e-05
7.0765615	0.000745924081530879	1.7372701046825e-05
6.3105822	0.000748690917069326	1.57178083942354e-05
5.6245475	0.00075160647100961	1.54290624324268e-05
5.0112233	0.000751970488673913	1.75695694443682e-05
4.4642835	0.00075321421128912	1.51393255878786e-05
3.9819033	0.000754547774385642	1.65333646842283e-05
3.5479143	0.000753150012435501	1.71626581634931e-05
3.1629577	0.000754209250129035	1.79806965863647e-05
2.818361	0.000758088601166368	1.80680766920438e-05
2.5112481	0.000756960073153997	1.40755430358719e-05
2.2398233	0.00075872053667005	1.68246915650607e-05
1.9950197	0.000760003760789323	1.76959432937583e-05
1.7775893	0.00076230235118155	1.73390737392612e-05
1.5846864	0.000764686217818259	1.83283729935427e-05
1.4122353	0.000763463747119936	2.02536251578023e-05
1.2582541	0.000763885736736321	1.92333790404469e-05
1.1224822	0.000766671786449578	1.91739222160891e-05
1.0000616	0.000766874877882704	2.04083851686339e-05
0.89082122	0.000768615525923438	1.97396509000254e-05
0.79444051	0.00077179680354188	1.98303840111886e-05
0.70784986	0.000771040120826426	2.16994422730011e-05
0.63126236	0.00077310317924605	2.27934521421627e-05
0.562536	0.000773247734671172	2.03780838529139e-05
0.50118715	0.0007749369608026	2.21551626868257e-05
0.44642836	0.000778040912575075	2.54007437016722e-05
0.39821118	0.000777889170068474	2.33303985809425e-05
0.35475865	0.000779249407803726	2.60966890640148e-05
0.31619295	0.000782174948533838	2.56074408147008e-05
0.2819173	0.000782949688692282	2.74878815889303e-05
0.25117323	0.000785091316398803	2.74356064796085e-05
0.22391155	0.000786384919750247	2.99789621527991e-05
0.19957349	0.000788601338675815	3.0279933749039e-05
0.17779917	0.000789624859330751	3.37918549940743e-05
0.15846863	0.000793124661152588	3.26403215499779e-05
0.14123619	0.000795244799646877	3.66970871135897e-05
0.12590662	0.000797655376406877	3.90956759547738e-05
0.1122199	0.000798497544033087	4.09852792282792e-05
0.10002181	0.000802304401940793	4.18181437892048e-05
