10002.226	0.00117348677837422	-0.00945985925283186
8914.9326	0.0011323728174733	-0.00846877964382425
7943.9951	0.00109522065707234	-0.0075803511697533
7081.583	0.00106067665750786	-0.00678499420159545
6307.7358	0.00103038844382038	-0.0060724223660684
5622.5879	0.000999560381626317	-0.00543449443918132
5011.603	0.000969780083159998	-0.00486930443546863
4466.4292	0.000946484487494714	-0.00435643013776171
3981.2773	0.000921686743474358	-0.00389999231997967
3548.8679	0.000898192474161053	-0.00349516028351009
3163.0398	0.000881220931810768	-0.00312774668265813
2819.0986	0.000863328663416173	-0.00280147171073968
2512.4104	0.000845395767372111	-0.00251033973785138
2239.2869	0.000831158825697458	-0.00224977344383507
1995.6381	0.000816774248301487	-0.00201418225970306
1778.2897	0.000807006926016465	-0.00180612287785263
1584.4927	0.000794140375204423	-0.00161791963488994
1412.7418	0.000784290353910514	-0.0014511082092778
1258.7905	0.000772236012270658	-0.00130111603795658
1121.7966	0.000765867692541246	-0.00116843362606065
999.68164	0.000754426444840923	-0.00104585653721788
891.42474	0.000746099614142361	-0.00093955832979126
794.23932	0.00073929858156446	-0.000841030715151727
707.96161	0.000731664121133424	-0.000753956054757754
631.00977	0.000725652284900584	-0.000679556824151966
562.33929	0.000719438050398206	-0.000605545536749751
501.12231	0.000711826173743495	-0.000544046183153393
446.57214	0.000706333439508399	-0.00048635876394854
398.08899	0.000702778096334119	-0.000436843114235526
354.88681	0.000698879312755615	-0.000388443674802466
316.31589	0.000694711936733872	-0.000343944418878626
281.8942	0.000689965686995696	-0.000307075014475054
251.20601	0.000687008366451048	-0.000272863282963945
223.92496	0.000686164415745817	-0.000240319351098013
199.55338	0.000685375085427865	-0.000214908918948626
177.78128	0.000683858336884446	-0.000183216965729364
158.52898	0.000685341605495327	-0.000161413701368109
141.21979	0.000687257608025748	-0.000140994505254551
125.92673	0.000684770169761796	-0.000123636866843758
112.19009	0.000689141021989068	-0.000106619850946052
99.968163	0.000689988041368012	-8.77887023143882e-05
89.115646	0.000690802463699474	-7.45433993797815e-05
79.415741	0.000694170405611248	-6.25035161005848e-05
70.793182	0.000695406839418467	-5.15570147818673e-05
63.082279	0.000697395272673564	-4.15292161225501e-05
56.241825	0.000701440817865903	-3.27938897687291e-05
50.112232	0.000704332919740315	-2.11616669713755e-05
44.671223	0.000706562763646224	-1.6059748885961e-05
39.808899	0.000711684666595996	-1.34376554056376e-05
35.488308	0.000713670638982837	-8.58814508109567e-06
31.629578	0.000716202945876909	-2.52334515598442e-07
28.187037	0.000719024009621566	-1.62562078845146e-07
25.120602	0.000723008417997125	3.17262687278109e-06
22.385418	0.000725436701552471	6.75752334784084e-06
19.955338	0.000727608456104774	9.25643562145717e-06
17.775894	0.000730016907651684	1.05192396874969e-05
15.846864	0.000733836254925347	1.11511215460275e-05
14.127493	0.000735344318091054	1.47724487897529e-05
12.587309	0.000737590683796089	1.18705986699858e-05
11.216775	0.000739328595468383	1.5522664925013e-05
9.9968166	0.000743876712750851	1.29914018737782e-05
8.9082127	0.000741619914987498	1.31535248574781e-05
7.9395623	0.000742693786977956	1.68406688278734e-05
7.0765615	0.00074666447483913	1.65133729977483e-05
6.3105822	0.000749903555148497	1.66440156603288e-05
5.6245475	0.000750003119721167	1.69496727267974e-05
5.0112233	0.000751659783746466	1.73290195041332e-05
4.4642835	0.000751841718666786	1.73561163105738e-05
3.9819033	0.000752896540461226	1.51097404897641e-05
3.5479143	0.000755972739797455	1.70235934315466e-05
3.1629577	0.000755021568322024	1.72374289799895e-05
2.818361	0.000757579360873756	1.72795651748866e-05
2.5112481	0.000757655879802329	1.58859267451855e-05
2.2398233	0.000760780136271271	1.6111416149606e-05
1.9950197	0.00076000042629816	1.62519096629159e-05
1.7775893	0.0007615277583359	1.80355857231333e-05
1.5846864	0.000762357141604365	1.84734409851982e-05
1.4122353	0.000762749975931865	1.79412063726883e-05
1.2582541	0.000764851498762857	1.99794412993095e-05
1.1224822	0.000766712975185609	2.06382049775806e-05
1.0000616	0.000766173222967504	2.00519589374081e-05
0.89082122	0.000768462824822482	1.97592448895403e-05
0.79444051	0.000769571215952223	2.16237580453057e-05
0.70784986	0.000773122173732567	1.99147877820736e-05
0.63126236	0.000773180071360385	2.04730263654915e-05
0.562536	0.00077403770958342	2.23919763992033e-05
0.50118715	0.000775034621789445	2.31903123678401e-05
0.44642836	0.000778514043374487	2.3725316048099e-05
0.39821118	0.000778530369791896	2.54205071500689e-05
0.35475865	0.000780429834000514	2.68282593579195e-05
0.31619295	0.000780682827542385	2.64241889807083e-05
0.2819173	0.000783404897651168	2.84918045125398e-05
0.25117323	0.000785459660076264	2.98311355812469e-05
0.22391155	0.000786898898006258	3.02242646186951e-05
0.19957349	0.000790538772475654	3.20825164992762e-05
0.17779917	0.000790661842052546	3.51395569850469e-05
0.15846863	0.000792738886922349	3.38162175007565e-05
0.14123619	0.000797057285485067	3.55505117713539e-05
0.12590662	0.000796006232727448	3.80897483304992e-05
0.1122199	0.000797733652294642	3.85515824510304e-05
0.10002181	0.000801507461455384	4.24530864320288e-05
