10002.226	0.00117539038740791	-0.00945985456671481
8914.9326	0.00113390386515598	-0.00846906161543792
7943.9951	0.00109612683392161	-0.00758103615951514
7081.583	0.00106184651753231	-0.00678549776557735
6307.7358	0.00103017591500425	-0.00607215574616837
5622.5879	0.00099888977285431	-0.00543747301191593
5011.603	0.000968704354711108	-0.00486885637102637
4466.4292	0.000945978739026047	-0.00435827950197498
3981.2773	0.000921449543850891	-0.00390196578387239
3548.8679	0.000901147761438285	-0.00349415597296822
3163.0398	0.000880699618342274	-0.00313031640549739
2819.0986	0.000863260530960754	-0.00280323795083434
2512.4104	0.000847274592970758	-0.00250825244525806
2239.2869	0.000830804734664258	-0.00224854802147974
1995.6381	0.000817647991416758	-0.00201383780338906
1778.2897	0.000806431738455931	-0.00180538547030918
1584.4927	0.000793917237866128	-0.00161687766870005
1412.7418	0.000780166033211972	-0.00144908664494965
1258.7905	0.000773636005684014	-0.00129883262455373
1121.7966	0.000763758773704708	-0.00116597231742607
999.68164	0.000756801478479078	-0.00104684586365102
891.42474	0.000746304610204745	-0.000938313075074521
794.23932	0.000739335232495743	-0.000842328341317997
707.96161	0.000731390146582963	-0.000754796978518115
631.00977	0.000724522260793096	-0.000677800941500841
562.33929	0.000719667827796354	-0.000607552518646418
501.12231	0.000715360441573924	-0.000544378181588338
446.57214	0.000707094320628833	-0.000486669160348841
398.08899	0.000702794988046066	-0.000435541704884829
354.88681	0.00069715902729556	-0.000388362981412235
316.31589	0.000694511433565038	-0.00034656386456604
281.8942	0.000691941762651139	-0.000309723495486875
251.20601	0.000689671381354298	-0.000273675903224299
223.92496	0.000687260306777584	-0.000240911463519728
199.55338	0.000685918688118003	-0.000213605368936028
177.78128	0.000686647325596035	-0.000186510866731878
158.52898	0.000684566285611942	-0.000160458027420405
141.21979	0.000686834755057597	-0.000142377167469315
125.92673	0.000685315917956178	-0.000122633482572899
112.19009	0.000688890024840908	-0.000108176678656151
99.968163	0.000688399447360262	-8.88575445014478e-05
89.115646	0.000692040414100947	-7.49741282619182e-05
79.415741	0.000693286061280335	-6.31707043854785e-05
70.793182	0.000694726498316953	-4.98132008914045e-05
63.082279	0.000696716704776425	-4.04559354450947e-05
56.241825	0.000703007021652955	-3.22890907253911e-05
50.112232	0.000704981950951003	-2.27220045245205e-05
44.671223	0.000705897223657348	-1.88840196649812e-05
39.808899	0.000708849967849984	-1.1632501161785e-05
35.488308	0.000713859078074843	-5.61154099772703e-06
31.629578	0.000716002379945835	-2.52529114878562e-06
28.187037	0.000720008458250762	8.44252898784109e-07
25.120602	0.000720668477467214	4.65135802896339e-06
22.385418	0.000724621939254669	7.4932352849122e-06
19.955338	0.000727670181607902	9.04205248620882e-06
17.775894	0.000730643454963625	1.14729354027103e-05
15.846864	0.000732479893777827	1.05121235741351e-05
14.127493	0.000736616529760935	1.23443917022313e-05
12.587309	0.00073760293271521	1.31786678440574e-05
11.216775	0.000740684285962227	1.49146196363554e-05
9.9968166	0.000739097717108113	1.49191694581698e-05
8.9082127	0.000743088560447539	1.62312839133671e-05
7.9395623	0.000745033563006789	1.72338088554102e-05
7.0765615	0.000746565145522564	1.72146559952222e-05
6.3105822	0.00074817803608275	1.70904141603083e-05
5.6245475	0.000749666731113476	1.59405896397024e-05
5.0112233	0.000750221836193839	1.63332753720705e-05
4.4642835	0.000754440328369207	1.72573938813263e-05
3.9819033	0.000751713656647424	1.77537615985763e-05
3.5479143	0.000753855805332278	1.6274368119962e-05
3.1629577	0.000758148256509458	1.78249734034685e-05
2.818361	0.000757687011707349	1.71510149529119e-05
2.5112481	0.000759152101744696	1.59686347921402e-05
2.2398233	0.000758216497812252	1.69305316024261e-05
1.9950197	0.00076098847810611	1.64507361830412e-05
1.7775893	0.000760930860709463	1.88886298868963e-05
1.5846864	0.000763199461958833	1.78440655307193e-05
1.4122353	0.000765154953642021	1.92409140995168e-05
1.2582541	0.000764066610891178	1.80269775742908e-05
1.1224822	0.000766055976582301	1.92605732392287e-05
1.0000616	0.000767332869362327	2.11682223189917e-05
0.89082122	0.000770078834049454	1.98560509430306e-05
0.79444051	0.000768890500475122	1.95165564469566e-05
0.70784986	0.000770694147958315	2.12292953529401e-05
0.63126236	0.000771737787347477	2.3149347078624e-05
0.562536	0.000772582571623692	2.27018834494932e-05
0.50118715	0.000773085054088592	2.34307358057556e-05
0.44642836	0.000777078163322712	2.44580429218434e-05
0.39821118	0.00077939570631387	2.47150802940654e-05
0.35475865	0.000779995451360757	2.69272173584941e-05
0.31619295	0.000779685353184948	2.80817084492601e-05
0.2819173	0.000782437667523837	2.81144394823301e-05
0.25117323	0.000786524718208186	3.03008774638449e-05
0.22391155	0.000786259800846915	2.90497379821396e-05
0.19957349	0.000788592710182541	3.09977714406078e-05
0.17779917	0.000790417367715476	3.41714241273482e-05
0.15846863	0.000793219473507999	3.46683792654828e-05
0.14123619	0.00079594962019604	3.68196421505455e-05
0.12590662	0.000797748138870063	3.84790646309531e-05
0.1122199	0.000798893001792926	4.0560360767947e-05
0.10002181	0.000800947757785188	4.19636818290447e-05
