10002.226	0.00117437703478976	-0.00946135052405644
8914.9326	0.00113391996744521	-0.00846796626801841
7943.9951	0.00109568536748725	-0.00758088174773913
7081.583	0.0010613904563733	-0.00678677738040539
6307.7358	0.00103014504743567	-0.00607162262453005
5622.5879	0.000999757732048486	-0.00543718351976825
5011.603	0.000968890113168372	-0.00486754319010005
4466.4292	0.000944068177358117	-0.00435899206122398
3981.2773	0.000920169859453335	-0.0039019401992726
3548.8679	0.000898385588397694	-0.00349498592862979
3163.0398	0.000880827311090732	-0.00312950224100347
2819.0986	0.000861285206157231	-0.00280189566081753
2512.4104	0.000846686968433844	-0.00250947399432416
2239.2869	0.000830355867269869	-0.00224908908070268
1995.6381	0.000818060012618441	-0.0020145563952893
1778.2897	0.00080799483968365	-0.00180436301811293
1584.4927	0.000792810414358371	-0.00161731251035751
1412.7418	0.000782646470169451	-0.00145080986494003
1258.7905	0.000774013110338534	-0.00129943855374694
1121.7966	0.000763416205964481	-0.00116634295529349
999.68164	0.000754945446858446	-0.00104593403092027
891.42474	0.000746742520470969	-0.000938516383180321
794.23932	0.000737140576051624	-0.00084283654581915
707.96161	0.000732208766050365	-0.000756256742420331
631.00977	0.000724458172406929	-0.000677950426129383
562.33929	0.000717316846748678	-0.000607225765478536
501.12231	0.000713673354110031	-0.00054356991007631
446.57214	0.000706392627798018	-0.000486978485822498
398.08899	0.000703472922336715	-0.000437011885090817
354.88681	0.000697823401941696	-0.000388014129352489
316.31589	0.000693326218083134	-0.000344702163120922
281.8942	0.000692737370963219	-0.000309489287395467
251.20601	0.000686492323252883	-0.000271606107934854
223.92496	0.000686664702549503	-0.000240075232926374
199.55338	0.00068704963437713	-0.000213268861334556
177.78128	0.000683765740526664	-0.00018628219365494
158.52898	0.00068537446682475	-0.000161504836070816
141.21979	0.000684716138827892	-0.000140740710645055
125.92673	0.000684232475349991	-0.000122122672474462
112.19009	0.000686926711945248	-0.000106701367015278
99.968163	0.000687971108687673	-8.80176560866239e-05
89.115646	0.000690245083834811	-7.54041308321037e-05
79.415741	0.000692525950106299	-6.28061874491759e-05
70.793182	0.000693809770628098	-4.96112003146894e-05
63.082279	0.00069913917184776	-4.19421674998399e-05
56.241825	0.000702314362395746	-3.2468900557169e-05
50.112232	0.000702339242745155	-2.15572247272246e-05
44.671223	0.000706930930587341	-1.9553911640983e-05
39.808899	0.000708324025224608	-1.11274922916772e-05
35.488308	0.000713167341619435	-7.27133251525787e-06
31.629578	0.000716718778111898	-3.14836964722102e-06
28.187037	0.000719513547409485	5.79995888007114e-07
25.120602	0.000723201537828768	5.8647094413751e-06
22.385418	0.000725760980288751	7.81003082042976e-06
19.955338	0.000729517702701616	8.23701390881386e-06
17.775894	0.000731984308216387	1.14690343068841e-05
15.846864	0.000733317368318337	1.00426904645308e-05
14.127493	0.000736427946335168	1.23118249131979e-05
12.587309	0.000735840878378119	1.26679920530195e-05
11.216775	0.000739347405883388	1.6124672372385e-05
9.9968166	0.000740945723895976	1.44242967636668e-05
8.9082127	0.000744679193269625	1.53454699065058e-05
7.9395623	0.000744853409573546	1.46823628093768e-05
7.0765615	0.000745658441557592	1.58615651281944e-05
6.3105822	0.000746775244219643	1.73287188586959e-05
5.6245475	0.000748372104802543	1.47122670179364e-05
5.0112233	0.000752037648185001	1.66234872722379e-05
4.4642835	0.000753066265856605	1.59392027810877e-05
3.9819033	0.000753523609594708	1.6056273475938e-05
3.5479143	0.000753045269770765	1.76526453662325e-05
3.1629577	0.000755719836926122	1.81839709291566e-05
2.818361	0.000758836408139623	1.56774435177809e-05
2.5112481	0.000757620280099846	1.54382718530955e-05
2.2398233	0.000758748626005821	1.6376261584875e-05
1.9950197	0.000759551703825336	1.77826736183059e-05
1.7775893	0.000761761131642513	1.77601594865976e-05
1.5846864	0.000762950769984695	1.78010151734747e-05
1.4122353	0.000763684605895294	1.778324980997e-05
1.2582541	0.000765436498705414	1.88460173813431e-05
1.1224822	0.000764692993503128	1.93120643481851e-05
1.0000616	0.000765055943471032	1.95648571557958e-05
0.89082122	0.000768029717794533	2.09428694141627e-05
0.79444051	0.000770577077112494	2.16368904848783e-05
0.70784986	0.000772303437437629	2.03462245723564e-05
0.63126236	0.000771876188077801	2.15530493558572e-05
0.562536	0.000773790740594827	2.19635252050254e-05
0.50118715	0.000776220158006725	2.31929419100048e-05
0.44642836	0.000777448236426359	2.34197623280469e-05
0.39821118	0.000778423627022313	2.43185708207553e-05
0.35475865	0.000779333345375668	2.55212668399137e-05
0.31619295	0.000780922740820873	2.77671480361112e-05
0.2819173	0.000782503295538896	2.87185629166345e-05
0.25117323	0.000784140570387366	3.08660052620132e-05
0.22391155	0.000787430352378189	2.90111601036154e-05
0.19957349	0.00078962017530865	3.32916596409778e-05
0.17779917	0.00078992920472018	3.35966861334784e-05
0.15846863	0.00079307623068698	3.4080076717719e-05
0.14123619	0.000796315883746343	3.67456142876238e-05
0.12590662	0.000797250091130473	3.79737944036789e-05
0.1122199	0.000800439384257784	3.9173337253229e-05
0.10002181	0.000800531248001514	4.28687022570094e-05
