10002.226	0.00117385031747092	-0.00946067258904112
8914.9326	0.00113367743227525	-0.00846868779326625
7943.9951	0.00109620570467505	-0.0075802545390616
7081.583	0.0010621446645066	-0.0067855628838994
6307.7358	0.00102888247263877	-0.00607154610670337
5622.5879	0.000997475281522196	-0.00543702565410464
5011.603	0.000970376871240856	-0.00486738085807475
4466.4292	0.00094408984868507	-0.00435768272188729
3981.2773	0.000921201180017779	-0.003901742800236
3548.8679	0.00089854149233189	-0.00349506260431835
3163.0398	0.000878670356675565	-0.00312885884910426
2819.0986	0.000862503359015653	-0.00280312138944953
2512.4104	0.000846663424107278	-0.00250925718075012
2239.2869	0.000829522845823994	-0.00224975550629839
1995.6381	0.00081704316520902	-0.00201434874970827
1778.2897	0.000805869715365686	-0.00180445666088948
1584.4927	0.000794172135013008	-0.00161725667266432
1412.7418	0.000780153444249475	-0.00145096313725243
1258.7905	0.000771568879804569	-0.0013011278982818
1121.7966	0.000764555460843474	-0.0011655871202689
999.68164	0.000753155373603998	-0.00104464596826703
891.42474	0.000746709134739895	-0.000939702045391142
794.23932	0.000738584238259477	-0.000843338488174449
707.96161	0.000731263555972653	-0.000755591391934573
631.00977	0.000724812434172671	-0.000677509315955361
562.33929	0.000719055500376251	-0.000606167411673406
501.12231	0.000712788664934	-0.000541704221855527
446.57214	0.000705465662949118	-0.000485330759810208
398.08899	0.000703678329170084	-0.000436106696730571
354.88681	0.000697927587445493	-0.00038886136961732
316.31589	0.000697639802534117	-0.000345449919555792
281.8942	0.00069231754863802	-0.000308614743891464
251.20601	0.000687238275467067	-0.000274316359953098
223.92496	0.000686240388309797	-0.000239040268553185
199.55338	0.000686670904724868	-0.000212496593580582
177.78128	0.000686400158109545	-0.000185706002770502
158.52898	0.000684069114075233	-0.00016098074218221
141.21979	0.000683928805167733	-0.000141877154617349
125.92673	0.000686595855541324	-0.000123161069620038
112.19009	0.000687986217249612	-0.000105445855982438
99.968163	0.000688199540926705	-9.0387608215558e-05
89.115646	0.000690092482715234	-7.53860197357796e-05
79.415741	0.000692584514663847	-6.07922387636996e-05
70.793182	0.000696581325743911	-5.08546084579911e-05
63.082279	0.000698438891991671	-4.2085750518158e-05
56.241825	0.000702600054708818	-3.20865803273475e-05
50.112232	0.000702888148336019	-2.36917477566421e-05
44.671223	0.000708220139954492	-1.80876862935241e-05
39.808899	0.000709813594196572	-1.32687486979332e-05
35.488308	0.000714044492672999	-7.49964647938706e-06
31.629578	0.000716701755824275	-2.6770277873772e-06
28.187037	0.000718500680154128	-1.22074587532396e-06
25.120602	0.000720397478768495	4.84263527236098e-06
22.385418	0.000724395810373674	7.11626487066799e-06
19.955338	0.000728866157009349	8.68721655812415e-06
17.775894	0.000729652323040348	1.14370177753664e-05
15.846864	0.000732564286769567	9.45600487337725e-06
14.127493	0.00073512802979732	1.23373754545552e-05
12.587309	0.000736845628507512	1.36679487034764e-05
11.216775	0.000738156325999547	1.25523542104824e-05
9.9968166	0.000741478268473978	1.45309542188391e-05
8.9082127	0.000742944226038156	1.64445843645733e-05
7.9395623	0.000742490985095557	1.53562310980555e-05
7.0765615	0.000745294848642839	1.8094031782889e-05
6.3105822	0.000747462794856052	1.52214213443959e-05
5.6245475	0.000751229096365313	1.6052544322841e-05
5.0112233	0.000749810981051373	1.78687510001513e-05
4.4642835	0.000752681324163327	1.50520878141188e-05
3.9819033	0.000752107443420416	1.57163317758614e-05
3.5479143	0.000754304533238866	1.73565214597905e-05
3.1629577	0.00075977526710052	1.80380807674389e-05
2.818361	0.000756695860608502	1.76067560309532e-05
2.5112481	0.00075694101356196	1.71621022679289e-05
2.2398233	0.000758936394649909	1.92404129483777e-05
1.9950197	0.000760830591792475	1.65699267685084e-05
1.7775893	0.000761371015934881	1.65036655505911e-05
1.5846864	0.00076227912374595	1.91493369102623e-05
1.4122353	0.000765027525332825	1.81023807363409e-05
1.2582541	0.000764213103065989	1.69797390736033e-05
1.1224822	0.000767885676606937	1.77431371288479e-05
1.0000616	0.000768728053602058	1.90778594788625e-05
0.89082122	0.000769089589417983	2.09077039418987e-05
0.79444051	0.000770931561931996	2.08571738231708e-05
0.70784986	0.000774335067874002	2.24112314253521e-05
0.63126236	0.00077304763242721	2.25958436630481e-05
0.562536	0.000775435073279117	2.4023141988878e-05
0.50118715	0.000774845779938478	2.34793040014795e-05
0.44642836	0.000778905105139644	2.42445471324932e-05
0.39821118	0.000777676586579936	2.48054739911448e-05
0.35475865	0.000777755443415008	2.69817093016553e-05
0.31619295	0.000781447241786325	2.68756936495126e-05
0.2819173	0.00078380802391438	2.82513656150015e-05
0.25117323	0.000784784568347624	2.96584080113163e-05
0.22391155	0.000786982276988225	3.01055497194681e-05
0.19957349	0.000789027647158042	3.19603689076077e-05
0.17779917	0.000788824958148339	3.3743991294475e-05
0.15846863	0.000791259631780101	3.50169096298085e-05
0.14123619	0.000793556944649757	3.6763560232108e-05
0.12590662	0.000798001264808012	3.71872426650125e-05
0.1122199	0.000798401193687991	3.95124935050857e-05
0.10002181	0.000801110468390301	4.18587119864673e-05
