10002.226	0.00117596155978565	-0.00945997529416647
8914.9326	0.00113342226124068	-0.00847090752156534
7943.9951	0.00109703678272697	-0.00757900068046439
7081.583	0.00106145194762458	-0.00678709297700484
6307.7358	0.00103186692197883	-0.00607253688990528
5622.5879	0.000997684142620567	-0.00543593788792693
5011.603	0.000968687149932424	-0.00486649159749841
4466.4292	0.000946582360656058	-0.00435753560548238
3981.2773	0.000919129234535569	-0.00390130994232462
3548.8679	0.000900637465230923	-0.00349604445374414
3163.0398	0.000880356958476126	-0.0031305933912597
2819.0986	0.00086091349443848	-0.00280169639308856
2512.4104	0.00084752483441178	-0.00250971220353861
2239.2869	0.000830631123263445	-0.00224936644292532
1995.6381	0.000819801059085845	-0.00201432849305166
1778.2897	0.000807128261687916	-0.00180528041346713
1584.4927	0.000792057290594663	-0.00161504402534541
1412.7418	0.000780957851723821	-0.00145136321343772
1258.7905	0.000772400972810087	-0.00130111907033823
1121.7966	0.000763660682397255	-0.00116756130763047
999.68164	0.000754731339256081	-0.00104588747855847
891.42474	0.000746073505535068	-0.000938466158325502
794.23932	0.00073957809694949	-0.00084229354917904
707.96161	0.000731066632359048	-0.000753042997906141
631.00977	0.000723550183508641	-0.000677670423999686
562.33929	0.000716774115478391	-0.000608109021470348
501.12231	0.000712984044771889	-0.000544350117381258
446.57214	0.000707679235856445	-0.000487219335161047
398.08899	0.000702664712065524	-0.000437242173124359
354.88681	0.000699309680946274	-0.000387502130607517
316.31589	0.000694478878898351	-0.000344339456707889
281.8942	0.000692327089574656	-0.000309545703744206
251.20601	0.000688472002547237	-0.000273276240406171
223.92496	0.000685964183230292	-0.000241379434702456
199.55338	0.000687217035582261	-0.00021181697555
177.78128	0.000685221340448318	-0.000185944311129916
158.52898	0.000683345153474141	-0.000161888112058637
141.21979	0.000682646550886088	-0.000140270856923673
125.92673	0.000684159329045711	-0.0001227479955209
112.19009	0.000686989618843814	-0.000105589282047348
99.968163	0.000689324241108769	-8.84580736481937e-05
89.115646	0.000690153063728929	-7.67591244451802e-05
79.415741	0.000693861785938693	-6.22451604162155e-05
70.793182	0.00069597666040079	-5.13298863901891e-05
63.082279	0.000698291576861074	-3.82784410993228e-05
56.241825	0.000702310283827192	-3.26644510825922e-05
50.112232	0.000703593542258153	-2.19847361463707e-05
44.671223	0.000707082699253915	-1.80919480012389e-05
39.808899	0.000711395748983094	-1.26056688062407e-05
35.488308	0.000713328954417193	-7.74849479434557e-06
31.629578	0.000716060418869942	-2.50622194644097e-06
28.187037	0.000719811898517963	-6.77645671372353e-07
25.120602	0.000722329373837012	3.115062405875e-06
22.385418	0.000724964831141322	6.07103966747008e-06
19.955338	0.000729563136259708	8.64615528221692e-06
17.775894	0.000732176781360466	1.17729374161751e-05
15.846864	0.00073375404352757	9.99260399071295e-06
14.127493	0.000736957331521671	1.22707233022334e-05
12.587309	0.000736892432321702	1.32018781332815e-05
11.216775	0.000739784079623857	1.43980819953275e-05
9.9968166	0.000740947596850072	1.40513266503673e-05
8.9082127	0.000742134171052924	1.52674290004816e-05
7.9395623	0.000742674518735943	1.52794937557218e-05
7.0765615	0.000748054988527437	1.79220464546179e-05
6.3105822	0.000748814245066147	1.67638521230646e-05
5.6245475	0.000750715702415934	1.54485414192242e-05
5.0112233	0.000751093921244895	1.71384152419219e-05
4.4642835	0.000754708627125461	1.53574051834163e-05
3.9819033	0.00075143537008951	1.72468613131154e-05
3.5479143	0.00075554925340541	1.69248472382618e-05
3.1629577	0.000757136095173776	1.85672530735734e-05
2.818361	0.000757176778750541	1.66846234668963e-05
2.5112481	0.000758671148059119	1.595173955893e-05
2.2398233	0.000758865162067365	1.70990487379375e-05
1.9950197	0.000759872245868381	1.83538588987028e-05
1.7775893	0.00076181401512419	1.54669058470721e-05
1.5846864	0.000763769889540917	1.84027471958706e-05
1.4122353	0.000763894490931077	1.79553913374851e-05
1.2582541	0.000763401226878635	2.04767127337064e-05
1.1224822	0.000765182341806438	1.89072199950569e-05
1.0000616	0.000768436054885423	1.99422359776368e-05
0.89082122	0.000767850944724574	2.03580506913767e-05
0.79444051	0.000771442470539971	2.12137085166733e-05
0.70784986	0.000769727710055232	2.03293505258073e-05
0.63126236	0.000773990306492755	2.04645234453702e-05
0.562536	0.000774933831294551	2.07174479681102e-05
0.50118715	0.000775650705054688	2.24066415477683e-05
0.44642836	0.000776504883123307	2.29394845693151e-05
0.39821118	0.00077889326629247	2.42292917784176e-05
0.35475865	0.000779574778143229	2.46098700103125e-05
0.31619295	0.000781127859867404	2.74849532924252e-05
0.2819173	0.000783035568358384	2.74125287766534e-05
0.25117323	0.000783857716938247	2.9663329082937e-05
0.22391155	0.000787768870506132	3.19650541907431e-05
0.19957349	0.000789035282926576	3.25462174986069e-05
0.17779917	0.000789606057135885	3.4407544257322e-05
0.15846863	0.000793237341370689	3.47966070176757e-05
0.14123619	0.000795218749489448	3.63074593364665e-05
0.12590662	0.000796947792666595	3.70927346787612e-05
0.1122199	0.000800772884978103	4.1457695854514e-05
0.10002181	0.000800746380219136	4.19825921333339e-05
