10002.226	0.00118778083785919	-0.00946214983761923
8914.9326	0.00114780534805398	-0.00846861548159099
7943.9951	0.00110701730953259	-0.00758046073509313
7081.583	0.00107398620320519	-0.00678778223369523
6307.7358	0.00104259418772274	-0.0060724367744782
5622.5879	0.00101022133367022	-0.00543720574212996
5011.603	0.00098190679253627	-0.00487004573204593
4466.4292	0.000957743610374755	-0.00435917915867282
3981.2773	0.000933349780101302	-0.00390307336176835
3548.8679	0.000910144800090277	-0.00349376872374572
3163.0398	0.000893656754332159	-0.00312944077874573
2819.0986	0.000872674754149682	-0.00280196985705892
2512.4104	0.00085793123326831	-0.00250897248409
2239.2869	0.000843452207138939	-0.00224852870333317
1995.6381	0.000831743722718732	-0.00201337177251634
1778.2897	0.000817985159606132	-0.00180458143619862
1584.4927	0.000805475056900481	-0.00161670551637128
1412.7418	0.000793006689507758	-0.00145146910047281
1258.7905	0.000786570334907472	-0.00129947886562984
1121.7966	0.000776446456266236	-0.00116783159492955
999.68164	0.000765425328834373	-0.00104402367165919
891.42474	0.000757950282533776	-0.000938580263601459
794.23932	0.000752602314109596	-0.000841964784850714
707.96161	0.000744407284905667	-0.000753710445575309
631.00977	0.000738105004068085	-0.000679280341121627
562.33929	0.000732631536032667	-0.000606316654103952
501.12231	0.000724788896169199	-0.000544511869658357
446.57214	0.000718694570375852	-0.000488184497620742
398.08899	0.000716450332826427	-0.000435374969830785
354.88681	0.000711950161099128	-0.000388153895446364
316.31589	0.000707795139399519	-0.000345546072781453
281.8942	0.000705567047924032	-0.000306751288529982
251.20601	0.000701075933062473	-0.000273901717317891
223.92496	0.000697061499198979	-0.000239531143227166
199.55338	0.00069673385159517	-0.000213691948396989
177.78128	0.000697763698848783	-0.000185236039943425
158.52898	0.000696564083448022	-0.000162389422271474
141.21979	0.000697435512044018	-0.000143002785176419
125.92673	0.000696219503855131	-0.000122374114451947
112.19009	0.000700874303337443	-0.000105477241477931
99.968163	0.000700927181373017	-8.84574236054069e-05
89.115646	0.000704484377430266	-7.53038711412164e-05
79.415741	0.000705161986677674	-6.38198948346954e-05
70.793182	0.000707263991834101	-5.07321418809538e-05
63.082279	0.000709421364825888	-4.18147774218134e-05
56.241825	0.00071328867995719	-3.16963371642921e-05
50.112232	0.00071681728488932	-2.17968783103179e-05
44.671223	0.000717193003711891	-1.64765060018474e-05
39.808899	0.0007233768202571	-1.45430823886915e-05
35.488308	0.000726541745009915	-7.36977791062405e-06
31.629578	0.000728536253287341	-2.41263275356131e-06
28.187037	0.000729780830140644	-1.19180556451622e-06
25.120602	0.000733357904343764	3.40425408205924e-06
22.385418	0.000737049099630316	6.09682187041335e-06
19.955338	0.000740000901424378	7.7375113988297e-06
17.775894	0.000743838648752123	1.09332169696118e-05
15.846864	0.000745169112786373	1.08432192895139e-05
14.127493	0.000748712450330495	1.38825286407025e-05
12.587309	0.000750314598482451	1.26760995137189e-05
11.216775	0.000753100264502839	1.25700362280683e-05
9.9968166	0.00075421096013943	1.21008171645519e-05
8.9082127	0.000754410838649584	1.5207305429219e-05
7.9395623	0.000755734951917885	1.72839311665605e-05
7.0765615	0.000758398407188659	1.83480994065085e-05
6.3105822	0.000759217512709234	1.55761991648349e-05
5.6245475	0.000761709977915587	1.59287074736571e-05
5.0112233	0.000763670304840201	1.6965654393041e-05
4.4642835	0.000766192111831704	1.71827150470262e-05
3.9819033	0.000766685445984889	1.61746600502946e-05
3.5479143	0.000766565879687945	1.9101623084147e-05
3.1629577	0.000769234441712577	1.81640826230676e-05
2.818361	0.000768959637165149	1.54607307939736e-05
2.5112481	0.000771636242926819	1.750045649636e-05
2.2398233	0.000770911842338255	1.66415873622741e-05
1.9950197	0.000771593556535545	1.86878258084111e-05
1.7775893	0.00077495773702196	1.66692633975205e-05
1.5846864	0.000775997232598048	1.82099713304103e-05
1.4122353	0.000773558756217067	1.74260606256831e-05
1.2582541	0.000779095003075871	1.99126086275634e-05
1.1224822	0.000779012090959188	2.09859444124727e-05
1.0000616	0.000778920935347818	1.95624174340633e-05
0.89082122	0.000781674072084875	2.03277261997854e-05
0.79444051	0.000783432533365931	2.013625226937e-05
0.70784986	0.000782568232952018	2.06931609702989e-05
0.63126236	0.000784637231294427	2.1178709467794e-05
0.562536	0.000786426333821606	2.21396887220063e-05
0.50118715	0.000785464099476993	2.28380547740435e-05
0.44642836	0.00078872071379565	2.31960253030406e-05
0.39821118	0.000793532074709518	2.62769952838177e-05
0.35475865	0.000792579773191085	2.63826763967532e-05
0.31619295	0.00079310715525516	2.736359573173e-05
0.2819173	0.00079626338607931	2.87332119226636e-05
0.25117323	0.000798235992718748	2.95675466844804e-05
0.22391155	0.000799583342781054	2.99222129212303e-05
0.19957349	0.00080238121540374	3.24950589879888e-05
0.17779917	0.000801272053416086	3.30369453637958e-05
0.15846863	0.000805370640146837	3.39638417120237e-05
0.14123619	0.000806938298072242	3.53193247839529e-05
0.12590662	0.000809828067753445	3.84765055099004e-05
0.1122199	0.000813161516022099	3.96482174035217e-05
0.10002181	0.000814642089924508	4.24473615409879e-05
