10002.226	0.00118713276102426	-0.00946245877241412
8914.9326	0.00114605276722889	-0.00846952590942067
7943.9951	0.00110856099460282	-0.00758109510006286
7081.583	0.00107345321798733	-0.0067856341842401
6307.7358	0.00104245304604695	-0.00607169001707401
5622.5879	0.00101237093585719	-0.0054356233096244
5011.603	0.000980537469082184	-0.00486891956211058
4466.4292	0.000958840820886265	-0.00435850285615238
3981.2773	0.000934474908059044	-0.00390449232707842
3548.8679	0.000910676519472449	-0.0034955358617639
3163.0398	0.000891565217431158	-0.0031318062689843
2819.0986	0.00087449396051736	-0.00280261637890284
2512.4104	0.000858474124215696	-0.00251094744711596
2239.2869	0.000841221946665966	-0.00224916487366247
1995.6381	0.000830268566053536	-0.00201410140987491
1778.2897	0.000819238159330392	-0.00180574403921663
1584.4927	0.000806465503386825	-0.00161757598560009
1412.7418	0.000792826399672877	-0.00145032094089269
1258.7905	0.000784477945349416	-0.00130086352076162
1121.7966	0.000775924680891737	-0.00116668013378945
999.68164	0.000767688895658583	-0.00104596548720537
891.42474	0.000758952546972169	-0.000938265144700697
794.23932	0.000751964512016144	-0.000844068570149965
707.96161	0.000745267205779272	-0.000752859787314457
631.00977	0.000738355824214681	-0.000679165428823128
562.33929	0.000729825170237647	-0.000607984919791788
501.12231	0.000724075870694758	-0.000544530192151197
446.57214	0.000721121158853361	-0.00048574301706638
398.08899	0.000716815995423042	-0.000435029156722852
354.88681	0.000711201387849468	-0.000386268207792789
316.31589	0.000708629121893436	-0.000343742009093555
281.8942	0.000703260222009666	-0.000306354653019858
251.20601	0.00070052864106839	-0.000272223098306316
223.92496	0.000699917296110011	-0.000239991750691128
199.55338	0.000699605472686217	-0.000212978396110074
177.78128	0.000698887598126869	-0.000184298808971303
158.52898	0.000698993838425712	-0.000161818753589862
141.21979	0.000697176094453657	-0.000140625712014966
125.92673	0.000696719275410158	-0.000120522916852336
112.19009	0.00070102351397581	-0.000105031278742608
99.968163	0.000700126857049299	-8.85022540307598e-05
89.115646	0.000703154005562484	-7.52840273538893e-05
79.415741	0.000705788051946665	-6.07377734058125e-05
70.793182	0.000708007903577521	-5.23064207837043e-05
63.082279	0.000711884229387289	-3.98518963630279e-05
56.241825	0.000714611407943461	-3.27422829281976e-05
50.112232	0.000715084441669183	-2.38689752171756e-05
44.671223	0.000719405258788566	-1.73245379629707e-05
39.808899	0.000723541980037446	-1.35511928481936e-05
35.488308	0.000725750252838544	-5.87620212606953e-06
31.629578	0.000728929179434439	-1.45224940482885e-06
28.187037	0.000731795733072782	-1.52498417847379e-06
25.120602	0.000733271333264694	4.27064313998445e-06
22.385418	0.000736306842818701	6.28014584233137e-06
19.955338	0.000741291438316674	7.67697523069819e-06
17.775894	0.000742686567613935	1.13648582236881e-05
15.846864	0.000745269562695055	1.10374466594001e-05
14.127493	0.000747141179519295	1.38814656505889e-05
12.587309	0.000748236361357638	1.16072675839374e-05
11.216775	0.000748942614041695	1.48592245020805e-05
9.9968166	0.000755110622408667	1.48503631594068e-05
8.9082127	0.000756395151271993	1.62862484406591e-05
7.9395623	0.000755450313228477	1.46169479754952e-05
7.0765615	0.000759959842992414	1.84418770576019e-05
6.3105822	0.00076150246127358	1.69526677769992e-05
5.6245475	0.000762324671456261	1.41855965445903e-05
5.0112233	0.000764901613690307	1.76874415293673e-05
4.4642835	0.000765978087393965	1.78195832213922e-05
3.9819033	0.000766539610664022	1.54573893639807e-05
3.5479143	0.000766701471250955	1.68688055026018e-05
3.1629577	0.00076846360433441	1.79398715227166e-05
2.818361	0.000769611603039405	1.78518209864029e-05
2.5112481	0.000771607707466804	1.53373154796988e-05
2.2398233	0.000771869764538265	1.57869936528725e-05
1.9950197	0.00077122374329902	1.66919517161904e-05
1.7775893	0.000774533536899351	1.77438383152339e-05
1.5846864	0.00077431649135603	1.70759235697336e-05
1.4122353	0.000776617720454271	1.85055603540086e-05
1.2582541	0.000776841877085367	1.96831982260762e-05
1.1224822	0.000779835887093129	1.93628353323698e-05
1.0000616	0.000780123109744899	1.84471793363976e-05
0.89082122	0.000781506668790331	1.90708487999671e-05
0.79444051	0.000781665470336782	2.18054251098807e-05
0.70784986	0.000782562900503318	2.1013320573998e-05
0.63126236	0.000786240598335845	2.25456018183097e-05
0.562536	0.000787852597395083	2.06172222979191e-05
0.50118715	0.000788522295042641	2.48144937022105e-05
0.44642836	0.00079030510465791	2.43919661294659e-05
0.39821118	0.000790764747870611	2.49476240523288e-05
0.35475865	0.000791899277857255	2.72590407366676e-05
0.31619295	0.000794713962415641	2.72287177824078e-05
0.2819173	0.000795318261520484	2.9020918677883e-05
0.25117323	0.000798848017989707	2.92385431294349e-05
0.22391155	0.00080088777089874	2.97438752361317e-05
0.19957349	0.000801858938101717	3.05220010802089e-05
0.17779917	0.000803508125610017	3.46347136765587e-05
0.15846863	0.000805796879268393	3.41390809255889e-05
0.14123619	0.000804740682957103	3.75053504860268e-05
0.12590662	0.000810371813517777	3.68291838341142e-05
0.1122199	0.000811901466790822	4.00362372670929e-05
0.10002181	0.000814674518930508	4.11827878304197e-05
