10002.226	0.00118576440605468	-0.00946378726626439
8914.9326	0.00114412905396336	-0.00847035482353614
7943.9951	0.00110826256059987	-0.00758127973728913
7081.583	0.00107384705548131	-0.00678736971996514
6307.7358	0.0010423096195528	-0.00607382936038623
5622.5879	0.00100892035108347	-0.00543703404142458
5011.603	0.000983105502446317	-0.00486799893592931
4466.4292	0.00095698716599217	-0.00435676803680581
3981.2773	0.000934014734397026	-0.0039005602957742
3548.8679	0.000911431487412661	-0.00349436085105244
3163.0398	0.000893382581500262	-0.0031312665272209
2819.0986	0.000877027383352739	-0.00280083235830586
2512.4104	0.000858348235585909	-0.00251036008377371
2239.2869	0.000844481755990346	-0.00224993121806943
1995.6381	0.000828844641794216	-0.00201491583320208
1778.2897	0.000817362166304254	-0.0018059207309171
1584.4927	0.000805066555591472	-0.00161782137954682
1412.7418	0.000794402949864228	-0.00144898866124052
1258.7905	0.000784428350032847	-0.00129906774344918
1121.7966	0.000775424767947816	-0.00116623091223387
999.68164	0.000768834181855212	-0.00104504690351957
891.42474	0.000756924439654362	-0.000937705244311175
794.23932	0.000752208599793739	-0.00084320444354595
707.96161	0.000744034520931958	-0.000753985524611632
631.00977	0.000736838944000828	-0.000678372053782728
562.33929	0.00073033683076921	-0.000606986272298274
501.12231	0.000727429754458435	-0.000542695304883625
446.57214	0.000719732097133157	-0.000485487363594135
398.08899	0.000713297009296435	-0.000435731532650068
354.88681	0.000711182130739858	-0.000387547780248266
316.31589	0.00070903419064882	-0.000345240030727957
281.8942	0.000704186173510653	-0.000309104305066828
251.20601	0.000700747729219438	-0.000274024548784086
223.92496	0.000699172988571584	-0.000240644787241708
199.55338	0.000700136577707027	-0.000213352529684378
177.78128	0.000698509351847499	-0.000184994795561592
158.52898	0.000698669333593152	-0.000161358197123211
141.21979	0.000696890124109574	-0.000141421023303565
125.92673	0.0006964684034811	-0.000123849509937698
112.19009	0.000701112431294227	-0.000106831656318187
99.968163	0.000702503742028044	-9.04668586188836e-05
89.115646	0.000702100251834749	-7.53367926637327e-05
79.415741	0.000706376216687264	-6.22110076289025e-05
70.793182	0.000708344936712221	-4.90623638770571e-05
63.082279	0.000709543749774328	-4.19662964964143e-05
56.241825	0.000714072352874587	-3.09638522626457e-05
50.112232	0.000715511975952769	-2.31010778460938e-05
44.671223	0.000719311587420473	-1.74801084069857e-05
39.808899	0.000723079031489483	-1.44334249659995e-05
35.488308	0.000725623542020896	-6.33423523690859e-06
31.629578	0.000730825816645157	-2.31382933294593e-06
28.187037	0.000729760807306046	1.2662093601104e-06
25.120602	0.000734628436565554	4.44030191618812e-06
22.385418	0.000737631128310077	4.61523144754994e-06
19.955338	0.000739450840397651	7.96661777831858e-06
17.775894	0.000740712776685698	1.19178899877755e-05
15.846864	0.000744655092387378	9.58944473911168e-06
14.127493	0.00074887579318664	1.23056610954735e-05
12.587309	0.000751381847303144	1.18467175711405e-05
11.216775	0.000749935967373506	1.4387171072069e-05
9.9968166	0.00075391469317361	1.43503544482008e-05
8.9082127	0.000756035372647022	1.66491192429486e-05
7.9395623	0.000756778801452693	1.66435975102643e-05
7.0765615	0.000759071032627253	1.93300377436419e-05
6.3105822	0.000760260567576313	1.64510444354529e-05
5.6245475	0.000761747596171227	1.46174133917318e-05
5.0112233	0.000765292411219327	1.54740748451359e-05
4.4642835	0.000765757481370508	1.51602978811482e-05
3.9819033	0.000766609406421902	1.60388640130416e-05
3.5479143	0.000768352060263589	1.57980421971649e-05
3.1629577	0.000770529124792678	1.8252176076819e-05
2.818361	0.000770047026993566	1.56088745934893e-05
2.5112481	0.000771458828235958	1.62630641614189e-05
2.2398233	0.000769966682778392	1.52663352179563e-05
1.9950197	0.000771748826357665	1.67506939661961e-05
1.7775893	0.000773066215281734	1.69365101735036e-05
1.5846864	0.000777445802297219	1.83022029386658e-05
1.4122353	0.000776363351630371	1.97733936597261e-05
1.2582541	0.000777936032912512	1.89825825558971e-05
1.1224822	0.000776594933985586	1.84605398219704e-05
1.0000616	0.000780051392404915	1.87436602392769e-05
0.89082122	0.000780942668840676	1.85614014839069e-05
0.79444051	0.000783537720837371	1.97768780157607e-05
0.70784986	0.000785287996191304	2.27727082962963e-05
0.63126236	0.000786480528909277	2.41574536635195e-05
0.562536	0.000786444229159045	2.09597014748069e-05
0.50118715	0.000785690395158495	2.03473616396457e-05
0.44642836	0.000790382337939049	2.26231716025728e-05
0.39821118	0.000790822706722446	2.5371140022631e-05
0.35475865	0.00079224237808459	2.73301954882569e-05
0.31619295	0.000795180635114817	2.81858289847547e-05
0.2819173	0.000795905342205096	2.88675183540009e-05
0.25117323	0.000796155735993063	2.86893041228244e-05
0.22391155	0.00079927319198154	3.0252737745536e-05
0.19957349	0.00080226772497669	3.22375331601317e-05
0.17779917	0.000802931963129605	3.33025376906581e-05
0.15846863	0.000805843196532737	3.57411556251012e-05
0.14123619	0.000808899902903889	3.57641045415743e-05
0.12590662	0.000810097058092425	3.86451093470396e-05
0.1122199	0.000811925209172149	4.0698784157253e-05
0.10002181	0.000813284844864492	4.21169933525023e-05
