10002.226	0.00118486819102723	-0.00946016925960029
8914.9326	0.00114568400692762	-0.00846888672038515
7943.9951	0.001107985014071	-0.00758147472458233
7081.583	0.00107501957158518	-0.00678494005558803
6307.7358	0.00104310364028184	-0.00607393856522574
5622.5879	0.00101069927888243	-0.00543753090889959
5011.603	0.000982253864134113	-0.00486800842432331
4466.4292	0.000958511668879757	-0.00435860711349405
3981.2773	0.000931818742820014	-0.00390389797481982
3548.8679	0.000909911769135403	-0.00349332621854845
3163.0398	0.000891454576692521	-0.0031279968612217
2819.0986	0.000876294701505647	-0.00280386338813784
2512.4104	0.000859222778789871	-0.0025095694026377
2239.2869	0.000843290664373377	-0.00224855774622631
1995.6381	0.000830488811557424	-0.00201309428084855
1778.2897	0.000817871907558319	-0.00180459540663713
1584.4927	0.000805216329657906	-0.00161795470019695
1412.7418	0.000794432667707494	-0.00145004809694298
1258.7905	0.000786039678673749	-0.00130091281694184
1121.7966	0.000775023376515184	-0.00116646802276637
999.68164	0.000767749656984304	-0.0010446450584949
891.42474	0.000757340456092603	-0.000937976789216829
794.23932	0.000753432849933671	-0.000844082513955891
707.96161	0.00074494516210327	-0.000752733197419558
631.00977	0.000737348700534431	-0.000676979880386816
562.33929	0.000731563719125055	-0.000605555235921278
501.12231	0.000726764669415413	-0.000544135441383604
446.57214	0.000718412399282944	-0.000485529171663383
398.08899	0.000714182395457482	-0.000434431847591034
354.88681	0.000711108372751044	-0.000386678499209117
316.31589	0.000708964089770208	-0.00034543907208599
281.8942	0.000703673466387026	-0.000306278795945206
251.20601	0.000700589056877967	-0.000271762334422783
223.92496	0.000699651483858564	-0.00023961374608253
199.55338	0.000697051206569119	-0.000213359958575185
177.78128	0.000697255189440444	-0.000184631521425578
158.52898	0.000697077689840515	-0.000162860720362893
141.21979	0.000697159361270685	-0.000141328699349279
125.92673	0.000698421713799209	-0.000123027189929805
112.19009	0.000701685590658391	-0.000105399533723498
99.968163	0.000701764292417987	-8.96305193698147e-05
89.115646	0.00070438146120673	-7.50905978564439e-05
79.415741	0.000705305985172674	-6.42757654136976e-05
70.793182	0.000705932759040865	-5.08551247239596e-05
63.082279	0.000709839510567445	-4.01880115559672e-05
56.241825	0.000714852522265923	-3.20494880533893e-05
50.112232	0.000714985676443108	-2.22029204175558e-05
44.671223	0.000719177372970977	-1.71658095575918e-05
39.808899	0.000722381171225285	-1.09726444916798e-05
35.488308	0.000725174017449871	-6.84242141237952e-06
31.629578	0.000729124463532669	-2.27982398149997e-06
28.187037	0.000730969623901765	1.46476817988702e-06
25.120602	0.000732222181821711	4.92524862385283e-06
22.385418	0.000737237331352619	7.19586389512887e-06
19.955338	0.000740075962979577	7.99105267773366e-06
17.775894	0.000742799277377709	1.15513071937054e-05
15.846864	0.000745771936624145	1.14415788108038e-05
14.127493	0.000748860295396421	1.17848702735627e-05
12.587309	0.000749979307539645	1.23479342760273e-05
11.216775	0.000752606119343077	1.44002652992642e-05
9.9968166	0.000754683779695835	1.29704538366627e-05
8.9082127	0.000753479339138723	1.5078302013997e-05
7.9395623	0.000755261525487815	1.60832831926901e-05
7.0765615	0.000759325766015701	1.88394974648538e-05
6.3105822	0.000761673665212596	1.7542376626536e-05
5.6245475	0.000760766084722403	1.67528744091774e-05
5.0112233	0.000764416954522506	1.67149694800325e-05
4.4642835	0.00076716166347963	1.66396707799762e-05
3.9819033	0.000767325401940478	1.51174555776251e-05
3.5479143	0.000767658110427369	1.71165815930606e-05
3.1629577	0.000768795700643201	1.95706334641802e-05
2.818361	0.000770086449532836	1.63943604763493e-05
2.5112481	0.000770136134269429	1.78647615366231e-05
2.2398233	0.000771183833909817	1.75394791442204e-05
1.9950197	0.000772109232625189	1.61248063330482e-05
1.7775893	0.000775003985777096	1.60313689920986e-05
1.5846864	0.000777149900954788	1.87543079858896e-05
1.4122353	0.000777371376234321	1.82490339839795e-05
1.2582541	0.0007793858563119	1.96817491828957e-05
1.1224822	0.00077878252722221	1.74203601116326e-05
1.0000616	0.000778208341669517	1.95189470019082e-05
0.89082122	0.000779903762960634	2.24435736894452e-05
0.79444051	0.000783044234182562	1.98878370415635e-05
0.70784986	0.000784168592674267	2.02144512966649e-05
0.63126236	0.000783959211287831	1.98134558005686e-05
0.562536	0.000787681219716287	2.17731387657696e-05
0.50118715	0.000787739015388104	2.40562447810958e-05
0.44642836	0.000790244369381007	2.51126288145721e-05
0.39821118	0.000792002814599547	2.48771073991444e-05
0.35475865	0.000792394350819261	2.53596310642686e-05
0.31619295	0.000792754568056036	2.73646614598567e-05
0.2819173	0.000795953983228069	2.82136847988367e-05
0.25117323	0.000797094442237208	2.83965587535843e-05
0.22391155	0.000799170408019169	2.96850977409239e-05
0.19957349	0.000801435739158904	3.19270831167784e-05
0.17779917	0.000803853372052741	3.37213465027547e-05
0.15846863	0.000806384667894516	3.40668978088399e-05
0.14123619	0.000805680307020743	3.63594072627443e-05
0.12590662	0.00080853874113972	3.66189221563556e-05
0.1122199	0.000812317801727098	3.9961567434362e-05
0.10002181	0.000814228161788913	4.32706359295057e-05
