10002.226	0.00118815782254468	-0.00946216217884908
8914.9326	0.00114736776966912	-0.00846889513080496
7943.9951	0.00110605972368313	-0.00758045026527154
7081.583	0.0010743611993568	-0.00678485791779621
6307.7358	0.00104207951499606	-0.00607400604614436
5622.5879	0.0010116213662094	-0.0054388347135613
5011.603	0.000981479918899463	-0.00486939892132315
4466.4292	0.000957367194054151	-0.00435805710290429
3981.2773	0.000933740708296449	-0.00390277352715717
3548.8679	0.000911662871863041	-0.00349486409188561
3163.0398	0.000892598055052316	-0.00313085015201239
2819.0986	0.000875546973518345	-0.00280262055084758
2512.4104	0.000859864222309728	-0.0025117968112163
2239.2869	0.000842806253490264	-0.00225019562210462
1995.6381	0.000832689301821472	-0.0020158959277506
1778.2897	0.000818461648013668	-0.00180502468449315
1584.4927	0.000806136168090057	-0.00161603576566216
1412.7418	0.000795011735499259	-0.00144861301461774
1258.7905	0.00078282884411096	-0.0013015354827028
1121.7966	0.000776177056638324	-0.00116713443744777
999.68164	0.000767490017618791	-0.00104513198008745
891.42474	0.000759210408174449	-0.000938783690683728
794.23932	0.000751445491530502	-0.000845386188340612
707.96161	0.000745153137421616	-0.00075426036697255
631.00977	0.000736241642043697	-0.000677444945579364
562.33929	0.000729721961568046	-0.00060717654209563
501.12231	0.000724961322431227	-0.000542873078529312
446.57214	0.000721317951518965	-0.000485218132629451
398.08899	0.000717198033618711	-0.000435861691369225
354.88681	0.000710157650036903	-0.000388896531774957
316.31589	0.000708408012341604	-0.000346292027657278
281.8942	0.000704450370877956	-0.000309784520726809
251.20601	0.000701380681285753	-0.000272862206491502
223.92496	0.000698633967330553	-0.00024086913923736
199.55338	0.000698702132954364	-0.000212549302010554
177.78128	0.000698264351091067	-0.000185492586568556
158.52898	0.000697393493678732	-0.000163489905819758
141.21979	0.000695665885592819	-0.000143340601266714
125.92673	0.000698672328457577	-0.000121624570495267
112.19009	0.000700976539618988	-0.000106552939956352
99.968163	0.000700762825923597	-8.72290164903374e-05
89.115646	0.000703834624383698	-7.54500650039418e-05
79.415741	0.000705050765638347	-6.30948186349581e-05
70.793182	0.000705525031124161	-5.21878119668179e-05
63.082279	0.000711399155854705	-4.06118302865374e-05
56.241825	0.000713446485488746	-3.14965564159599e-05
50.112232	0.000716950050132114	-2.23586911695201e-05
44.671223	0.000719260909853961	-1.96695417755759e-05
39.808899	0.000723537189123624	-1.25346836505336e-05
35.488308	0.000727607371373498	-5.90382102263343e-06
31.629578	0.000729784076109488	-2.22903088147084e-06
28.187037	0.000730432051965803	1.07230242921562e-06
25.120602	0.000734765761300873	4.21334511249245e-06
22.385418	0.000737201232405572	5.73231561240457e-06
19.955338	0.000739896115069184	8.48991557309723e-06
17.775894	0.000742826378256163	1.23390128807696e-05
15.846864	0.000746304745084436	1.29714153072914e-05
14.127493	0.000748988524998782	1.20951839070658e-05
12.587309	0.00075221392138643	1.22030250383058e-05
11.216775	0.000751903177547963	1.44168902542264e-05
9.9968166	0.000753171837551706	1.25887134937519e-05
8.9082127	0.000756662341987018	1.69761487238976e-05
7.9395623	0.000756871757042971	1.55843533750898e-05
7.0765615	0.000757941314244536	1.79445767045976e-05
6.3105822	0.000761222057866464	1.66161284255018e-05
5.6245475	0.000761641661427095	1.48595369258836e-05
5.0112233	0.000764038769211185	1.61558162273698e-05
4.4642835	0.00076391287979794	1.48939221808414e-05
3.9819033	0.000764940721077909	1.75101925343523e-05
3.5479143	0.000768378307439871	1.85901933765185e-05
3.1629577	0.000769215248771216	1.67484587565835e-05
2.818361	0.000769623899583876	1.51605739125453e-05
2.5112481	0.000772506084624226	1.77090288109961e-05
2.2398233	0.00077181243981335	1.69112535486269e-05
1.9950197	0.000770408834971244	1.6566414997568e-05
1.7775893	0.000772997628506182	1.7898303472778e-05
1.5846864	0.000776598443973372	1.71991456895602e-05
1.4122353	0.000777067814165358	1.81945316871668e-05
1.2582541	0.000776865100807202	1.9937987531414e-05
1.1224822	0.00077681081913013	1.8925088824282e-05
1.0000616	0.000779897258262442	1.97843988823372e-05
0.89082122	0.000781286226910024	2.0495621497657e-05
0.79444051	0.000781319109258518	2.04434645915758e-05
0.70784986	0.00078278442961637	1.89487073778405e-05
0.63126236	0.000787762963211415	2.31397642843191e-05
0.562536	0.000786287678505902	2.26005565914769e-05
0.50118715	0.000786591571378054	2.27618708706803e-05
0.44642836	0.000788489309838464	2.54804835478154e-05
0.39821118	0.00079078274372571	2.63517794848752e-05
0.35475865	0.000792919829769961	2.52491814023127e-05
0.31619295	0.000795108055965666	2.90642023955549e-05
0.2819173	0.000795997810993751	3.00977146131741e-05
0.25117323	0.000797015438876118	2.92104798222477e-05
0.22391155	0.000800429712212418	3.15347796040972e-05
0.19957349	0.000800528494983342	3.1465295754543e-05
0.17779917	0.000802340779867905	3.38772201825576e-05
0.15846863	0.000804339315268224	3.42569211932428e-05
0.14123619	0.000807066294496907	3.91968738794757e-05
0.12590662	0.000809956619707495	3.82616181005222e-05
0.1122199	0.00081023046206494	3.95540925839232e-05
0.10002181	0.000813540497419036	4.23563746251563e-05
