10002.226	0.00119778172829804	-0.00948512901397325
8914.9326	0.00115635201169544	-0.00849170084468454
7943.9951	0.00111987237674657	-0.00760016856747013
7081.583	0.00108545067033858	-0.0068047096760944
6307.7358	0.0010517142540916	-0.00608986324069774
5622.5879	0.00102246236499818	-0.00545048563640533
5011.603	0.000995113104859204	-0.00488139585394085
4466.4292	0.000968196024591423	-0.00436904466334785
3981.2773	0.000943943620736514	-0.00391214424335994
3548.8679	0.000920903419880782	-0.00350269554509547
3163.0398	0.000903296516864862	-0.00313841462633126
2819.0986	0.000886311632132387	-0.00280656210770135
2512.4104	0.000870744917266237	-0.00251557946009625
2239.2869	0.000853455532638856	-0.00225560602589081
1995.6381	0.000842456360843393	-0.00201946836801019
1778.2897	0.000828625434973187	-0.00181029973205757
1584.4927	0.000815560626738795	-0.00162115953405946
1412.7418	0.000803684982901708	-0.00145362918707649
1258.7905	0.000797498927360394	-0.00130407642762978
1121.7966	0.000786150806636751	-0.00117020411729138
999.68164	0.000779097992794981	-0.0010474486039883
891.42474	0.000768189966288171	-0.000940045310051818
794.23932	0.000764981423032946	-0.000843449656315679
707.96161	0.000754974314083151	-0.00075473348884438
631.00977	0.000747645525636511	-0.00067962323581757
562.33929	0.000743333175869215	-0.000609001615178695
501.12231	0.000736528620769149	-0.000545416291109784
446.57214	0.000731690973862018	-0.000487846038718579
398.08899	0.000725261850615548	-0.000436117750037849
354.88681	0.000721950303604115	-0.000387868626348729
316.31589	0.00071793708806992	-0.000347804093219936
281.8942	0.000713395707142422	-0.00030875138951034
251.20601	0.000711682863159718	-0.000271941366230501
223.92496	0.000710374729152113	-0.000240300516287432
199.55338	0.00070819759949294	-0.000212920718320184
177.78128	0.000708542078499703	-0.000186963344018036
158.52898	0.000707723773416874	-0.000163400528084923
141.21979	0.000708648798432619	-0.000143707398378925
125.92673	0.000709649056007571	-0.000122908074307271
112.19009	0.000710942367270524	-0.000105305456882606
99.968163	0.000713134881821796	-8.72244965980841e-05
89.115646	0.000714683730464156	-7.45803448233452e-05
79.415741	0.000714983882931932	-6.42134462402034e-05
70.793182	0.000718289592394317	-4.94091230458925e-05
63.082279	0.000719623700047597	-4.00141009438009e-05
56.241825	0.000726058989701286	-3.04180495075331e-05
50.112232	0.000727427578500262	-2.41038962646934e-05
44.671223	0.000730886810663849	-1.95572373208738e-05
39.808899	0.000735385136851215	-1.16842244156067e-05
35.488308	0.000737975102136907	-6.91657693575849e-06
31.629578	0.000738973671062894	-2.59254800515697e-06
28.187037	0.000742090919658119	-5.94988427025194e-07
25.120602	0.000745756707911588	4.7694530025368e-06
22.385418	0.000748011792037832	7.07563683377601e-06
19.955338	0.000750447664385824	7.57634420145902e-06
17.775894	0.000754905075806673	1.21280348390453e-05
15.846864	0.000756376032270269	9.50216859055861e-06
14.127493	0.000760371210035756	1.36019381741662e-05
12.587309	0.000760443913494113	1.2149273449121e-05
11.216775	0.000763142027410986	1.44200913715326e-05
9.9968166	0.00076429593250569	1.35034281261128e-05
8.9082127	0.000765662289807183	1.40775761287888e-05
7.9395623	0.0007668727618657	1.59250764861284e-05
7.0765615	0.0007703773756928	1.80503644474983e-05
6.3105822	0.00077243905272211	1.82230580334081e-05
5.6245475	0.000772163199855706	1.52928436318057e-05
5.0112233	0.000773876741822109	1.9279010491876e-05
4.4642835	0.000775553054467809	1.68708858359832e-05
3.9819033	0.00077711998915859	1.86452260066673e-05
3.5479143	0.000777293419652213	1.61788210918157e-05
3.1629577	0.000778852220945259	1.73031635133913e-05
2.818361	0.00078114778405356	1.67407729509458e-05
2.5112481	0.00078306489633452	1.691613151725e-05
2.2398233	0.000782843522293066	1.67690062300381e-05
1.9950197	0.000784450707018372	1.62112624189586e-05
1.7775893	0.000786358965623564	1.77377839641369e-05
1.5846864	0.000786320587648747	1.7977594444434e-05
1.4122353	0.000788333149559302	1.85201468600328e-05
1.2582541	0.000788272331384885	1.85107476568735e-05
1.1224822	0.000789792977060996	1.88348141698166e-05
1.0000616	0.000789797609579064	2.21564689908679e-05
0.89082122	0.000791937461911036	1.96882267492317e-05
0.79444051	0.000794784349145444	1.83184190477546e-05
0.70784986	0.000796892964281911	2.13650947055592e-05
0.63126236	0.000795238017508606	2.07971043092182e-05
0.562536	0.000797311913383464	2.32255959339139e-05
0.50118715	0.00079758307600033	2.46763547824532e-05
0.44642836	0.000799569662038471	2.61317780168857e-05
0.39821118	0.000803350261610204	2.45943854518699e-05
0.35475865	0.000802741611665903	2.73566320641251e-05
0.31619295	0.000804147253620666	3.00625704157162e-05
0.2819173	0.00080707608183108	2.7974705487654e-05
0.25117323	0.000809674838318897	2.86278989740447e-05
0.22391155	0.000810729322652867	3.17330827385382e-05
0.19957349	0.00081209659277226	3.16663505420407e-05
0.17779917	0.000814287054275516	3.30415255169649e-05
0.15846863	0.000815767359389038	3.50921167298517e-05
0.14123619	0.000818467500654974	3.59921592490334e-05
0.12590662	0.000819699052069661	3.83447776713142e-05
0.1122199	0.000821505717669007	4.02844050087151e-05
0.10002181	0.000824981458914986	4.01489383713693e-05
