10002.226	0.00119662041799826	-0.00948430633555504
8914.9326	0.0011545823218046	-0.00849107203240647
7943.9951	0.00112021741987417	-0.0075995146321846
7081.583	0.00108348354834848	-0.00680392626756628
6307.7358	0.00105265386263554	-0.00608841120937376
5622.5879	0.00102216764875993	-0.00544967213236427
5011.603	0.000993284896589484	-0.00488115701550923
4466.4292	0.000969673082284282	-0.00436948589807391
3981.2773	0.000943928275912494	-0.00391140692889661
3548.8679	0.000923430446377091	-0.00350307011415504
3163.0398	0.000903580153676387	-0.00313841977828883
2819.0986	0.000886208681712642	-0.00280923556152221
2512.4104	0.000870388670895998	-0.00251565414901715
2239.2869	0.000854652228302618	-0.0022535281744904
1995.6381	0.000842816286692756	-0.00201991528043569
1778.2897	0.000829025001556964	-0.00181092480145021
1584.4927	0.000816287231535036	-0.00162216228684283
1412.7418	0.000804031238427535	-0.00145363360117037
1258.7905	0.000795159088833719	-0.00130370605506348
1121.7966	0.000786521838704638	-0.00116886686366807
999.68164	0.000779877793049862	-0.00104686811868462
891.42474	0.000771100746552782	-0.000941154899192364
794.23932	0.000762713549819154	-0.000845245633344169
707.96161	0.00075423645632321	-0.000755699897280173
631.00977	0.000747984749927218	-0.000680762766920451
562.33929	0.000739496611341899	-0.000606589244305079
501.12231	0.00073494577982991	-0.000547588696144184
446.57214	0.000731332211538093	-0.000484764445641638
398.08899	0.000725841265319199	-0.000438043674595659
354.88681	0.000720642021398784	-0.000390960984788163
316.31589	0.000719506155551146	-0.000346695516811763
281.8942	0.000714326726605313	-0.000308655447092913
251.20601	0.000709687933238655	-0.000275695256195897
223.92496	0.000710642496250914	-0.000240990765532383
199.55338	0.000708967818616968	-0.000214617020230909
177.78128	0.000707449185235242	-0.000187308363360822
158.52898	0.000708791957442969	-0.000162686097452771
141.21979	0.000706414911416996	-0.000141870096972642
125.92673	0.000707862086802448	-0.00012364064573971
112.19009	0.000711562913301419	-0.00010666878394686
99.968163	0.000713478477134274	-8.85754820791468e-05
89.115646	0.000715171898715188	-7.49933132102867e-05
79.415741	0.000717199513235714	-6.29311964853329e-05
70.793182	0.000719087553234781	-5.06128112163143e-05
63.082279	0.000722152715038247	-3.95000592014973e-05
56.241825	0.000724653255090416	-3.12973156598102e-05
50.112232	0.000727757196213727	-2.29855115305938e-05
44.671223	0.000731533008187025	-1.75366595345967e-05
39.808899	0.000732120292772299	-1.38288922344743e-05
35.488308	0.000734761706299955	-6.86105867945949e-06
31.629578	0.000739866996518088	-1.91225334770093e-06
28.187037	0.000741913020246404	-1.41275863834987e-07
25.120602	0.000744171150940338	3.42852444364147e-06
22.385418	0.000748027073246906	5.34049856815866e-06
19.955338	0.000750786300412253	7.79794868844329e-06
17.775894	0.000754936104357554	1.1599059796105e-05
15.846864	0.000756752148334827	8.63942828721575e-06
14.127493	0.000758842898214088	1.45516499554802e-05
12.587309	0.000760726211430386	1.24150460515394e-05
11.216775	0.000763170675245918	1.36865649509952e-05
9.9968166	0.000763393406869794	1.37527157701863e-05
8.9082127	0.000767007947104468	1.40343053331712e-05
7.9395623	0.000767599541218233	1.50894927660502e-05
7.0765615	0.000770526182086996	1.74100248675783e-05
6.3105822	0.000772919243483813	1.63639603017528e-05
5.6245475	0.000772731112874139	1.50893990137285e-05
5.0112233	0.00077390839866525	1.70776127899188e-05
4.4642835	0.000775113409053603	1.63487293113752e-05
3.9819033	0.000777475851006703	1.5707123987427e-05
3.5479143	0.000778257148001637	1.81527037649082e-05
3.1629577	0.000779492567126025	1.7974199382715e-05
2.818361	0.00078136717681687	1.69944626546298e-05
2.5112481	0.000781988970162699	1.90055663935873e-05
2.2398233	0.000782530517038426	1.53693267425025e-05
1.9950197	0.000783857856004787	1.80138639034274e-05
1.7775893	0.000785529323630692	1.65678727558949e-05
1.5846864	0.000786700881169097	1.73081301276403e-05
1.4122353	0.000785450753784627	1.72866157156647e-05
1.2582541	0.000790549573086345	1.82319092979674e-05
1.1224822	0.000789887900654324	1.94148734750159e-05
1.0000616	0.000789453997581177	2.10480227434662e-05
0.89082122	0.000793044909183626	2.09544487273889e-05
0.79444051	0.000789903823161324	2.27468957662901e-05
0.70784986	0.000793970608387814	2.13374695310577e-05
0.63126236	0.000795506914603819	2.04968181973408e-05
0.562536	0.000796004292343719	2.34867738817163e-05
0.50118715	0.000799517685098096	2.44535551492682e-05
0.44642836	0.000802492683516505	2.17450086620453e-05
0.39821118	0.000800896729294694	2.58152055437229e-05
0.35475865	0.000803747334088246	2.5649675338529e-05
0.31619295	0.000804149939050128	2.70160452627941e-05
0.2819173	0.000808110347164683	2.85843771525727e-05
0.25117323	0.000807387639540833	2.82264506154881e-05
0.22391155	0.00081063073350716	3.04980064412695e-05
0.19957349	0.00081274855000925	3.39083720678028e-05
0.17779917	0.000815525676486949	3.28158774715408e-05
0.15846863	0.00081514215645997	3.46093136272604e-05
0.14123619	0.000816859801222185	3.74769104187817e-05
0.12590662	0.000822151650611232	3.75647493682165e-05
0.1122199	0.00082217083604054	3.97405403860836e-05
0.10002181	0.000822850310949731	4.20332002608417e-05
