10002.226	0.0011854377248365	-0.00945593368311046
8914.9326	0.00114235437742092	-0.00846412032453528
7943.9951	0.001106262187338	-0.00757796669812213
7081.583	0.00107191692687739	-0.0067842916617324
6307.7358	0.0010409943468446	-0.00606990781219793
5622.5879	0.00100885472643217	-0.00543806925120145
5011.603	0.000979225179309863	-0.00486521748671487
4466.4292	0.000955966319772896	-0.00435657456283811
3981.2773	0.000932034041712583	-0.00390112283628683
3548.8679	0.000908246440869903	-0.00349373888109137
3163.0398	0.000890822893858853	-0.00312725619982382
2819.0986	0.000872265749834703	-0.00280132165573278
2512.4104	0.000856717492293042	-0.00251098201652039
2239.2869	0.000841768100936694	-0.00224679438171475
1995.6381	0.000829521949305544	-0.00201339935017905
1778.2897	0.000815342721355602	-0.00180410771199745
1584.4927	0.000804161312205143	-0.00161526431321937
1412.7418	0.000789597602829446	-0.00144959779112671
1258.7905	0.00078280007617451	-0.0013001202292993
1121.7966	0.000774387340589389	-0.0011652407739176
999.68164	0.000764586235496561	-0.00104456914877927
891.42474	0.000756936614229391	-0.000938587031100921
794.23932	0.000751833915182809	-0.000843001815952121
707.96161	0.000742173550827092	-0.000756063805584743
631.00977	0.00073585835137067	-0.000677429523505961
562.33929	0.000729043035617028	-0.000605850818737796
501.12231	0.000722665155346271	-0.000543681164476738
446.57214	0.000718469253541345	-0.000486850814971344
398.08899	0.000712000563162712	-0.000434848531063376
354.88681	0.000708541444058405	-0.000388466312610013
316.31589	0.000707020999925306	-0.000344041628453535
281.8942	0.000700777768003506	-0.000308596372460841
251.20601	0.000695896411339139	-0.00027221883520706
223.92496	0.000698904043884346	-0.000242250312047339
199.55338	0.000696207649893091	-0.000213410597446939
177.78128	0.000695104026719873	-0.000185718718593959
158.52898	0.000696713878033322	-0.000163360871215874
141.21979	0.000695781158925786	-0.000141373451512881
125.92673	0.000695538965719093	-0.000123315966113447
112.19009	0.000697603651556336	-0.000107029235422936
99.968163	0.000700769123377941	-8.96214893979613e-05
89.115646	0.000702108540822542	-7.5520557102937e-05
79.415741	0.00070220627063638	-6.31539150985511e-05
70.793182	0.00070452212930827	-5.20828923676039e-05
63.082279	0.000707864495855009	-4.29130244686341e-05
56.241825	0.000714187082059826	-3.08343575476185e-05
50.112232	0.000713822242863397	-2.32898377026158e-05
44.671223	0.000716226007123285	-1.75556273724873e-05
39.808899	0.000721738463495496	-1.20461095289348e-05
35.488308	0.000722460033564938	-7.84373585799388e-06
31.629578	0.000725614917338486	-2.42192702529074e-06
28.187037	0.000729643810788721	-1.45740215690351e-07
25.120602	0.000730658961560916	5.48939318165044e-06
22.385418	0.000733746809358544	6.9549418402779e-06
19.955338	0.000736736184587397	8.33125916225471e-06
17.775894	0.000738760502922006	9.47864939656707e-06
15.846864	0.000744789111379589	1.00759577848275e-05
14.127493	0.000745336186071248	1.37172219577537e-05
12.587309	0.000748975296883962	1.45187565128785e-05
11.216775	0.000750800962287586	1.44319703159609e-05
9.9968166	0.00075169152986526	1.54215158323986e-05
8.9082127	0.000754403124400297	1.60306020705575e-05
7.9395623	0.000752772917055799	1.4108669866918e-05
7.0765615	0.000758079148480002	1.53831121943502e-05
6.3105822	0.000759169642361327	1.58648257408698e-05
5.6245475	0.00075986713589049	1.39365041188346e-05
5.0112233	0.000762841962998093	1.74334114657468e-05
4.4642835	0.000761379756474149	1.61676041755979e-05
3.9819033	0.000765550771859552	1.59950931433262e-05
3.5479143	0.000764255642873593	1.65622733460451e-05
3.1629577	0.000767070405365662	1.79392546156318e-05
2.818361	0.000767163801648377	1.7956918245933e-05
2.5112481	0.000769715136551672	1.60870288891009e-05
2.2398233	0.000767309886332273	1.8152330507584e-05
1.9950197	0.000769238086710193	1.89787115775218e-05
1.7775893	0.000772456719962726	1.78661767582075e-05
1.5846864	0.000773721586429994	1.75854861578435e-05
1.4122353	0.000773638965060903	1.838765825856e-05
1.2582541	0.000774075762651403	1.88603199715078e-05
1.1224822	0.000775680037675668	1.83006411219569e-05
1.0000616	0.000777532812161413	1.92906584210589e-05
0.89082122	0.000780025408839466	2.0046071669808e-05
0.79444051	0.000780013917946833	1.88016362258406e-05
0.70784986	0.000781420196969865	2.08247677889595e-05
0.63126236	0.000782556631722221	2.26743972423452e-05
0.562536	0.000784661299741382	2.33898573324478e-05
0.50118715	0.000784545735251117	2.23528405579083e-05
0.44642836	0.000787805073338433	2.46227240913711e-05
0.39821118	0.000788567565126654	2.66946079038069e-05
0.35475865	0.000792238598893545	2.74036058924594e-05
0.31619295	0.000791718106305719	2.59145619772731e-05
0.2819173	0.000793784945189018	2.95954383028884e-05
0.25117323	0.000795011972118317	2.9156879273049e-05
0.22391155	0.000797082492615973	3.17938912038548e-05
0.19957349	0.000800535958536518	3.26928719501543e-05
0.17779917	0.000799933309621442	3.35472564920496e-05
0.15846863	0.000805079255723488	3.31608694513895e-05
0.14123619	0.000804611945943332	3.65560463308525e-05
0.12590662	0.000808491157318571	3.84546828997984e-05
0.1122199	0.000810471290518395	4.09310125670524e-05
0.10002181	0.000811447365446081	4.13848812211525e-05
