10002.226	0.00118437807229977	-0.00945756046638993
8914.9326	0.00114399424318538	-0.00846621417375573
7943.9951	0.00110755961868684	-0.00757911031772103
7081.583	0.0010711396670967	-0.00678415554181119
6307.7358	0.00104073536588122	-0.00606963148315848
5622.5879	0.00100795498287044	-0.00543751856186378
5011.603	0.000977910241101732	-0.00486671355517794
4466.4292	0.000953134991534495	-0.00435487632859243
3981.2773	0.000930121444822684	-0.00389932349693093
3548.8679	0.00090919242875234	-0.00349349683822837
3163.0398	0.000890659024320643	-0.00312879450421795
2819.0986	0.000872128544902188	-0.00280126096352892
2512.4104	0.000857278261115749	-0.00250839489807584
2239.2869	0.000842299048050178	-0.00224914417514688
1995.6381	0.000828475281780439	-0.00201573927736699
1778.2897	0.000816210953732043	-0.00180396590920901
1584.4927	0.000804060194824994	-0.00161865028842839
1412.7418	0.000789937708299129	-0.00145006953066258
1258.7905	0.000782151051372073	-0.00129932858825665
1121.7966	0.000773992049653695	-0.00116706404676451
999.68164	0.000765000153471345	-0.00104332213994983
891.42474	0.000756969660519777	-0.000939107257783953
794.23932	0.000750987287727978	-0.000843467423848585
707.96161	0.000741571997946933	-0.000753385831068802
631.00977	0.000735009537337126	-0.000677918166939266
562.33929	0.000729171012127642	-0.000606233749630596
501.12231	0.000722117458938494	-0.000543331263138129
446.57214	0.000717706118152532	-0.000485152855020475
398.08899	0.000714220183073183	-0.000435897901493133
354.88681	0.000709744413501977	-0.000388468805292495
316.31589	0.000708438021847222	-0.000343460542624328
281.8942	0.000701638289814678	-0.000308784773825841
251.20601	0.000697246883980064	-0.000271333298061222
223.92496	0.000696797946156842	-0.000241680841249062
199.55338	0.000697760543708578	-0.000213628939080534
177.78128	0.000694331044565319	-0.000185796122416591
158.52898	0.000694874617502309	-0.000161730684428947
141.21979	0.000693898704746712	-0.000141947152945293
125.92673	0.000696840272348203	-0.000121486344862092
112.19009	0.000697638323380787	-0.00010688666380573
99.968163	0.000701073821769258	-8.93347595542632e-05
89.115646	0.000702062009371219	-7.61271231533082e-05
79.415741	0.000701964744450881	-6.32099301385902e-05
70.793182	0.000707079237846071	-4.81443583070438e-05
63.082279	0.000708562645048476	-4.21237582913347e-05
56.241825	0.000713000707917095	-3.21895374427828e-05
50.112232	0.000714153221145164	-2.30560891557442e-05
44.671223	0.00071747683554971	-1.9359969694606e-05
39.808899	0.000720300624993654	-1.25493367911304e-05
35.488308	0.000722641271537519	-8.33903868545148e-06
31.629578	0.000725727808453175	-3.20494577857795e-06
28.187037	0.000729225260412934	2.6491573922818e-06
25.120602	0.000731423090056025	3.38915908095958e-06
22.385418	0.000736836627408294	5.53104199565777e-06
19.955338	0.000738192540454857	6.81081065088621e-06
17.775894	0.000738969724679341	9.83867929845221e-06
15.846864	0.000744825521087082	1.00077153878619e-05
14.127493	0.0007464610741695	1.31605613210358e-05
12.587309	0.000746872708948998	1.43649727173235e-05
11.216775	0.00075080736990549	1.40020746440675e-05
9.9968166	0.000752769188552947	1.28121175505278e-05
8.9082127	0.000755336347014209	1.68917400715409e-05
7.9395623	0.000754209718073358	1.35388388277563e-05
7.0765615	0.000756467693759345	1.81517425474234e-05
6.3105822	0.000759952979879333	1.70517990455293e-05
5.6245475	0.00075954631537609	1.64413662782034e-05
5.0112233	0.000763358974977424	1.74055836079596e-05
4.4642835	0.000763024666647735	1.60183089668008e-05
3.9819033	0.000763287173865485	1.70511108691291e-05
3.5479143	0.000764962170579152	1.63057927841639e-05
3.1629577	0.000767205628130757	1.71251249161779e-05
2.818361	0.000768399511096258	1.55516208061971e-05
2.5112481	0.000766172326476629	1.67746512054192e-05
2.2398233	0.000770490784619489	1.66242378341881e-05
1.9950197	0.000769615666056449	1.84100949679755e-05
1.7775893	0.000770550096260006	1.78723667864015e-05
1.5846864	0.000775000538532615	1.76174620388029e-05
1.4122353	0.000772140466106805	1.78344502729179e-05
1.2582541	0.000777207513300222	2.01141364843623e-05
1.1224822	0.000776084677986983	2.02039039098e-05
1.0000616	0.000777303064468176	1.90331470803866e-05
0.89082122	0.00077910686252047	1.83742712370319e-05
0.79444051	0.000780421184762717	2.07336048541072e-05
0.70784986	0.0007810415864773	2.09916802764845e-05
0.63126236	0.000783582952214543	2.14375088914998e-05
0.562536	0.00078331330813131	2.36782922024599e-05
0.50118715	0.000786162748506129	2.25691013296438e-05
0.44642836	0.000786907384961457	2.29822776881129e-05
0.39821118	0.000788043014653034	2.63689039126793e-05
0.35475865	0.000789848702213951	2.53893836741612e-05
0.31619295	0.000791615046742244	2.64330503698402e-05
0.2819173	0.000792452307469334	2.75243652135667e-05
0.25117323	0.000795181259302044	2.95854659979813e-05
0.22391155	0.000798092681358068	3.11689476982359e-05
0.19957349	0.000796254265970341	3.02121329125899e-05
0.17779917	0.000800539853002554	3.43782055877778e-05
0.15846863	0.00080326177938484	3.47763956105304e-05
0.14123619	0.000806036690761608	3.77759700407752e-05
0.12590662	0.000806178183362558	3.8028126668772e-05
0.1122199	0.000810025065013237	4.14290804977882e-05
0.10002181	0.000813096378269922	4.38310830369432e-05
