10002.226	0.00118519953080446	-0.0094569004106572
8914.9326	0.00114362156010589	-0.00846361405217976
7943.9951	0.00110881986155233	-0.00757776833011784
7081.583	0.00107422094244173	-0.0067845519156358
6307.7358	0.00104114004977205	-0.00607017785155439
5622.5879	0.00100835211545035	-0.0054340399552375
5011.603	0.00097921049766014	-0.00486696206436666
4466.4292	0.000956277086440493	-0.00435612106410865
3981.2773	0.000932531481192074	-0.00389978864951566
3548.8679	0.000908685810984746	-0.00349302755118286
3163.0398	0.000890711723971017	-0.00312915433794919
2819.0986	0.000873159948409829	-0.00279996949627855
2512.4104	0.000857251457032886	-0.00250906638495229
2239.2869	0.00084043093698726	-0.00224719484155742
1995.6381	0.000829852524214938	-0.00201220885157043
1778.2897	0.000816164692658592	-0.00180388406962613
1584.4927	0.000801192856044703	-0.00161778018749753
1412.7418	0.000789784811882834	-0.00144943155733295
1258.7905	0.000784156899904474	-0.00129957534051342
1121.7966	0.000773190964119702	-0.00116768199568422
999.68164	0.000764779477334599	-0.00104495780637671
891.42474	0.000757493367250713	-0.000938292731052074
794.23932	0.000749561684841877	-0.00084166772232063
707.96161	0.000741314145065825	-0.000754233052310213
631.00977	0.000736771348453286	-0.000677713053090968
562.33929	0.000729702590411446	-0.00060617836115958
501.12231	0.00072463746665946	-0.000544802678529868
446.57214	0.000718567654387712	-0.000485908222571743
398.08899	0.000712346441831651	-0.000434180092510996
354.88681	0.000708678416260955	-0.000389237010330119
316.31589	0.000705274992538445	-0.000344812520374414
281.8942	0.000704095383189522	-0.000307421848413855
251.20601	0.000696341278084256	-0.000272503959026692
223.92496	0.00069833612777244	-0.000240255442745031
199.55338	0.000698121381997056	-0.00021326730783426
177.78128	0.000696474094410547	-0.000184231542180656
158.52898	0.000694718113281055	-0.000161202395653576
141.21979	0.000695717085348202	-0.000143510430795396
125.92673	0.000695403972778219	-0.000121659053728295
112.19009	0.0006984148005832	-0.000104521150544361
99.968163	0.00069948605281768	-8.71766422446151e-05
89.115646	0.000698455963137859	-7.59727678595857e-05
79.415741	0.000702575941630903	-6.30770361106121e-05
70.793182	0.000703235952768812	-4.99261923067342e-05
63.082279	0.000707126984788219	-4.1307647695311e-05
56.241825	0.000712996353316731	-3.08868422168956e-05
50.112232	0.000714106973187728	-2.4532365307978e-05
44.671223	0.000717224754299062	-1.78108914623912e-05
39.808899	0.000719379360596843	-1.20907216111051e-05
35.488308	0.000722243178733286	-8.54899988752174e-06
31.629578	0.000725603875360887	-2.83180174664976e-06
28.187037	0.000728330354240921	-1.41587729209685e-06
25.120602	0.000731601279845425	3.94429175893506e-06
22.385418	0.000735570001572429	5.91778747946011e-06
19.955338	0.000739171068829981	7.69132466857123e-06
17.775894	0.000741662280553632	1.17420323983048e-05
15.846864	0.000742841402973578	1.26004949039946e-05
14.127493	0.000746386951587404	1.18517846971331e-05
12.587309	0.000746843038261377	1.13885831786801e-05
11.216775	0.000749392994488064	1.41380846314779e-05
9.9968166	0.000753166885290744	1.40597602739669e-05
8.9082127	0.000753142134580189	1.47666126058748e-05
7.9395623	0.000754310048093102	1.5229244679315e-05
7.0765615	0.000757248969024537	1.82640738515659e-05
6.3105822	0.000758182076859139	1.82430313011142e-05
5.6245475	0.00075895190318655	1.64004996242637e-05
5.0112233	0.000761050324136058	1.88462856358058e-05
4.4642835	0.000761331259964091	1.62058181428531e-05
3.9819033	0.000763177469090301	1.70398505327292e-05
3.5479143	0.000763643913897077	1.80263055557129e-05
3.1629577	0.000764936290204403	1.83477892006192e-05
2.818361	0.000768575680470675	1.65349498938517e-05
2.5112481	0.000769557357360732	1.70702658003372e-05
2.2398233	0.000768823350444225	1.68244396861457e-05
1.9950197	0.000770284661356225	1.90586945403139e-05
1.7775893	0.000772843638530162	1.78711298529829e-05
1.5846864	0.000774234422038067	1.79254431175968e-05
1.4122353	0.000773811865986335	1.88667287385434e-05
1.2582541	0.000774551827868729	1.94675132212828e-05
1.1224822	0.000776163173142751	2.19675502100332e-05
1.0000616	0.000778933302243278	1.93033098053e-05
0.89082122	0.000779012398051158	2.01964392037344e-05
0.79444051	0.000779977931259514	1.9662761598745e-05
0.70784986	0.000785103440587389	2.08374493625324e-05
0.63126236	0.000782164420574523	2.15332060558799e-05
0.562536	0.00078403883602595	2.32214065275312e-05
0.50118715	0.000786831285128953	2.15373384229004e-05
0.44642836	0.000788169429485737	2.42482868432371e-05
0.39821118	0.000788400030964599	2.4463932600845e-05
0.35475865	0.000790625438542005	2.46926855376297e-05
0.31619295	0.000792515358831957	2.75041796206911e-05
0.2819173	0.000793543660186779	2.70518792611906e-05
0.25117323	0.000795434815940316	2.95388238620414e-05
0.22391155	0.000797754017198798	3.00778361240969e-05
0.19957349	0.000799058461557716	3.11156843255594e-05
0.17779917	0.000798725403485545	3.14730264674896e-05
0.15846863	0.00080412467597627	3.30898656693754e-05
0.14123619	0.000803347701365892	3.61032104629117e-05
0.12590662	0.000807389264410885	3.77644249630562e-05
0.1122199	0.00081000075114997	4.06256183718006e-05
0.10002181	0.000810228367084512	4.2319267371122e-05
