10002.226	0.00118553093788224	-0.00945702044381787
8914.9326	0.0011440307740619	-0.008466230794218
7943.9951	0.00110588718691059	-0.00757921042125563
7081.583	0.00107099305154252	-0.00678354208606145
6307.7358	0.00104050759935637	-0.00606939130555521
5622.5879	0.00100819697769353	-0.00543487497126108
5011.603	0.00097796056114911	-0.00486518670128127
4466.4292	0.000955820061248998	-0.0043571456270744
3981.2773	0.000931823657226117	-0.00390168679160587
3548.8679	0.000910081159155485	-0.00349288229992234
3163.0398	0.00088942066115299	-0.00312909102920396
2819.0986	0.000873141730282937	-0.0028014546677069
2512.4104	0.000857397258545637	-0.00250705354034352
2239.2869	0.000839037220435192	-0.00224734527306051
1995.6381	0.000829412561280598	-0.00201225363189586
1778.2897	0.000816526146831991	-0.00180335307647104
1584.4927	0.000803299632049408	-0.00161881012707485
1412.7418	0.000792021069293759	-0.00145081284289946
1258.7905	0.000784028049215052	-0.00130171025306538
1121.7966	0.00077453010594581	-0.00116834351878383
999.68164	0.000761667935439008	-0.00104522114853899
891.42474	0.000757619542122319	-0.000938349961180942
794.23932	0.000749273526463503	-0.00084278763515184
707.96161	0.000741708476881284	-0.000752165175811877
631.00977	0.000738216590310369	-0.000676456597053856
562.33929	0.000728568533391258	-0.000605519612068755
501.12231	0.000723040217569557	-0.000543763189024457
446.57214	0.000719266504943409	-0.000487116306620959
398.08899	0.000713561091208272	-0.000436075510192234
354.88681	0.000706357842922948	-0.000389186704987487
316.31589	0.000705480290867656	-0.000344987587466997
281.8942	0.000703716777303644	-0.000309168667568988
251.20601	0.000697978702857166	-0.000273712428550428
223.92496	0.000696616808795188	-0.000240967912013753
199.55338	0.000696114982877946	-0.000212995043060246
177.78128	0.000695523202872111	-0.000184621051510374
158.52898	0.000696320205691541	-0.000161018657242369
141.21979	0.000692833928044422	-0.000142177847996571
125.92673	0.000696118381282119	-0.000121105299163054
112.19009	0.000697314727177339	-0.000107053228136128
99.968163	0.000697717080817249	-8.90400907071076e-05
89.115646	0.000700350132230749	-7.48319410824121e-05
79.415741	0.000702713779206606	-6.21341284631472e-05
70.793182	0.000705493432375105	-5.25097928615705e-05
63.082279	0.000708078145339559	-4.12650337989888e-05
56.241825	0.000712868874885479	-3.20462241230278e-05
50.112232	0.000713465886111523	-2.33414208079924e-05
44.671223	0.000717412492931452	-1.83569842090299e-05
39.808899	0.000720805497367096	-1.28837335594458e-05
35.488308	0.000722626222045355	-6.50275320202308e-06
31.629578	0.000725874970662468	-1.95978886474406e-06
28.187037	0.000729596656028772	1.08977502166994e-06
25.120602	0.000732922202595468	3.06619748475184e-06
22.385418	0.000735866218102522	6.72082645375571e-06
19.955338	0.000738085144777007	1.02032742563544e-05
17.775894	0.000740990800878507	1.15092267102793e-05
15.846864	0.000744292522885515	8.85044403235103e-06
14.127493	0.000745906961075435	1.18217840184221e-05
12.587309	0.000746639131844571	1.30775486180465e-05
11.216775	0.000749902033095973	1.37983046492468e-05
9.9968166	0.000752968615093323	1.41017087789425e-05
8.9082127	0.000753504947531984	1.39693342340799e-05
7.9395623	0.000753117213495953	1.65126190907484e-05
7.0765615	0.000756744267391004	1.88831675947382e-05
6.3105822	0.000760570105222632	1.56153035379252e-05
5.6245475	0.000760729351721906	1.64569828950731e-05
5.0112233	0.00076031213625636	1.70869348064651e-05
4.4642835	0.00076298955838413	1.70104478807201e-05
3.9819033	0.00076310057199498	1.72092802534257e-05
3.5479143	0.00076551661990085	1.55772100083654e-05
3.1629577	0.000767077286822275	1.77754346520482e-05
2.818361	0.000766874537505436	1.70026597942813e-05
2.5112481	0.000769164816301075	1.59624281941812e-05
2.2398233	0.000769592828171253	1.78831972030843e-05
1.9950197	0.000771245417683924	1.63423193269257e-05
1.7775893	0.000771133039657957	1.61575554064271e-05
1.5846864	0.000774539016019722	1.65084822407875e-05
1.4122353	0.000774126237567733	1.8130157801723e-05
1.2582541	0.000774147496317047	1.9412162310627e-05
1.1224822	0.000775505032508277	1.78729866419883e-05
1.0000616	0.000778572206868261	2.0240238640371e-05
0.89082122	0.000778521901667976	1.98722190964422e-05
0.79444051	0.000781558140046355	1.80931714913881e-05
0.70784986	0.000781392832859657	2.15925022259589e-05
0.63126236	0.000782074311643529	2.07721008287211e-05
0.562536	0.000785026030329875	2.10578218751084e-05
0.50118715	0.000785068137388795	2.24785717489026e-05
0.44642836	0.000786130011613076	2.27625273839843e-05
0.39821118	0.00078909221816158	2.49711889986678e-05
0.35475865	0.000790423713393353	2.56426497450436e-05
0.31619295	0.000793003279359545	2.67922499560891e-05
0.2819173	0.000793633185567437	2.91980369481954e-05
0.25117323	0.000795070174232628	2.9233201597072e-05
0.22391155	0.000796760743832466	3.23820493463751e-05
0.19957349	0.000798814522244845	3.2551486483329e-05
0.17779917	0.000800005929076173	3.39643933186069e-05
0.15846863	0.000802596484019782	3.57892066794273e-05
0.14123619	0.000804597953421683	3.57841998722391e-05
0.12590662	0.000808746807180764	3.8086125203482e-05
0.1122199	0.000810395731978313	4.05783521656849e-05
0.10002181	0.000812516096372372	4.12371184997549e-05
