10002.226	0.00116881280828237	-0.00947116056747278
8914.9326	0.00113082255392006	-0.00847877596986388
7943.9951	0.00109129182590144	-0.0075898138305344
7081.583	0.00105775191625264	-0.00679558774651372
6307.7358	0.00102514446141954	-0.00607886129032436
5622.5879	0.000995693900806649	-0.00544494463389936
5011.603	0.00096394139115905	-0.00487360942384444
4466.4292	0.000940665969700298	-0.00436163767365048
3981.2773	0.000916367285996791	-0.00390612959366344
3548.8679	0.000894550784432142	-0.00349880492966172
3163.0398	0.000876441744312734	-0.00313316709472004
2819.0986	0.000857730509012242	-0.00280520695318005
2512.4104	0.000842433694190408	-0.00251430098562704
2239.2869	0.000827143058540801	-0.0022523460462732
1995.6381	0.00081327310504834	-0.0020173773756063
1778.2897	0.000801043728362398	-0.00180614879993459
1584.4927	0.000789377588171205	-0.00162049426227269
1412.7418	0.000776628735580661	-0.00145237948288709
1258.7905	0.000767017116747662	-0.00130352985177376
1121.7966	0.000758567222225554	-0.00116844507894261
999.68164	0.000750978613538992	-0.00104574572590117
891.42474	0.000739494983103326	-0.000940551681221973
794.23932	0.000736603654301865	-0.000845007398017542
707.96161	0.000728429080466948	-0.000756376377818171
631.00977	0.000719661847573018	-0.000679243264043554
562.33929	0.000713489407778242	-0.00060655265548518
501.12231	0.000707570023958787	-0.000545035125040442
446.57214	0.000701837197425607	-0.000487581661864698
398.08899	0.000697881309253636	-0.000435257444293437
354.88681	0.000693889248100406	-0.000389269300914886
316.31589	0.000690636932619932	-0.000344412652066853
281.8942	0.000687899901433007	-0.000307891218463484
251.20601	0.000684945627789342	-0.000270710048587831
223.92496	0.000682629717870902	-0.000241316362438818
199.55338	0.000682331068286613	-0.00021351265960721
177.78128	0.000681259162871334	-0.000185253859564005
158.52898	0.000681568431810193	-0.000164455883309046
141.21979	0.000682120223469439	-0.000142235543120469
125.92673	0.00068064084180673	-0.000122957626130653
112.19009	0.000682969120616212	-0.000106348098078804
99.968163	0.000683307892947049	-8.90526188358427e-05
89.115646	0.000686561643889593	-7.27719480600805e-05
79.415741	0.000686359187665183	-6.24468531922762e-05
70.793182	0.000690664884532753	-5.15186165743008e-05
63.082279	0.000693135734924631	-3.91927796715735e-05
56.241825	0.000698039638617496	-3.18821979900042e-05
50.112232	0.000697631219495641	-2.1974989692671e-05
44.671223	0.000700473574042746	-1.81598591155812e-05
39.808899	0.000705221377734921	-1.27738406293405e-05
35.488308	0.000708140245219412	-6.87358845776113e-06
31.629578	0.000711312208728423	-1.08147443668548e-06
28.187037	0.000713143357459114	7.75897560344563e-07
25.120602	0.000717610430544754	3.42242497010792e-06
22.385418	0.00072081697673574	5.52195929479465e-06
19.955338	0.000724143407837523	9.31418893057453e-06
17.775894	0.000726086380227026	1.18719646516395e-05
15.846864	0.000729759579543737	1.04142525666365e-05
14.127493	0.000731583788453538	1.37698898204831e-05
12.587309	0.000733322488937924	1.30745951949708e-05
11.216775	0.000733881300834282	1.28770332950692e-05
9.9968166	0.000736815081272946	1.47299737048524e-05
8.9082127	0.000739866023651511	1.55388690739787e-05
7.9395623	0.000740431877750137	1.68999432337384e-05
7.0765615	0.000742759670890013	1.95315520358884e-05
6.3105822	0.000744235857339516	1.56798798401796e-05
5.6245475	0.000744363732470686	1.67062523287864e-05
5.0112233	0.000749949683713412	1.86767756894453e-05
4.4642835	0.000748448119394396	1.6547952567254e-05
3.9819033	0.000748933248283406	1.64573945288937e-05
3.5479143	0.000749508493265545	1.6923350164366e-05
3.1629577	0.000753977526572662	1.8428785315085e-05
2.818361	0.000753440128157634	1.75122594157221e-05
2.5112481	0.000752224077244889	1.59130407769564e-05
2.2398233	0.000755565915550727	1.83142722644194e-05
1.9950197	0.000755029199919336	1.6893436064049e-05
1.7775893	0.000756686227203896	1.74670594305414e-05
1.5846864	0.000757699642798025	1.86470733695315e-05
1.4122353	0.000759608985033099	1.78053262253396e-05
1.2582541	0.000759755086229068	1.83773382528109e-05
1.1224822	0.000763454359975432	1.78391443136894e-05
1.0000616	0.000761813969342156	1.96962588765816e-05
0.89082122	0.000763293197176426	1.99818478956063e-05
0.79444051	0.000765965734508122	2.30375109094063e-05
0.70784986	0.000767467445315306	2.13524811024121e-05
0.63126236	0.000769905483170359	2.15711966538153e-05
0.562536	0.000769660059818123	2.15632566503573e-05
0.50118715	0.000771091017002959	2.34973147101301e-05
0.44642836	0.000773470599411831	2.43679039725426e-05
0.39821118	0.000774852133830145	2.51995957913889e-05
0.35475865	0.000776970219168552	2.69334954690737e-05
0.31619295	0.000775138306385714	2.67993967519386e-05
0.2819173	0.000778819336816969	2.77724408563137e-05
0.25117323	0.000781118601310814	2.92255250675946e-05
0.22391155	0.000783016592934824	3.12225845174498e-05
0.19957349	0.000784742618361073	3.31154761627093e-05
0.17779917	0.00078747968028397	3.52352651586625e-05
0.15846863	0.000787024993705131	3.44797521950358e-05
0.14123619	0.000792612603194117	3.79634788482859e-05
0.12590662	0.000790824251005454	3.72630394518594e-05
0.1122199	0.000793356627966948	4.04143405756028e-05
0.10002181	0.000797212530895026	4.10145767586469e-05
