10002.226	0.00120026686449303	-0.00953129669847762
8914.9326	0.0011585867561578	-0.00853370609510661
7943.9951	0.00112144573283176	-0.00763624706224195
7081.583	0.00108550378738637	-0.00683686775032225
6307.7358	0.00105581792618062	-0.00611736302160523
5622.5879	0.00102523258156421	-0.00547797047519855
5011.603	0.000994764005072348	-0.00490341389379869
4466.4292	0.000970841521765467	-0.00438815667669583
3981.2773	0.000947616639488154	-0.00393067656233171
3548.8679	0.000925666729887223	-0.00352005594873785
3163.0398	0.000906284467799744	-0.00315264015725173
2819.0986	0.000889041719105878	-0.00282316595926027
2512.4104	0.000871612273511812	-0.00252675213688458
2239.2869	0.000857564875931884	-0.00226488722455965
1995.6381	0.000844464567915561	-0.00202974916155554
1778.2897	0.000831887073818732	-0.00181840382699588
1584.4927	0.0008198184140678	-0.00162935955401885
1412.7418	0.000808019605296471	-0.00146110925933487
1258.7905	0.000797209510862638	-0.00130972900986076
1121.7966	0.000788685342882268	-0.00117634733663288
999.68164	0.000779199861747108	-0.00105351890864089
891.42474	0.000771571598643579	-0.000944910209517431
794.23932	0.0007653722170805	-0.000850208002326081
707.96161	0.000757745251567737	-0.000759368980360098
631.00977	0.000750418644225868	-0.000683527203508034
562.33929	0.00074450116575262	-0.000611570081895501
501.12231	0.000738346191654126	-0.000547150941849775
446.57214	0.000734772831495609	-0.000489970843803024
398.08899	0.000728619959607729	-0.000437527060109138
354.88681	0.000724134480274526	-0.000393560466891479
316.31589	0.000720908056834193	-0.00034905619600419
281.8942	0.000719899622962584	-0.000308788863789186
251.20601	0.000714271207311497	-0.000275746987315311
223.92496	0.000712467584179427	-0.00024286672613807
199.55338	0.000712706389934505	-0.000215382941398284
177.78128	0.000709547573295887	-0.000188186898922789
158.52898	0.000710977838220294	-0.000163840762074203
141.21979	0.00071105023440449	-0.000142528299252532
125.92673	0.000710967977833957	-0.000123725329617923
112.19009	0.000713639115887053	-0.000106095530693994
99.968163	0.000714996816686268	-8.90481696669e-05
89.115646	0.000716515589519929	-7.59675359067244e-05
79.415741	0.000719892468772797	-6.29068141825659e-05
70.793182	0.000719147737561135	-5.20668247171848e-05
63.082279	0.0007224872626124	-4.24659012556628e-05
56.241825	0.000729024747879021	-3.19848374951465e-05
50.112232	0.000730338489647669	-2.20212769328715e-05
44.671223	0.000730505517456781	-1.87563942063145e-05
39.808899	0.000733724588608894	-1.35393905952997e-05
35.488308	0.000741888691818608	-7.97620860034208e-06
31.629578	0.000741841947123596	-1.37727567240272e-06
28.187037	0.000746239015400933	1.64830607547166e-06
25.120602	0.000747717903778087	4.99686977040059e-06
22.385418	0.000750506830078075	5.62971345737573e-06
19.955338	0.000753081395200652	9.46538594033558e-06
17.775894	0.00075562972326255	1.12418862451384e-05
15.846864	0.000758380529875256	1.14838862316325e-05
14.127493	0.000762179007791441	1.31818833502642e-05
12.587309	0.00076302538848539	1.35538629427931e-05
11.216775	0.00076577271965016	1.29549700203448e-05
9.9968166	0.000770610247173643	1.40021811893626e-05
8.9082127	0.000767321088462767	1.41962060016816e-05
7.9395623	0.000770392012135336	1.48029879063359e-05
7.0765615	0.000771342052006509	1.97487670073795e-05
6.3105822	0.000774780960147933	1.63132410390142e-05
5.6245475	0.000776316840122097	1.62535178543149e-05
5.0112233	0.000776374171594438	1.79517097947795e-05
4.4642835	0.000779148027346911	1.71497867309002e-05
3.9819033	0.00077922017249578	1.7076636551001e-05
3.5479143	0.000780944564350852	1.65854690873119e-05
3.1629577	0.000784554096658705	1.81224679554474e-05
2.818361	0.000783598475075855	1.80322656600531e-05
2.5112481	0.000784086586439546	1.71824781358409e-05
2.2398233	0.000785658063075856	1.7782603698743e-05
1.9950197	0.000785996070016706	1.69687822265712e-05
1.7775893	0.000788198560895193	1.75539614292499e-05
1.5846864	0.000788022490140812	1.77043425463475e-05
1.4122353	0.000791097583860372	1.73836969449684e-05
1.2582541	0.000790022420453405	1.77911147312914e-05
1.1224822	0.000792462771393506	1.94247742667225e-05
1.0000616	0.000793418819326958	1.9569155917354e-05
0.89082122	0.000794397549183004	2.18376149049868e-05
0.79444051	0.000796997034055826	2.09140594963445e-05
0.70784986	0.000796928124009621	2.13112026137294e-05
0.63126236	0.000798032744787504	2.18737406849071e-05
0.562536	0.000799373665138175	2.25935745474859e-05
0.50118715	0.000800864388866928	2.25078685873833e-05
0.44642836	0.000802608455459491	2.52733913310196e-05
0.39821118	0.000805144078338093	2.49182347541462e-05
0.35475865	0.000805312228181694	2.65941512853406e-05
0.31619295	0.000807994573131919	2.96021285855877e-05
0.2819173	0.000807475342942587	2.85319418275657e-05
0.25117323	0.000811136429439344	2.85784438885745e-05
0.22391155	0.000813587389538938	2.85663243754015e-05
0.19957349	0.000813451261672182	3.07005912332203e-05
0.17779917	0.000816529328301559	3.34907215318806e-05
0.15846863	0.000818708790257686	3.29605319767428e-05
0.14123619	0.000821156374599308	3.67087254648161e-05
0.12590662	0.000824914915375018	3.93849190862647e-05
0.1122199	0.000824944905238603	4.21582902375998e-05
0.10002181	0.00082647879351271	4.11530900710525e-05
