10002.226	0.00120067100753837	-0.00952982028431776
8914.9326	0.0011584466279901	-0.00852907810148944
7943.9951	0.00112260340768621	-0.00763526519039302
7081.583	0.0010876790807274	-0.00683785137056209
6307.7358	0.00105580757950525	-0.00611697741956877
5622.5879	0.00102373115263168	-0.00547639214300509
5011.603	0.000996845264509458	-0.00490478243080248
4466.4292	0.000970788578162618	-0.00439013466326825
3981.2773	0.000947553740143126	-0.00393000838577019
3548.8679	0.000924553764642386	-0.00351952750704273
3163.0398	0.000906354834254716	-0.00315343847282268
2819.0986	0.00088830578910021	-0.00282196606735722
2512.4104	0.000873962698196026	-0.00252700208339166
2239.2869	0.000857908224627074	-0.00226762669875503
1995.6381	0.000845066965764858	-0.00202932073638383
1778.2897	0.000831463111985863	-0.00181984307665531
1584.4927	0.000816827259465211	-0.00162993396802575
1412.7418	0.000805674053669396	-0.00146127405841294
1258.7905	0.00079990915705855	-0.00130879481026474
1121.7966	0.000789877669047302	-0.00117502959164729
999.68164	0.000779955138076154	-0.00105176610831514
891.42474	0.000771175376888178	-0.000946016425228451
794.23932	0.000765756885798253	-0.000851254767568317
707.96161	0.000758344244986941	-0.000759782047624397
631.00977	0.000750575808214709	-0.000683456935404117
562.33929	0.000744116473463153	-0.000610224405144412
501.12231	0.000738346287360586	-0.000549581408665611
446.57214	0.000732688847667461	-0.000488889321171942
398.08899	0.000727661632410777	-0.000438263176407421
354.88681	0.000723510462094143	-0.000391011861450575
316.31589	0.000720829444911847	-0.000348290897747943
281.8942	0.000719207609936755	-0.000309817036534661
251.20601	0.000714550862834181	-0.000273293340301783
223.92496	0.000712490563192848	-0.00024338919010377
199.55338	0.000709530370194152	-0.000215501321243013
177.78128	0.000712079890820213	-0.000188701663035973
158.52898	0.000710877048809818	-0.000164394751529685
141.21979	0.000708603902045196	-0.000142291450272539
125.92673	0.000711589402127676	-0.000123467548755748
112.19009	0.000712937226008368	-0.000105999341575932
99.968163	0.000713490315566049	-8.8101559495401e-05
89.115646	0.000716870630490698	-7.57050410742484e-05
79.415741	0.000718769436275702	-6.36275030700988e-05
70.793182	0.000721462558869613	-5.01523444189543e-05
63.082279	0.000724789088628385	-4.02088383256798e-05
56.241825	0.000727332965105143	-3.22104476072124e-05
50.112232	0.000728220246219	-2.13985311120073e-05
44.671223	0.000732806192217083	-1.77499806482268e-05
39.808899	0.000736012346012489	-1.21304749740567e-05
35.488308	0.000740101433603507	-9.23857739395608e-06
31.629578	0.000742315191138544	-5.23735694095859e-07
28.187037	0.00074256589681015	4.68644655578541e-07
25.120602	0.00074727856286998	6.25149171007962e-06
22.385418	0.000750020440741946	6.2856441941232e-06
19.955338	0.00075280631549022	8.5343064557553e-06
17.775894	0.0007575370463272	1.13394145234388e-05
15.846864	0.000758014862960125	1.01338471407276e-05
14.127493	0.000760580026274795	1.37418551631269e-05
12.587309	0.000764410450879405	1.36403621431934e-05
11.216775	0.000763950365633135	1.36137409495524e-05
9.9968166	0.000766201819868657	1.39433173852188e-05
8.9082127	0.00076967995221947	1.37980314714331e-05
7.9395623	0.000769212271078124	1.60212792786177e-05
7.0765615	0.00077134289717111	1.71042017513469e-05
6.3105822	0.000776305744007537	1.6120311276806e-05
5.6245475	0.000774831989339735	1.4997012001536e-05
5.0112233	0.000776633968816154	1.74278034245839e-05
4.4642835	0.000781010233793495	1.68549778861364e-05
3.9819033	0.000778582433795099	1.77030946124184e-05
3.5479143	0.00078219107870926	1.57485319928029e-05
3.1629577	0.000783624899111689	1.77480459250368e-05
2.818361	0.000784620687605138	1.694504343613e-05
2.5112481	0.000785155908273911	1.60667268713078e-05
2.2398233	0.000785278837558116	1.60265372335832e-05
1.9950197	0.000785675045194754	1.71365993951666e-05
1.7775893	0.000787989832896799	1.81323903725743e-05
1.5846864	0.000789665366822443	2.1368914848432e-05
1.4122353	0.00078896051420052	1.62035276228117e-05
1.2582541	0.000791217646379092	1.85650217752928e-05
1.1224822	0.000791520291466469	2.1038243712855e-05
1.0000616	0.000792413547171404	2.13757870727093e-05
0.89082122	0.000792476907160853	2.05906720832238e-05
0.79444051	0.000794350294029736	1.99761400141938e-05
0.70784986	0.000797543562388383	2.21425571203636e-05
0.63126236	0.000798630580523515	2.21699269780139e-05
0.562536	0.000800079478543522	2.14351927547293e-05
0.50118715	0.000802612786314441	2.41086221998549e-05
0.44642836	0.000802410981796404	2.6273974972727e-05
0.39821118	0.000803933956147107	2.52511984472347e-05
0.35475865	0.000805512820422684	2.4965459827782e-05
0.31619295	0.000808162272003254	2.82703142051448e-05
0.2819173	0.000810453844523027	2.92283101946845e-05
0.25117323	0.0008105875518826	2.84250044480791e-05
0.22391155	0.000811221541088951	3.23815774877248e-05
0.19957349	0.000816020502296485	3.09149612774725e-05
0.17779917	0.000817416094244286	3.38696536647128e-05
0.15846863	0.000819043904824378	3.50578348354466e-05
0.14123619	0.000820496448519806	3.82532752768363e-05
0.12590662	0.00082295060583397	3.71462475849005e-05
0.1122199	0.000826525150405988	4.05227650196547e-05
0.10002181	0.00082729615370346	4.20294111605986e-05
