10002.226	0.00118759896089297	-0.0095746124102419
8914.9326	0.00114682447053245	-0.00856900484724357
7943.9951	0.00110882634867594	-0.00767121479620562
7081.583	0.00107539132819699	-0.00686808102154411
6307.7358	0.00104257816308355	-0.00614434324279813
5622.5879	0.00100856652786919	-0.00550181064374305
5011.603	0.000981936483883812	-0.00492713395575966
4466.4292	0.000956936383395531	-0.00440876410399573
3981.2773	0.000933151278376707	-0.00394804436788563
3548.8679	0.00091039547924855	-0.00353794526278973
3163.0398	0.000893230826667382	-0.00316733704111143
2819.0986	0.00087417696239482	-0.00283540307792274
2512.4104	0.000859204749933074	-0.00253853024267906
2239.2869	0.000843049822001745	-0.00227506566498725
1995.6381	0.000831316980172382	-0.00203838816205447
1778.2897	0.000817675534355166	-0.00182668864282343
1584.4927	0.000806176895305	-0.00163680263581969
1412.7418	0.000792835009294088	-0.00146655750471612
1258.7905	0.000784230511709632	-0.00131699752643826
1121.7966	0.000776668624881675	-0.00118070405310824
999.68164	0.000765927762284196	-0.00105714816156787
891.42474	0.000757926840634893	-0.000950175894716377
794.23932	0.000750665361513193	-0.000852713001540518
707.96161	0.000745379825633772	-0.000764310975102798
631.00977	0.000736753171163455	-0.000685714147036021
562.33929	0.0007329811546277	-0.000613247178011427
501.12231	0.000726816081283034	-0.000550679264359694
446.57214	0.000720601933817072	-0.000493955898341406
398.08899	0.000715300613141041	-0.000440151037970265
354.88681	0.000710640479336757	-0.000393645182496363
316.31589	0.000708989093266762	-0.000349822585026547
281.8942	0.000703561214432862	-0.000311309028000107
251.20601	0.000701495412461251	-0.000276624639185951
223.92496	0.000699829913671094	-0.000243178857547256
199.55338	0.000698670709736764	-0.000214075229471726
177.78128	0.000697184955822343	-0.000188148299272732
158.52898	0.000697168688500551	-0.000162769937284022
141.21979	0.000696962384427247	-0.000144483896889477
125.92673	0.000697221183959676	-0.000124773614285293
112.19009	0.000702083896242571	-0.000106646962958849
99.968163	0.000701532455131295	-8.76920133122157e-05
89.115646	0.000704442275699335	-7.68241293252076e-05
79.415741	0.00070457690092576	-6.40529469043691e-05
70.793182	0.000710030699253095	-5.14128689048929e-05
63.082279	0.000711137081457481	-4.15992837450296e-05
56.241825	0.000714613786118535	-3.19161907520672e-05
50.112232	0.00071808680454519	-2.36420550749531e-05
44.671223	0.000719304936974174	-1.96782729697138e-05
39.808899	0.000720974405254246	-1.21704905502069e-05
35.488308	0.000727129100721325	-9.09053972291694e-06
31.629578	0.000727682293676042	-2.03153593363201e-06
28.187037	0.000731833897237079	9.45454838871877e-07
25.120602	0.000734353345961197	4.01952393683093e-06
22.385418	0.000739030378638519	6.4167268859477e-06
19.955338	0.000740675213829149	9.10272084640856e-06
17.775894	0.000742129472202222	1.29658176026071e-05
15.846864	0.000743521120434764	1.08538138699004e-05
14.127493	0.000748690141074839	1.30630346486666e-05
12.587309	0.000750153853862275	1.28370081342574e-05
11.216775	0.000751792936392876	1.54674791277052e-05
9.9968166	0.000755665753939977	1.36390494610577e-05
8.9082127	0.000753917072412121	1.44658692788655e-05
7.9395623	0.000757301278611757	1.53244515880098e-05
7.0765615	0.000760213347563014	1.85356024925843e-05
6.3105822	0.000762602951906468	1.73922272400461e-05
5.6245475	0.000762034981150095	1.51196199957447e-05
5.0112233	0.000765407763452665	1.65630211055587e-05
4.4642835	0.000766235538410339	1.73143891590774e-05
3.9819033	0.000767569710129577	1.53854458598085e-05
3.5479143	0.00076870118779465	1.7108170773365e-05
3.1629577	0.000769385952107107	1.75549437693914e-05
2.818361	0.000770777153585823	1.68852490584597e-05
2.5112481	0.000771165352614232	1.67212373028382e-05
2.2398233	0.000770758492826332	1.56854908508507e-05
1.9950197	0.000772168519154347	1.94262284652989e-05
1.7775893	0.000773089928499868	1.85329222080195e-05
1.5846864	0.000777038143005692	1.78491229560644e-05
1.4122353	0.000775384475861378	1.7044050153269e-05
1.2582541	0.000778075953041375	1.9667422876354e-05
1.1224822	0.000779033559496302	1.90129567478083e-05
1.0000616	0.000780776781444376	1.9546020944174e-05
0.89082122	0.00078174201355696	2.00522615305612e-05
0.79444051	0.000783259486263409	2.0100845617261e-05
0.70784986	0.000783681321753764	2.15144657077935e-05
0.63126236	0.000785712783310133	2.18548177857864e-05
0.562536	0.000786993928226842	2.24657720247057e-05
0.50118715	0.000789748007637589	2.27050129697879e-05
0.44642836	0.000790482717816514	2.58220401682853e-05
0.39821118	0.000791835190162575	2.64599556387585e-05
0.35475865	0.000792553051127044	2.53651561595629e-05
0.31619295	0.000793475225885065	2.7043428866644e-05
0.2819173	0.000796592456985178	2.73319853117809e-05
0.25117323	0.000796977425718075	3.04055415558697e-05
0.22391155	0.000799309323975622	2.98037584403516e-05
0.19957349	0.000800314268436166	3.39366699021286e-05
0.17779917	0.000802601691368684	3.46067905689501e-05
0.15846863	0.000803848056469294	3.44981632333889e-05
0.14123619	0.000807210371305287	3.90186271367876e-05
0.12590662	0.000810955333340783	3.68627675093421e-05
0.1122199	0.000813282334522683	4.15500572332072e-05
0.10002181	0.000814792833578199	4.22410596902939e-05
