10002.226	0.00118553011042816	-0.00957275733321395
8914.9326	0.00114597351260818	-0.0085705351657915
7943.9951	0.00110876588192533	-0.00767184347614908
7081.583	0.00107392996752276	-0.00686872752022013
6307.7358	0.00104164536787509	-0.00614742685584427
5622.5879	0.00100981839006297	-0.00550193646240282
5011.603	0.000981855861901385	-0.0049271832174694
4466.4292	0.000958939318142627	-0.00440994839024509
3981.2773	0.000932520388359545	-0.00394934244523414
3548.8679	0.000910739390985463	-0.00353637980098588
3163.0398	0.000893247659750663	-0.00316761203165137
2819.0986	0.000874313964430943	-0.00283390241788765
2512.4104	0.000859065187447315	-0.00254019483239317
2239.2869	0.000842495269452211	-0.00227494818211475
1995.6381	0.000832018848863734	-0.00203743191908103
1778.2897	0.000819077040269294	-0.00182612303463846
1584.4927	0.000805920203823283	-0.00163740618098631
1412.7418	0.000795187535650247	-0.0014668520266396
1258.7905	0.000784458667724394	-0.00131564268943739
1121.7966	0.000777241590663307	-0.00118084193066458
999.68164	0.000767711358138485	-0.00105678222147196
891.42474	0.000758467480891106	-0.000950481344026124
794.23932	0.000753177929240387	-0.000854339442650011
707.96161	0.000744003858306547	-0.000763470945318945
631.00977	0.000737005573289521	-0.000686509477349962
562.33929	0.000731577208612214	-0.000614932377160135
501.12231	0.000724631606762857	-0.000552055487698458
446.57214	0.000718347534968907	-0.000494017724275222
398.08899	0.000714552145104598	-0.000440546629397838
354.88681	0.00071098030727098	-0.000392250808962462
316.31589	0.000708429387710028	-0.000349504404447156
281.8942	0.000705500378396458	-0.000311629241252595
251.20601	0.00069913795285181	-0.000274594955570774
223.92496	0.000699523819586681	-0.000242909818411543
199.55338	0.000697766544331786	-0.0002152920028008
177.78128	0.000697908558134875	-0.000187135012385323
158.52898	0.000698560652015316	-0.000162920741018217
141.21979	0.000698100970739536	-0.00014602566355249
125.92673	0.000697683307969606	-0.000123067063454418
112.19009	0.000701414535274614	-0.000105839611783106
99.968163	0.000701478072974578	-8.93606773316151e-05
89.115646	0.000704555766058581	-7.53530633751243e-05
79.415741	0.000706552844207587	-6.27539429551195e-05
70.793182	0.000707354239692707	-5.12998761056791e-05
63.082279	0.000709833352182511	-4.11902559777084e-05
56.241825	0.000713511218549646	-3.18359039456024e-05
50.112232	0.000717320468634343	-2.17012975589848e-05
44.671223	0.000718256720699711	-1.67394618073137e-05
39.808899	0.000723753247342532	-1.45492402716742e-05
35.488308	0.000727635541135626	-7.62969822816512e-06
31.629578	0.000728065988463918	-2.78290868554787e-06
28.187037	0.000731595280280052	-1.50655405592121e-06
25.120602	0.000734001592493021	3.85504298449921e-06
22.385418	0.000738488463704716	8.32684305931987e-06
19.955338	0.000740604320729073	7.80611496949301e-06
17.775894	0.000743459724716149	1.29964530621944e-05
15.846864	0.000745585714188562	1.2140469935226e-05
14.127493	0.000748068000785257	1.34838129808476e-05
12.587309	0.000749404586193311	1.55026709845731e-05
11.216775	0.000751677042116867	1.37082729786921e-05
9.9968166	0.000753718114220782	1.36485186394153e-05
8.9082127	0.00075623292374132	1.62386000286112e-05
7.9395623	0.000755369654562547	1.5463969855284e-05
7.0765615	0.000758878525765187	1.77087021797189e-05
6.3105822	0.000761676243513571	1.64252765714775e-05
5.6245475	0.000761882042439238	1.50131550314902e-05
5.0112233	0.000764719958248747	1.76438510168278e-05
4.4642835	0.000766889151013671	1.51269827347477e-05
3.9819033	0.000766921227687664	1.89993309017282e-05
3.5479143	0.000767506795365453	1.68218080562477e-05
3.1629577	0.000769764633800347	1.78810692045428e-05
2.818361	0.000770501734434513	1.74116093299762e-05
2.5112481	0.000770281018764804	1.6721489795318e-05
2.2398233	0.000770911764480453	1.59318247139817e-05
1.9950197	0.000771372501429272	1.60437682319616e-05
1.7775893	0.000774721467019145	1.72866202035257e-05
1.5846864	0.000775046499090456	1.91039806671883e-05
1.4122353	0.000774504983968693	1.75485800012919e-05
1.2582541	0.000777308220872723	1.96427165970706e-05
1.1224822	0.000777582103192495	1.71895646638615e-05
1.0000616	0.00078083462321502	2.0110924381337e-05
0.89082122	0.000780859942886155	1.95306935644376e-05
0.79444051	0.000781548619511683	2.12630132068715e-05
0.70784986	0.000783278610820659	2.12207608809022e-05
0.63126236	0.000786239693418217	2.2318701294533e-05
0.562536	0.000786018550988846	2.23690319198483e-05
0.50118715	0.000787101266233244	2.31178197666453e-05
0.44642836	0.000789636943069213	2.48035303198825e-05
0.39821118	0.000790384129340712	2.63212825450799e-05
0.35475865	0.000793981186213645	2.67393122125846e-05
0.31619295	0.000793939982220404	2.84489358433233e-05
0.2819173	0.000794795194286536	2.7406973041774e-05
0.25117323	0.000799086271353158	3.06370322672354e-05
0.22391155	0.000799301932876781	3.0796228815733e-05
0.19957349	0.000801390329400648	3.23113778264339e-05
0.17779917	0.000803897218740511	3.57397838977857e-05
0.15846863	0.000805723100802408	3.61429844775039e-05
0.14123619	0.000807346289782623	3.75535702970819e-05
0.12590662	0.000810235041169387	3.82188455674397e-05
0.1122199	0.000812091768948435	4.05644564520806e-05
0.10002181	0.000814492336832135	4.06907697618589e-05
