10002.226	0.00118640727321783	-0.00957330590983702
8914.9326	0.00114488567998711	-0.00856994106826009
7943.9951	0.00110837274582641	-0.00767099482601035
7081.583	0.0010748538206323	-0.00686615313820115
6307.7358	0.00104098527179351	-0.00614313691531835
5622.5879	0.00101129732486679	-0.00550370246011239
5011.603	0.000983129781702388	-0.00492462577199434
4466.4292	0.000957087972990978	-0.00441003699388044
3981.2773	0.000934140341356389	-0.00395060845945431
3548.8679	0.000909936183075616	-0.0035373325444056
3163.0398	0.000893108082059234	-0.00316868784030951
2819.0986	0.000875762671832756	-0.00283456996882853
2512.4104	0.000859398653772869	-0.00253874765103791
2239.2869	0.000844635397032172	-0.00227638901382526
1995.6381	0.000830941059162326	-0.00203909159766825
1778.2897	0.000820140962096052	-0.00182655903385237
1584.4927	0.000807100007030987	-0.00163595855371937
1412.7418	0.000793677641963327	-0.00146758267278396
1258.7905	0.000786187618338691	-0.00131617139274948
1121.7966	0.000776076491375899	-0.00118030263046569
999.68164	0.00076689762779776	-0.00105897716116653
891.42474	0.000757715438381918	-0.000949193561839421
794.23932	0.00075044592918766	-0.000852990556595329
707.96161	0.00074462397605684	-0.000763765083779327
631.00977	0.00073534322691053	-0.000686893325154637
562.33929	0.000730527354508638	-0.000614152488778716
501.12231	0.000724275513467119	-0.000548929697836801
446.57214	0.000720835509432716	-0.000491069113778844
398.08899	0.00071548422205698	-0.000441428858502642
354.88681	0.000710589908437325	-0.000391857160807528
316.31589	0.000707554636361743	-0.00034863612951936
281.8942	0.000701068328355021	-0.00031254800206312
251.20601	0.000699128620924881	-0.000276619932734013
223.92496	0.000700453491331872	-0.000243365626808017
199.55338	0.000699474632876863	-0.000215202266792264
177.78128	0.000698720753911945	-0.00018669052729188
158.52898	0.000697401937839534	-0.000162746429669561
141.21979	0.000697897539881963	-0.000144539771448303
125.92673	0.000698136153287659	-0.000123529124696023
112.19009	0.000701965398511206	-0.000108570216517263
99.968163	0.000701428308238257	-9.05863350992363e-05
89.115646	0.000702479733957839	-7.64948722477572e-05
79.415741	0.000705345767019559	-6.33720961798945e-05
70.793182	0.000709511683894256	-5.07203669313186e-05
63.082279	0.000709257530663086	-4.03453670916568e-05
56.241825	0.000716534314463224	-3.32260080341771e-05
50.112232	0.000715757061568555	-2.29770400276571e-05
44.671223	0.000718485883065117	-1.89680576192638e-05
39.808899	0.000724891781195952	-1.37676199217311e-05
35.488308	0.000725934648490041	-9.7533296830576e-06
31.629578	0.000730161107229235	2.57657555093042e-08
28.187037	0.000733002031088972	6.5217649416931e-07
25.120602	0.000734123576512835	2.42969411524169e-06
22.385418	0.000738293400764061	6.26033214823234e-06
19.955338	0.000739376802461382	8.80540117313731e-06
17.775894	0.0007439597626495	1.19286302157295e-05
15.846864	0.000744202759492982	1.14618744032635e-05
14.127493	0.000748951665466952	1.30287113660897e-05
12.587309	0.000748095652296738	1.38861000493874e-05
11.216775	0.00075357195582891	1.32070033693233e-05
9.9968166	0.000753233819417893	1.43950770080575e-05
8.9082127	0.000757771369600404	1.50989046677092e-05
7.9395623	0.000756024760701706	1.87983357724113e-05
7.0765615	0.000759897084594062	1.72712233828482e-05
6.3105822	0.000759502690960107	1.71267748076956e-05
5.6245475	0.000761237319399172	1.67072505892381e-05
5.0112233	0.000764127548882196	1.71249726852953e-05
4.4642835	0.000765791857742805	1.67205835809125e-05
3.9819033	0.000766053724024781	1.51749659277666e-05
3.5479143	0.000767502389838811	1.7863991017157e-05
3.1629577	0.000767869261014519	1.91038241907433e-05
2.818361	0.000771039544811885	1.8567341932432e-05
2.5112481	0.000771141497372478	1.86288466889612e-05
2.2398233	0.000770837199069043	1.61016626551848e-05
1.9950197	0.000771299010507743	1.75608945773504e-05
1.7775893	0.000774285405186798	1.77499451474689e-05
1.5846864	0.000776421507904959	1.85237801954303e-05
1.4122353	0.000777000311518568	1.74857214619665e-05
1.2582541	0.000776943931338051	1.99878123041002e-05
1.1224822	0.000776824866755892	1.83446339828813e-05
1.0000616	0.000780715325202201	2.10628462642353e-05
0.89082122	0.000782180721569439	1.95944483752737e-05
0.79444051	0.00078100349039686	2.0817516574618e-05
0.70784986	0.000784442162531497	2.13253910019868e-05
0.63126236	0.000783555820862135	2.15710402544174e-05
0.562536	0.000786820532976318	2.21551823868124e-05
0.50118715	0.000790083676304683	2.37763066224217e-05
0.44642836	0.00078863821044462	2.4521527546368e-05
0.39821118	0.000792069206771252	2.54527997968e-05
0.35475865	0.000793639238709095	2.66759178720867e-05
0.31619295	0.000795268763207488	2.68548937111951e-05
0.2819173	0.000797381340797454	2.79398765670499e-05
0.25117323	0.000797096671604662	2.81240638136775e-05
0.22391155	0.00079989217830639	2.95656805656201e-05
0.19957349	0.000801867760862353	3.29807666125049e-05
0.17779917	0.00080383659601659	3.44892275753923e-05
0.15846863	0.000805126465474475	3.44079523884013e-05
0.14123619	0.000807821297894997	3.78265543940325e-05
0.12590662	0.000810040744713414	3.94310867170615e-05
0.1122199	0.000812528333869536	4.26449990025595e-05
0.10002181	0.000814555218029831	4.299764285466e-05
