10002.226	0.00118581804673352	-0.00957520180793475
8914.9326	0.00114632547882838	-0.00856836634884988
7943.9951	0.00110949516124744	-0.00767145124735927
7081.583	0.00107393932258166	-0.00686840042549443
6307.7358	0.00104223773884554	-0.00614388736699634
5622.5879	0.00101075343945443	-0.00550058784676097
5011.603	0.000982280270508557	-0.00492455852171364
4466.4292	0.000958126697205913	-0.00440946196951815
3981.2773	0.000933694766791818	-0.00394941272079169
3548.8679	0.000911939820792079	-0.00353601460029977
3163.0398	0.000892359691317045	-0.00316831364621129
2819.0986	0.000873936954408634	-0.00283596915234707
2512.4104	0.000858335917597762	-0.00253917139137817
2239.2869	0.000844021890120547	-0.00227631514644948
1995.6381	0.000832984940780481	-0.0020384530844759
1778.2897	0.000818653072770999	-0.00182757634245488
1584.4927	0.000807619420779289	-0.00163550771640541
1412.7418	0.000794466827712553	-0.00146831604831591
1258.7905	0.000786504857457667	-0.00131496144687197
1121.7966	0.000777929207880878	-0.00118021893140301
999.68164	0.000767785306745082	-0.00105888719638812
891.42474	0.000758527256081115	-0.000948869088038778
794.23932	0.000753321528669823	-0.000853041747545831
707.96161	0.000744526785236623	-0.000763797727632741
631.00977	0.000737941303178102	-0.000685209135152925
562.33929	0.000730044833211476	-0.00061407278191892
501.12231	0.000726484335210676	-0.000551952222556797
446.57214	0.000720464366711457	-0.00049048687372278
398.08899	0.000714604857607047	-0.000441878962891486
354.88681	0.000711795815535396	-0.000392554408459461
316.31589	0.000707743615604352	-0.000348419162788547
281.8942	0.000703879318813795	-0.000311409338780409
251.20601	0.000701802534365103	-0.000277918720161072
223.92496	0.000700069249907016	-0.000244490364250874
199.55338	0.000699083606629005	-0.000216673389400966
177.78128	0.000697862161645085	-0.000188425864440771
158.52898	0.000697763392085684	-0.00016397462871224
141.21979	0.000696734338834344	-0.000143838804833419
125.92673	0.000696652881648935	-0.000122082129899758
112.19009	0.000699912487193656	-0.000108960262371874
99.968163	0.000700445253452105	-8.9043097532555e-05
89.115646	0.000704187373428951	-7.71823525054353e-05
79.415741	0.000706891842511158	-6.33088303828683e-05
70.793182	0.000707572377408698	-5.1724172140317e-05
63.082279	0.000709454197149633	-4.02992852529744e-05
56.241825	0.000714614017761361	-3.2015190910393e-05
50.112232	0.000717130556590208	-2.3507137850674e-05
44.671223	0.000717958997063562	-1.72605036872282e-05
39.808899	0.0007245193664235	-1.19118203369247e-05
35.488308	0.000727696417887944	-8.87026091568399e-06
31.629578	0.000728636649821799	-3.48002605389888e-06
28.187037	0.000730074087531787	1.6799035285455e-06
25.120602	0.000735227777440129	5.23639105685395e-06
22.385418	0.000736444192889488	5.5490166952998e-06
19.955338	0.000739362120523281	6.5640906887935e-06
17.775894	0.000743083290148527	1.10252148900476e-05
15.846864	0.000744415648590259	1.16229450442289e-05
14.127493	0.000749454220172726	1.47742818399916e-05
12.587309	0.000750164738784574	1.23320327757925e-05
11.216775	0.000753119366688116	1.30418433228907e-05
9.9968166	0.000753221845625801	1.43059320317584e-05
8.9082127	0.000755312621790791	1.73108350553345e-05
7.9395623	0.000755454683496556	1.7515382068377e-05
7.0765615	0.000758532198143647	1.5338185386819e-05
6.3105822	0.000761526027786792	1.65693000155477e-05
5.6245475	0.000763149470144328	1.55735070932851e-05
5.0112233	0.000763967367672996	1.76025733484764e-05
4.4642835	0.000765696978877134	1.62864019252513e-05
3.9819033	0.000766381604711489	1.48585398222379e-05
3.5479143	0.00076728923395928	1.59762401559385e-05
3.1629577	0.000767947722406075	1.84763942608593e-05
2.818361	0.000769976063451451	1.57344175082056e-05
2.5112481	0.000771583157426652	1.54045875522191e-05
2.2398233	0.000773219297501467	1.68457065126138e-05
1.9950197	0.000773173778896718	1.68893290886109e-05
1.7775893	0.000773489204382786	1.6728212778585e-05
1.5846864	0.000775539048217488	1.88384627007244e-05
1.4122353	0.000775993058486828	1.80513828879957e-05
1.2582541	0.00077589282741375	2.03232029774679e-05
1.1224822	0.000777535623160925	2.0980096659771e-05
1.0000616	0.000779789495409682	1.97338432628971e-05
0.89082122	0.000781119321648057	2.05250148850389e-05
0.79444051	0.000783669059817111	2.21469976236753e-05
0.70784986	0.000783267915908981	2.10532083741189e-05
0.63126236	0.000786760586216298	2.25905990513386e-05
0.562536	0.000786159838228426	2.23958646871272e-05
0.50118715	0.000786991101728566	2.34325811830063e-05
0.44642836	0.000788804944650034	2.39195147362411e-05
0.39821118	0.00079098363584342	2.58735927611681e-05
0.35475865	0.000791793796239357	2.70255624132548e-05
0.31619295	0.000791585943040076	2.84296127273294e-05
0.2819173	0.00079537176929619	2.77662841747866e-05
0.25117323	0.000796326167417197	3.0105105538735e-05
0.22391155	0.000798506451272559	3.15685273978207e-05
0.19957349	0.000801616376105884	3.27759715083605e-05
0.17779917	0.000803746932693833	3.45904461264144e-05
0.15846863	0.00080402184220249	3.50075324602321e-05
0.14123619	0.000807259789735856	3.68139248429099e-05
0.12590662	0.000810995472619382	3.70226843148805e-05
0.1122199	0.000810932018744289	4.0522835560589e-05
0.10002181	0.000814710004820598	4.37089378175783e-05
