10002.226	0.00118661654189856	-0.00957288232542356
8914.9326	0.00114732142947681	-0.00857085197039329
7943.9951	0.00110895096475401	-0.00767109643966632
7081.583	0.00107457775284435	-0.00686761702246379
6307.7358	0.00104075065509276	-0.00614514410212843
5622.5879	0.00101174840316343	-0.00550180833794803
5011.603	0.000980699366744687	-0.00492544804778796
4466.4292	0.000958930150994932	-0.00441042553607592
3981.2773	0.000935424444213929	-0.00394808018938376
3548.8679	0.000911852611715009	-0.00353825702435069
3163.0398	0.000893249227351964	-0.00316796306495542
2819.0986	0.000875550323334576	-0.00283494407727622
2512.4104	0.000860228214580767	-0.00253907808076058
2239.2869	0.000843764873657089	-0.00227606192060602
1995.6381	0.000830251473299113	-0.00203929808034684
1778.2897	0.000817862638548289	-0.00182501040684531
1584.4927	0.000804636659222978	-0.00163787288330869
1412.7418	0.000792616930798733	-0.00146684424778653
1258.7905	0.000784909064254499	-0.00131632011662913
1121.7966	0.000777932213036533	-0.00118087290932467
999.68164	0.000766843049013267	-0.00105595890025678
891.42474	0.000757975974218492	-0.000950123265853593
794.23932	0.0007513610147777	-0.000854369568307726
707.96161	0.000743272098540629	-0.000762934560534708
631.00977	0.000737524073705226	-0.000687220278305606
562.33929	0.000729749909285489	-0.000614383505662955
501.12231	0.000725762834329098	-0.000550151611498369
446.57214	0.000720475189937886	-0.000493227001226889
398.08899	0.000714236643490798	-0.00043925228730886
354.88681	0.000710230543931879	-0.000393255532064898
316.31589	0.000707520536213406	-0.000349124133953239
281.8942	0.00070488584799401	-0.000311497923804715
251.20601	0.000699989367528516	-0.000274911222172513
223.92496	0.000697633334490882	-0.000243117130792876
199.55338	0.000698003319706328	-0.000217299485814885
177.78128	0.000695388967045938	-0.000187351899037629
158.52898	0.000697738729763095	-0.00016486738746321
141.21979	0.000696707614387059	-0.000143840535535508
125.92673	0.000698781255321333	-0.000123294999814784
112.19009	0.00070018049989049	-0.000106948382637133
99.968163	0.000700387897795316	-8.90511946029061e-05
89.115646	0.000703911897695618	-7.55121524357094e-05
79.415741	0.00070453203195688	-6.30504432803778e-05
70.793182	0.000706238539503174	-5.1576948936132e-05
63.082279	0.000711129867252581	-3.97592034475179e-05
56.241825	0.000714132498900933	-3.09361604589511e-05
50.112232	0.000715601834938886	-2.33206964802288e-05
44.671223	0.000718779229601105	-1.76333014709577e-05
39.808899	0.000722400307942124	-1.35194342589512e-05
35.488308	0.000725200009906236	-5.91043099881732e-06
31.629578	0.000730010531256983	-2.57524865201067e-06
28.187037	0.000732417905199501	-7.81311794113541e-07
25.120602	0.000734113785444109	3.98034664216886e-06
22.385418	0.000738368395375707	6.11040689583482e-06
19.955338	0.000740579106653343	9.09756259086452e-06
17.775894	0.00074295973712399	1.19055880894611e-05
15.846864	0.000745977788909199	1.16760484949444e-05
14.127493	0.000748185262547234	1.37947263907433e-05
12.587309	0.000749058760638564	1.34013211466613e-05
11.216775	0.000751436540698973	1.40707796457202e-05
9.9968166	0.000753237484271007	1.39767048227751e-05
8.9082127	0.000754916303641699	1.42337230623807e-05
7.9395623	0.000755371703672659	1.67063907824924e-05
7.0765615	0.000759359590774126	1.68848238306513e-05
6.3105822	0.000761379682062421	1.76423492958249e-05
5.6245475	0.000763257520493998	1.45199211456173e-05
5.0112233	0.000762749219150993	1.72216443269413e-05
4.4642835	0.000765706704477266	1.70494688035547e-05
3.9819033	0.000767757466108627	1.73811338276709e-05
3.5479143	0.000767230916198549	1.72021741796571e-05
3.1629577	0.000769690511676806	1.75686375082549e-05
2.818361	0.000770856066595695	1.69173233773965e-05
2.5112481	0.000772695883316116	1.63037648513933e-05
2.2398233	0.000771006415314343	1.87402414423614e-05
1.9950197	0.000773709514658517	1.52765364119455e-05
1.7775893	0.000773870592113142	1.59244391104909e-05
1.5846864	0.00077448135139053	1.82809355203395e-05
1.4122353	0.000777707785492975	1.98187643149619e-05
1.2582541	0.000778464536416481	1.99452944858833e-05
1.1224822	0.000779716772514037	1.90450380608102e-05
1.0000616	0.000779568019662944	2.13169818802955e-05
0.89082122	0.000780738785226071	1.84087436125568e-05
0.79444051	0.000783607547368854	2.09654077939343e-05
0.70784986	0.000782840369805035	2.19698591171399e-05
0.63126236	0.000783623253110123	2.24872222235827e-05
0.562536	0.000785974320419301	2.29341442119139e-05
0.50118715	0.000787360991862753	2.152741197879e-05
0.44642836	0.000790028288543224	2.43026089800399e-05
0.39821118	0.000792403598240417	2.62492100711685e-05
0.35475865	0.00079381001126371	2.67389459018479e-05
0.31619295	0.000794413304057781	2.83301141376801e-05
0.2819173	0.000796489092256355	2.96105955819562e-05
0.25117323	0.000797854983415915	2.9210728075439e-05
0.22391155	0.000800071205801229	3.10807399042448e-05
0.19957349	0.000801204417829626	3.22711229102547e-05
0.17779917	0.000802769111263711	3.47513998906246e-05
0.15846863	0.000805043427283758	3.54484304495076e-05
0.14123619	0.000807744379374871	3.90926473139014e-05
0.12590662	0.000808182795123593	4.03120962679247e-05
0.1122199	0.00081158864853098	4.0979000004466e-05
0.10002181	0.00081160046218685	4.30485498303807e-05
