10002.226	0.00117140313605092	-0.00958792580996428
8914.9326	0.00113340771050078	-0.00858376138433437
7943.9951	0.00109367013210725	-0.00768196215010216
7081.583	0.00105926508596055	-0.0068781198118788
6307.7358	0.00102954429563715	-0.00615692571990218
5622.5879	0.000995436011415492	-0.00551086146760251
5011.603	0.000967550587241676	-0.00493500306342824
4466.4292	0.000943586496492214	-0.00441722544949125
3981.2773	0.000919111326825865	-0.00395661422759567
3548.8679	0.000894870128579609	-0.00354140556727128
3163.0398	0.000878520714261598	-0.00317094009606289
2819.0986	0.000860507864370808	-0.00283985593327526
2512.4104	0.000843982764117869	-0.00254305314147582
2239.2869	0.000829257128003051	-0.00227937371895822
1995.6381	0.000815917318895279	-0.00204160347117648
1778.2897	0.000802921312093048	-0.00182998524757131
1584.4927	0.000792074042131875	-0.00163922756570291
1412.7418	0.000778636431037253	-0.00146944829949266
1258.7905	0.000772356828427668	-0.00131884334775178
1121.7966	0.000762787386610471	-0.00118169030318829
999.68164	0.000752103472976674	-0.00106041527494805
891.42474	0.000743280970680876	-0.000952087420041093
794.23932	0.000737619122086634	-0.000854165538795584
707.96161	0.000731463695746139	-0.000763841403735955
631.00977	0.000722542075218405	-0.000686851782610297
562.33929	0.000716939980165904	-0.000613216382661993
501.12231	0.000710114548239577	-0.000553361285872881
446.57214	0.000705399569011205	-0.000491451419196804
398.08899	0.000701240002178972	-0.000440217748495894
354.88681	0.000695944445660312	-0.000393215433204645
316.31589	0.000692857179103566	-0.000349171623844937
281.8942	0.000689988654472446	-0.000313011058496728
251.20601	0.000687352806745667	-0.000274785970317722
223.92496	0.000686493391651741	-0.000244434114973878
199.55338	0.000683456398914861	-0.000215986424996642
177.78128	0.000682193127442814	-0.000187172262116785
158.52898	0.000683240640973817	-0.000165697115336671
141.21979	0.000684328344851053	-0.000143717584606125
125.92673	0.000682085388297685	-0.0001238095405885
112.19009	0.000685179204282556	-0.000109806192636558
99.968163	0.00068512105085072	-9.12257736501104e-05
89.115646	0.000689523174949938	-7.74133982107282e-05
79.415741	0.000689697435617833	-6.47534534417677e-05
70.793182	0.00069260853172997	-4.95610066830625e-05
63.082279	0.000696359154252653	-4.15963338146316e-05
56.241825	0.00070073435940654	-3.16058110683414e-05
50.112232	0.000701103295391829	-2.29264323290653e-05
44.671223	0.000702242740036078	-1.89168057585535e-05
39.808899	0.000707365756238102	-1.43604024395887e-05
35.488308	0.000711092796932261	-6.00013401883922e-06
31.629578	0.000714821668229762	-9.05902585042481e-07
28.187037	0.000716634201946263	-7.47044580571068e-08
25.120602	0.000718739943958151	3.61664047148651e-06
22.385418	0.000724182661120895	5.74679894877986e-06
19.955338	0.000728803388205456	9.39054181951695e-06
17.775894	0.000729297498135343	1.27375047164388e-05
15.846864	0.000730617668023806	1.14250022256789e-05
14.127493	0.000733306332593489	1.30625408903678e-05
12.587309	0.000734911847866674	1.35883820476455e-05
11.216775	0.00073680374718899	1.55414811293143e-05
9.9968166	0.00073864265574106	1.34257409717163e-05
8.9082127	0.000742330499432955	1.54360475795217e-05
7.9395623	0.000742592058215448	1.74060292586107e-05
7.0765615	0.000745387496834954	1.73632434000652e-05
6.3105822	0.000746343202271842	1.77789534174653e-05
5.6245475	0.000746806961380958	1.57027153564586e-05
5.0112233	0.000749492124447681	1.69723100092189e-05
4.4642835	0.000750241618916265	1.58728496715695e-05
3.9819033	0.000752911711652992	1.77109813403218e-05
3.5479143	0.000750201271745437	1.77082060511285e-05
3.1629577	0.000755541303715545	1.8067986013902e-05
2.818361	0.000755261572613895	1.69730653577845e-05
2.5112481	0.000756133253044465	1.60904839455889e-05
2.2398233	0.000755839855135249	1.66397768718807e-05
1.9950197	0.000759160704677436	1.65883687537109e-05
1.7775893	0.000758496705704669	1.63285934157422e-05
1.5846864	0.000763372510011058	1.72280986916923e-05
1.4122353	0.000759522507643553	1.87327713940467e-05
1.2582541	0.000761495141017251	1.98577696191524e-05
1.1224822	0.000765329802550509	1.90845153918326e-05
1.0000616	0.000765190561223017	2.00911440059582e-05
0.89082122	0.000765859261172243	2.17643119048106e-05
0.79444051	0.000768620480704807	2.14481802445767e-05
0.70784986	0.000769276969391752	2.25011235469049e-05
0.63126236	0.000769650436065455	2.36013054574017e-05
0.562536	0.000774037453086467	2.29241379798335e-05
0.50118715	0.000772745991259267	2.35538586115981e-05
0.44642836	0.000774815464377099	2.39676169780214e-05
0.39821118	0.000777210833829448	2.62845895772528e-05
0.35475865	0.000778833056626822	2.60572176867861e-05
0.31619295	0.000779647666030611	2.72092266685712e-05
0.2819173	0.000781495473939426	2.74060993100075e-05
0.25117323	0.000782603541952088	2.97496572893619e-05
0.22391155	0.000785852499212484	3.13143351017312e-05
0.19957349	0.000786809924659201	3.1502592572313e-05
0.17779917	0.000788191992557611	3.40697589380166e-05
0.15846863	0.000791128415963908	3.45050150105761e-05
0.14123619	0.00079303177141741	3.78248982829491e-05
0.12590662	0.000795350019042365	3.72914624660007e-05
0.1122199	0.000797192512910448	3.91252001910103e-05
0.10002181	0.00079937271400261	4.23092104184515e-05
