10002.226	0.00117166568270149	-0.0095906711037342
8914.9326	0.00113022753376489	-0.00858455838194049
7943.9951	0.00109335183049029	-0.00768291306930433
7081.583	0.00106022247155772	-0.00687908369044199
6307.7358	0.00102760976820507	-0.00615391907024553
5622.5879	0.000999542162142202	-0.00551127028022653
5011.603	0.000967609918645503	-0.00493354603712266
4466.4292	0.000942095335347105	-0.00441885248850415
3981.2773	0.000919718578309505	-0.00395650382022786
3548.8679	0.000895848876668126	-0.00354206815585218
3163.0398	0.000877459684999892	-0.00317274689438793
2819.0986	0.00085996386233079	-0.00284022050414879
2512.4104	0.000844956171220884	-0.00254184569402395
2239.2869	0.000830524918464521	-0.00228085439003185
1995.6381	0.000815549500046928	-0.00204152651588745
1778.2897	0.000804990254502362	-0.00182995645132751
1584.4927	0.000793157634122189	-0.0016403623274816
1412.7418	0.000778490540509754	-0.00147104591559918
1258.7905	0.000770551998318781	-0.00131803263691173
1121.7966	0.000761754808277198	-0.00118353335458362
999.68164	0.000752586467211079	-0.00106064865062809
891.42474	0.000743499799483094	-0.000950135748139656
794.23932	0.000738852570773344	-0.000852774160546062
707.96161	0.000729006344026846	-0.000765266181254485
631.00977	0.000722914250282775	-0.000688179266315146
562.33929	0.000716093153177287	-0.000614563456189532
501.12231	0.00071082393658668	-0.000549955965585403
446.57214	0.000704776799747544	-0.000492880899389633
398.08899	0.000699500555924226	-0.000441232421265269
354.88681	0.000696062521380328	-0.000393123110010866
316.31589	0.000693746840080695	-0.00034930669307189
281.8942	0.000689251034289503	-0.000312836239029495
251.20601	0.00068568452674998	-0.000275873639618302
223.92496	0.000684544414009498	-0.000243778866205348
199.55338	0.000683701655724878	-0.000215196880315482
177.78128	0.000683086077122862	-0.000188249767950551
158.52898	0.000684004777160249	-0.000162028577457956
141.21979	0.000681558742152412	-0.000145003933860066
125.92673	0.000684107639320695	-0.000123926814642515
112.19009	0.000686323505093081	-0.000105626984780253
99.968163	0.000686459515551355	-8.69320285097122e-05
89.115646	0.000688374076126949	-7.79625784622343e-05
79.415741	0.000692135969351529	-6.35907026424865e-05
70.793182	0.000693237833502982	-5.16931834115188e-05
63.082279	0.000695377607884852	-4.16328599913686e-05
56.241825	0.00070140430769625	-3.28446444438066e-05
50.112232	0.00070170303399902	-2.39095273551393e-05
44.671223	0.000704306607217246	-1.86665712837071e-05
39.808899	0.000708290191633698	-1.24534907753969e-05
35.488308	0.00071021946212464	-5.58937170306771e-06
31.629578	0.000713629519105651	-1.98149610593679e-06
28.187037	0.000717732089090181	1.40339784362303e-06
25.120602	0.000720209338724939	4.70323342588595e-06
22.385418	0.000721431597337843	5.2909192307892e-06
19.955338	0.000725608079263336	8.9814397583449e-06
17.775894	0.000726730982427438	1.11153013122403e-05
15.846864	0.000732019533479059	1.20662248824886e-05
14.127493	0.000734698048806292	1.23830328958155e-05
12.587309	0.000735257432933868	1.26412457459228e-05
11.216775	0.000736424976491816	1.27091349692438e-05
9.9968166	0.000739578420960702	1.37234282210199e-05
8.9082127	0.000740516643162505	1.49659548784842e-05
7.9395623	0.000743290678478461	1.49291120412491e-05
7.0765615	0.000743814931739645	1.77607281940926e-05
6.3105822	0.000746857315407957	1.73819931135618e-05
5.6245475	0.000746373795137398	1.70337392248815e-05
5.0112233	0.000748219176339516	1.71352148207641e-05
4.4642835	0.000751709045843568	1.66078962968419e-05
3.9819033	0.00075093785026247	1.73646974619817e-05
3.5479143	0.000752612544811935	1.73458498787638e-05
3.1629577	0.000755705043969401	1.78089786965188e-05
2.818361	0.000755806066964538	1.73126565870041e-05
2.5112481	0.000755538881781964	1.77955574020593e-05
2.2398233	0.000758305184941437	1.84748725821359e-05
1.9950197	0.000758632374471818	1.59144259933352e-05
1.7775893	0.000758985537735126	1.61666691484895e-05
1.5846864	0.000761953034113575	1.88708403476991e-05
1.4122353	0.000761419474736597	1.82081675681342e-05
1.2582541	0.000762366695775346	1.90780569750275e-05
1.1224822	0.000763759284916556	2.02021205335506e-05
1.0000616	0.000764782104671091	2.13372027740263e-05
0.89082122	0.000766492550736791	2.05064230623314e-05
0.79444051	0.00076832898874988	1.97017213850572e-05
0.70784986	0.000768848215289784	2.22586935257853e-05
0.63126236	0.000768741559514911	2.3167068432351e-05
0.562536	0.000773313417403759	2.17669054894976e-05
0.50118715	0.000774498108817094	2.34914059381016e-05
0.44642836	0.000774733296459607	2.30409333054631e-05
0.39821118	0.000776751121892232	2.72988325125873e-05
0.35475865	0.000776081248014101	2.72557538712734e-05
0.31619295	0.000778867061570324	2.70082102239748e-05
0.2819173	0.000780745087541187	2.63567077006348e-05
0.25117323	0.000785521870612242	2.84859734538457e-05
0.22391155	0.000786216313303095	3.05080943619853e-05
0.19957349	0.000785915112049202	3.19122759149046e-05
0.17779917	0.000787718648998436	3.29419781312532e-05
0.15846863	0.000789420106098409	3.49990445766576e-05
0.14123619	0.000794246692410797	3.72586112868643e-05
0.12590662	0.000795843701282022	3.88854275477149e-05
0.1122199	0.000795955659640473	4.23045552387273e-05
0.10002181	0.000799013667178915	4.22954430871027e-05
