10002.226	0.0011732303922138	-0.0095888799443864
8914.9326	0.00113192676497568	-0.00858334234525565
7943.9951	0.00109436255371578	-0.00768353749008431
7081.583	0.00106072812607933	-0.00688028619726899
6307.7358	0.00102900973704312	-0.00615617342442536
5622.5879	0.000996506807546915	-0.0055105568694328
5011.603	0.000967581416416497	-0.00493593860079492
4466.4292	0.000941624656640151	-0.0044175245978416
3981.2773	0.000918655817632264	-0.00395541449020633
3548.8679	0.000897126123358694	-0.0035436766313872
3163.0398	0.000876986044031182	-0.00317231505267501
2819.0986	0.000860161528722478	-0.00284042729864773
2512.4104	0.000844330750808087	-0.00254371761530877
2239.2869	0.000828481518178797	-0.00227996472939117
1995.6381	0.000815227714550319	-0.00204049746619266
1778.2897	0.000804371087625146	-0.00183178395226012
1584.4927	0.000789064498187176	-0.0016392829158624
1412.7418	0.000778913516297861	-0.00146984423248912
1258.7905	0.000770748439851533	-0.00131778886141856
1121.7966	0.000760952681513955	-0.00118137563189472
999.68164	0.00075440274161012	-0.00105996249582464
891.42474	0.000744856872126806	-0.000949473519121181
794.23932	0.000738445321773024	-0.000852954555766062
707.96161	0.000730403965050797	-0.000765984161953407
631.00977	0.000723804040957719	-0.000686629633061202
562.33929	0.000717155714201533	-0.000615058388601075
501.12231	0.000709777870434149	-0.000551672370308061
446.57214	0.000705255198750568	-0.000491872654227274
398.08899	0.000699024997452226	-0.000442045852987751
354.88681	0.000695089774372431	-0.00039458023197854
316.31589	0.000694179160874237	-0.000349813698564892
281.8942	0.000689688279800317	-0.000312006166983222
251.20601	0.000685167688697052	-0.000275306607222519
223.92496	0.000683275451852983	-0.000245216982713526
199.55338	0.000682833266484701	-0.000217826608154264
177.78128	0.000682486744676543	-0.000188826291974572
158.52898	0.000683820183790302	-0.000164130201700844
141.21979	0.000682569993611618	-0.00014450788811039
125.92673	0.000682064392777228	-0.000123331385395418
112.19009	0.000684727230761589	-0.000106985963237158
99.968163	0.000685748586818545	-8.91542295198115e-05
89.115646	0.000686972696443097	-7.54317403663047e-05
79.415741	0.000692458731380925	-6.4412722300642e-05
70.793182	0.000692969479533509	-5.18905269953123e-05
63.082279	0.000695874751405631	-4.15904255050514e-05
56.241825	0.000698624861246306	-3.20494218926127e-05
50.112232	0.000701751586672181	-2.19290269457543e-05
44.671223	0.000704828048792434	-1.93488127421932e-05
39.808899	0.000708886410921686	-1.36119535535845e-05
35.488308	0.000711426949423449	-7.59190116630546e-06
31.629578	0.000714986142744366	-1.5152507831936e-06
28.187037	0.000717914473457907	8.11616381554745e-07
25.120602	0.000719978172205854	2.95070520206404e-06
22.385418	0.000723282700071565	9.01964443147919e-06
19.955338	0.000725904059677862	1.00433325758331e-05
17.775894	0.000728394846428205	1.15738885770588e-05
15.846864	0.000731136039078503	1.26837084047287e-05
14.127493	0.000733242334219793	1.27393476258072e-05
12.587309	0.000733875655863308	1.40172708482135e-05
11.216775	0.000735649630227646	1.49872162340556e-05
9.9968166	0.000738651626215745	1.42971524334326e-05
8.9082127	0.000742255393738502	1.49054347508056e-05
7.9395623	0.000742995788899228	1.62608708687376e-05
7.0765615	0.000744956222998471	1.85123500216933e-05
6.3105822	0.000746886426128777	1.64971753861586e-05
5.6245475	0.000746686013613363	1.48823821938599e-05
5.0112233	0.000749494294801676	1.71284726169684e-05
4.4642835	0.000749279574349712	1.72380998072476e-05
3.9819033	0.000751612843595141	1.61101193769732e-05
3.5479143	0.000752044168096001	1.61212612407595e-05
3.1629577	0.000754432935543716	1.6466600128678e-05
2.818361	0.000755392501174459	1.93196589247187e-05
2.5112481	0.000757281775578465	1.7300844505602e-05
2.2398233	0.000758796657046658	1.69198062434975e-05
1.9950197	0.000758173396506156	1.8059233345952e-05
1.7775893	0.000759422947928492	1.68317529159802e-05
1.5846864	0.000760296590584121	1.75299331441712e-05
1.4122353	0.000760892873875287	1.72706869755309e-05
1.2582541	0.000761303026699571	2.11950549454526e-05
1.1224822	0.000764748850933451	1.85922717400568e-05
1.0000616	0.000765723468621272	2.09085125739201e-05
0.89082122	0.000768291439399899	2.16873125277535e-05
0.79444051	0.000767916805892714	2.06355148731149e-05
0.70784986	0.000769347924520558	2.24175509399613e-05
0.63126236	0.000772194126419253	2.36850953018084e-05
0.562536	0.000772662009759584	2.27240649230822e-05
0.50118715	0.000774721762798654	2.33465603332552e-05
0.44642836	0.000776775207918604	2.3453655779414e-05
0.39821118	0.000778281826030094	2.61071964531492e-05
0.35475865	0.000777198271033321	2.7924228234706e-05
0.31619295	0.000779618876854917	2.77661620165122e-05
0.2819173	0.00077918217668608	2.9494778615089e-05
0.25117323	0.00078237899152596	2.92332307233032e-05
0.22391155	0.000784755890163569	3.08855270004272e-05
0.19957349	0.000787555553468027	3.23085048860147e-05
0.17779917	0.000787439596984097	3.32098763795691e-05
0.15846863	0.000790497638587906	3.59082669580624e-05
0.14123619	0.000790654295025828	3.67904230057206e-05
0.12590662	0.000794458867465022	3.91542397150553e-05
0.1122199	0.000797184862023351	3.96664342293777e-05
0.10002181	0.000799950877468169	4.23209436398006e-05
