10002.226	0.00117300053756511	-0.00958856443463523
8914.9326	0.00113019963074902	-0.00858582561040389
7943.9951	0.00109440676065429	-0.00768253603116687
7081.583	0.00105847415334505	-0.00687868725119786
6307.7358	0.00102869539009734	-0.00615662247556293
5622.5879	0.000996667042382296	-0.00551079203441968
5011.603	0.000966275999839673	-0.00493439575559823
4466.4292	0.000943844612655702	-0.00441696129090381
3981.2773	0.000919767003164819	-0.00395595879080235
3548.8679	0.000896098923760962	-0.00354213783792088
3163.0398	0.000877886106111326	-0.00317323785659692
2819.0986	0.000859556561145217	-0.00284111795603236
2512.4104	0.000843674625020063	-0.0025453102282422
2239.2869	0.000829636624071042	-0.00227878842484012
1995.6381	0.000816942398640968	-0.00204079980904468
1778.2897	0.000803736756126489	-0.0018296430650266
1584.4927	0.000790435374946597	-0.00163957647149423
1412.7418	0.000778047525581183	-0.00146944297669662
1258.7905	0.000770995279304458	-0.00131828506308601
1121.7966	0.000760445785517237	-0.00118165289994692
999.68164	0.000752022982095721	-0.00105919515052171
891.42474	0.000744796085667322	-0.000952003431754873
794.23932	0.000737330039644432	-0.000854305886953886
707.96161	0.000729581591747745	-0.000766436580767449
631.00977	0.000722421369480829	-0.000687335637407058
562.33929	0.000715994855012082	-0.000615061061343864
501.12231	0.000709576075770457	-0.000551255175030602
446.57214	0.0007068562488144	-0.000492584097296915
398.08899	0.000702196764844455	-0.00044227266584643
354.88681	0.000696941158906031	-0.00039374131510654
316.31589	0.000694173562115681	-0.000348585563247849
281.8942	0.000691405354165894	-0.000313538424534145
251.20601	0.000686352272631734	-0.000274961641025951
223.92496	0.000684293205816347	-0.000243896799734276
199.55338	0.000685396023145535	-0.000215142741986718
177.78128	0.000684419153279287	-0.000186016894405037
158.52898	0.000683700284281707	-0.000165203694438657
141.21979	0.000683008825316433	-0.000145310402774145
125.92673	0.000684479319210092	-0.000124079322827941
112.19009	0.000686289694448251	-0.000107636802733437
99.968163	0.000687803319444238	-8.90871038631699e-05
89.115646	0.000686482274649196	-7.81465950913712e-05
79.415741	0.000690254773274056	-6.35801973684623e-05
70.793182	0.000692378343380932	-5.05062131064657e-05
63.082279	0.000696577082573886	-4.10137005975544e-05
56.241825	0.000699949885244776	-3.17774000942631e-05
50.112232	0.000699816265312259	-2.3968364063429e-05
44.671223	0.000704840203657029	-1.86570232554574e-05
39.808899	0.000709636916441058	-1.34112096174211e-05
35.488308	0.000710762493117695	-8.04117843887609e-06
31.629578	0.000714429199506297	-2.57644107430457e-06
28.187037	0.000717982098588228	1.31667963322603e-06
25.120602	0.000719406819280361	2.78312472425873e-06
22.385418	0.000723037261770593	8.02181775296181e-06
19.955338	0.000725898585607735	8.22605388303101e-06
17.775894	0.000728922894465346	1.13670411523923e-05
15.846864	0.000730411104323629	1.13870998735261e-05
14.127493	0.000734488342478473	1.31706396769677e-05
12.587309	0.000734960116155331	1.32028399459208e-05
11.216775	0.000736629835485244	1.43817358728465e-05
9.9968166	0.00073877397054088	1.23624864545812e-05
8.9082127	0.000740364235530545	1.3749227448478e-05
7.9395623	0.000743766764316457	1.74999752941597e-05
7.0765615	0.000744204669375235	1.71889635247833e-05
6.3105822	0.000746914666447677	1.86978914574088e-05
5.6245475	0.000748971702287638	1.74577073818941e-05
5.0112233	0.00075004071687687	1.906645485105e-05
4.4642835	0.000749805669729213	1.58431511448106e-05
3.9819033	0.000749784074278143	1.66727681439763e-05
3.5479143	0.000752947087197383	1.70010859094607e-05
3.1629577	0.000755820800642555	1.84289785674235e-05
2.818361	0.000756249154163335	1.83070466671292e-05
2.5112481	0.00075569900708304	1.685524887145e-05
2.2398233	0.000755146042895073	1.72282955731405e-05
1.9950197	0.000759534891061869	1.85666922157995e-05
1.7775893	0.000760786403210704	1.73750219165448e-05
1.5846864	0.000761961650400551	1.8069216309255e-05
1.4122353	0.000761329233733577	1.84877170142805e-05
1.2582541	0.000761994840942293	1.93316416983243e-05
1.1224822	0.000763792472066298	1.92222728436855e-05
1.0000616	0.000766040662922559	2.10569823295231e-05
0.89082122	0.000767306320601056	2.12814831998524e-05
0.79444051	0.000768845099246008	2.22375307393626e-05
0.70784986	0.000769942862619276	2.08711233970589e-05
0.63126236	0.000771430429915728	2.30271838913119e-05
0.562536	0.00077293590269182	2.25246959238273e-05
0.50118715	0.00077304433876976	2.32312027918314e-05
0.44642836	0.000775203797162377	2.48308218290417e-05
0.39821118	0.000777351210120372	2.44484757487641e-05
0.35475865	0.000777048483890512	2.74515067880797e-05
0.31619295	0.00077896530347501	2.53054822385221e-05
0.2819173	0.000781476816135923	2.70667455083085e-05
0.25117323	0.000783190269934476	2.95701019552039e-05
0.22391155	0.000785336078678417	3.12132220023091e-05
0.19957349	0.000786773508709657	3.32599350256443e-05
0.17779917	0.000788225186929133	3.2894400309204e-05
0.15846863	0.00079117312302342	3.53397764154586e-05
0.14123619	0.000792932945112007	3.56061691255511e-05
0.12590662	0.000796206748681833	3.97371184337473e-05
0.1122199	0.000795773235161861	4.21889246645647e-05
0.10002181	0.000801215240617302	4.28996186978405e-05
