10002.226	0.0011867326123288	-0.00950003208736562
8914.9326	0.0011485195086739	-0.00850631881383402
7943.9951	0.00110924571705041	-0.00761592408354455
7081.583	0.00107531463457069	-0.00681656094859073
6307.7358	0.00104667046371982	-0.00609822056324502
5622.5879	0.00101164044717668	-0.00546046167288161
5011.603	0.000982969711774377	-0.00488968675181896
4466.4292	0.000959823731809315	-0.00437557706355547
3981.2773	0.000935601948662072	-0.00391951534215668
3548.8679	0.000912962244905558	-0.00350991195919201
3163.0398	0.000895949878316561	-0.00314413015282737
2819.0986	0.000876386871459342	-0.00281428603015798
2512.4104	0.000862834927346499	-0.00251927807007061
2239.2869	0.000845880091215718	-0.0022593319792818
1995.6381	0.000833557806894524	-0.0020226707414017
1778.2897	0.000819947713401563	-0.00181329530175575
1584.4927	0.000806737615426725	-0.0016239658799053
1412.7418	0.000796590506269233	-0.00145803334907383
1258.7905	0.000787345497260633	-0.00130463321009819
1121.7966	0.000780725052440345	-0.00117259940579204
999.68164	0.00076859418327209	-0.00105014565302018
891.42474	0.000759847172802268	-0.000943465812342546
794.23932	0.000755729678943743	-0.000846499776952076
707.96161	0.000745402960253784	-0.000756982268779058
631.00977	0.000738582170721431	-0.000681157528847092
562.33929	0.000733891453215391	-0.000611214870311141
501.12231	0.000726835586276137	-0.000546556863764426
446.57214	0.000722517456610764	-0.000488255736653036
398.08899	0.000716374937221199	-0.000437415634519371
354.88681	0.000712886014931329	-0.000390276843449255
316.31589	0.000712414629034379	-0.000346701503262501
281.8942	0.000704379625539747	-0.000309407533822424
251.20601	0.000702109583369944	-0.000272846055282779
223.92496	0.000701224867736114	-0.000242007648274832
199.55338	0.000700452497621798	-0.000216124074567696
177.78128	0.000700709043464457	-0.00018290148921738
158.52898	0.000698418241214656	-0.000163929833781008
141.21979	0.000698883297627305	-0.000142753501126019
125.92673	0.000699136273383929	-0.000123688627356012
112.19009	0.000702173086902484	-0.000107557987397801
99.968163	0.000702608761481854	-8.88153991093464e-05
89.115646	0.000705576223018204	-7.50267998541054e-05
79.415741	0.000707011436534785	-6.2483716046735e-05
70.793182	0.000709404967979531	-4.86809365681788e-05
63.082279	0.000712097327563452	-4.27575192398497e-05
56.241825	0.000715607128342276	-3.43823525399374e-05
50.112232	0.000716703608501741	-2.44814497276444e-05
44.671223	0.000722354176621055	-1.81985500864417e-05
39.808899	0.000724134863528141	-1.36115296255732e-05
35.488308	0.000728506751850021	-6.0652020280205e-06
31.629578	0.000729619491267431	-2.52596801416096e-06
28.187037	0.000733324519969866	-6.33566166436053e-08
25.120602	0.000736625215477062	5.2521440873625e-06
22.385418	0.000741996918219727	5.73074061620946e-06
19.955338	0.000742116889633666	7.54835253113969e-06
17.775894	0.000743096562553218	1.16277446453838e-05
15.846864	0.000746825230166747	1.17776125170007e-05
14.127493	0.000750185186908146	1.40709242958854e-05
12.587309	0.00075173839212411	1.47859627760774e-05
11.216775	0.000753332334499471	1.25351616055726e-05
9.9968166	0.0007552392563739	1.3837783748879e-05
8.9082127	0.000756660084697061	1.40759564331189e-05
7.9395623	0.000758421623059591	1.61518553272347e-05
7.0765615	0.000760515097499468	1.74407085256603e-05
6.3105822	0.000763027148582387	1.59613603313281e-05
5.6245475	0.000763524238193876	1.64556894025987e-05
5.0112233	0.000765872868141258	1.75986338798884e-05
4.4642835	0.000768320067509602	1.62305339168987e-05
3.9819033	0.000766252253696363	1.59271321653309e-05
3.5479143	0.000769887856733132	2.03295715455762e-05
3.1629577	0.000772753645614261	1.79438134474038e-05
2.818361	0.000771598897599413	1.70243385589858e-05
2.5112481	0.000771085338747623	1.8474207204616e-05
2.2398233	0.000773671764572426	1.58468953196225e-05
1.9950197	0.000773949554663912	1.73878347730668e-05
1.7775893	0.000776936206199539	1.75504562249545e-05
1.5846864	0.000776680879666406	1.79681243781284e-05
1.4122353	0.000778796648711563	1.99773194542554e-05
1.2582541	0.000777778988454613	1.89279668950291e-05
1.1224822	0.000779914302681079	2.00763601241737e-05
1.0000616	0.00077888636456762	2.02918483986023e-05
0.89082122	0.000782792357744233	2.06453078993434e-05
0.79444051	0.000784019746373618	2.056978555984e-05
0.70784986	0.000786247548112887	2.19037341029004e-05
0.63126236	0.000787194910060397	2.14109252652723e-05
0.562536	0.000787264163899238	2.18539266679335e-05
0.50118715	0.000790032728223533	2.36602899785651e-05
0.44642836	0.000793713460552942	2.52087808448798e-05
0.39821118	0.000793059671606557	2.5899597898268e-05
0.35475865	0.000794653581972271	2.56322729708678e-05
0.31619295	0.000795540553814094	2.81194214807641e-05
0.2819173	0.000797405764612366	2.87162668596273e-05
0.25117323	0.000798692348170564	2.86964083937048e-05
0.22391155	0.000800942664554779	3.02918051052168e-05
0.19957349	0.000801786997500715	3.36951942333807e-05
0.17779917	0.000804930627818223	3.40946709216732e-05
0.15846863	0.00080753605883989	3.48779017975594e-05
0.14123619	0.000807741875323224	3.48523043219628e-05
0.12590662	0.000811648644815544	3.83457674449332e-05
0.1122199	0.000814149006495027	3.82555941499396e-05
0.10002181	0.000815721112110573	3.9632351161903e-05
