10002.226	0.00118935678749697	-0.00950136966547951
8914.9326	0.00114808602503661	-0.00850582712390533
7943.9951	0.00111011536593696	-0.00761375649057624
7081.583	0.00107621073934837	-0.0068172376189929
6307.7358	0.00104494908165169	-0.00609716734033289
5622.5879	0.00101333822776198	-0.00545964809615781
5011.603	0.000984277594592042	-0.00489084618594296
4466.4292	0.000961536077065162	-0.00437659739640535
3981.2773	0.000937297610603671	-0.00391922243037553
3548.8679	0.000914286574418129	-0.00350779620987855
3163.0398	0.00089537073711742	-0.00314319002001539
2819.0986	0.000877182404027289	-0.00281406976698608
2512.4104	0.000860442611128331	-0.00252086309178221
2239.2869	0.000846418652937216	-0.00225724268959097
1995.6381	0.000832350894918334	-0.0020226642661121
1778.2897	0.000821031535930004	-0.00181210249959596
1584.4927	0.000808592234430831	-0.00162220202849474
1412.7418	0.000794246875669102	-0.00145631160761226
1258.7905	0.000787386888881109	-0.00130811569629772
1121.7966	0.000779011078829494	-0.00117243516177837
999.68164	0.000768950777374884	-0.00104895706388598
891.42474	0.000759471686176974	-0.000942247052864562
794.23932	0.000753048616778535	-0.000848031268429961
707.96161	0.000746214618183485	-0.000757482842967653
631.00977	0.000740022688950541	-0.000679694559768282
562.33929	0.000732307449088824	-0.000610379760236557
501.12231	0.000728772513629798	-0.000546639957587616
446.57214	0.000721574285899308	-0.000488256980536592
398.08899	0.000715466257694286	-0.000436640592511051
354.88681	0.00071305297231736	-0.000388378770846449
316.31589	0.000710327531300242	-0.000347184673870311
281.8942	0.000704602345060511	-0.000309407961231588
251.20601	0.000702772070505993	-0.000274486001712425
223.92496	0.000702732435359456	-0.00024216807642674
199.55338	0.000701982555175773	-0.000213607876833069
177.78128	0.00069933289731823	-0.000186632443693126
158.52898	0.000699617666310817	-0.000161202450180585
141.21979	0.000698477002693983	-0.000142755621024245
125.92673	0.000699886311868204	-0.000123400435879245
112.19009	0.000703256629839423	-0.000105831509441145
99.968163	0.000702934097205034	-9.19013516917176e-05
89.115646	0.000707710076087908	-7.52097523903149e-05
79.415741	0.000707535669911762	-6.35182217382414e-05
70.793182	0.000709267612360602	-5.04311958159545e-05
63.082279	0.000710393912469771	-4.26678963256755e-05
56.241825	0.000716956232132736	-3.25428519682363e-05
50.112232	0.000718061341006786	-2.28567780473056e-05
44.671223	0.000721932647958809	-1.80140306419566e-05
39.808899	0.000724603068386288	-1.39435744303174e-05
35.488308	0.000729644568044724	-7.88496995082472e-06
31.629578	0.000731030856302499	-1.75551560035696e-06
28.187037	0.000733087188356447	5.4733845468599e-07
25.120602	0.000734921173793086	4.67801300374865e-06
22.385418	0.000738194236117838	8.14823221072534e-06
19.955338	0.000743387426774577	6.46016983681857e-06
17.775894	0.000745879626976648	1.19169902171923e-05
15.846864	0.00074679881254367	1.1173829472611e-05
14.127493	0.000749828775890976	1.48108003684278e-05
12.587309	0.000749799039061692	1.35583174891055e-05
11.216775	0.000753285989123764	1.46113175231124e-05
9.9968166	0.000757142662046428	1.21035965088331e-05
8.9082127	0.00075744574948861	1.46803177189579e-05
7.9395623	0.000758917090992858	1.50380961466368e-05
7.0765615	0.000760083228939394	1.80603960296732e-05
6.3105822	0.000761865444965338	1.65781600586656e-05
5.6245475	0.000763602984994649	1.67173396191197e-05
5.0112233	0.000765343223068382	1.8115350790247e-05
4.4642835	0.000767073088653226	1.52848267502006e-05
3.9819033	0.000769314306706041	1.65797037355002e-05
3.5479143	0.00076968003035996	1.76234060586018e-05
3.1629577	0.000771555952031556	1.54090426395206e-05
2.818361	0.000771632184931946	1.69721587974384e-05
2.5112481	0.000771603184167284	1.56951903343352e-05
2.2398233	0.000774506091120328	1.76810455055126e-05
1.9950197	0.000774663622628577	1.8271431189996e-05
1.7775893	0.000774530150660761	1.69325455097439e-05
1.5846864	0.000776755579971467	1.7408495303879e-05
1.4122353	0.000778400912912539	1.59508634265704e-05
1.2582541	0.000779776548209896	1.86285633142385e-05
1.1224822	0.000780668642724327	2.06276641143613e-05
1.0000616	0.000782243966714892	2.02607143472899e-05
0.89082122	0.000781978239001045	2.09887372326225e-05
0.79444051	0.000786156830387862	2.20243622647045e-05
0.70784986	0.000786052663135683	2.2500410355141e-05
0.63126236	0.000786866150693735	2.02467840443979e-05
0.562536	0.000787180950906624	2.05245233905384e-05
0.50118715	0.000790054953209154	2.35670070888315e-05
0.44642836	0.000793717677247917	2.34771111430848e-05
0.39821118	0.000793055477964693	2.53009515716128e-05
0.35475865	0.000793452470117825	2.76432342172875e-05
0.31619295	0.000796993101809107	2.79576729313363e-05
0.2819173	0.000795604257869348	2.92072572805971e-05
0.25117323	0.000797730858358436	3.02010975460156e-05
0.22391155	0.00080157823672923	3.09397357709085e-05
0.19957349	0.000802963932996679	3.35365048922127e-05
0.17779917	0.000805850704857566	3.32065028516665e-05
0.15846863	0.000806561246098117	3.55521693041139e-05
0.14123619	0.000808585001722961	3.67710813110645e-05
0.12590662	0.000811218987096303	3.78669161800901e-05
0.1122199	0.000814217088036164	4.03604610853731e-05
0.10002181	0.000816731665737078	4.27823401583427e-05
