10002.226	0.00118836194894056	-0.00950189196470533
8914.9326	0.00114729585064827	-0.00850606528173988
7943.9951	0.00111379049090303	-0.00761415306854586
7081.583	0.00107556091735427	-0.0068165048361251
6307.7358	0.00104465204337285	-0.00609853723500414
5622.5879	0.00101152774903615	-0.00545981454313072
5011.603	0.000983282364993254	-0.0048891818865155
4466.4292	0.000960469454995018	-0.00437537643654349
3981.2773	0.000936636660791385	-0.0039177097055268
3548.8679	0.000912385447774507	-0.00350876065867234
3163.0398	0.000895872680368429	-0.00314234799063905
2819.0986	0.000877326222298899	-0.00281262977350099
2512.4104	0.000860284385924223	-0.00251993216026438
2239.2869	0.000846831038213622	-0.00225849870787971
1995.6381	0.000833002518427385	-0.0020230043291678
1778.2897	0.00082014385313503	-0.00181313792631017
1584.4927	0.000807488597969407	-0.00162414583768004
1412.7418	0.000795714828034948	-0.00145509927341335
1258.7905	0.00078700508751651	-0.00130501652933272
1121.7966	0.000778055483133303	-0.00117185423211155
999.68164	0.000770562532941614	-0.00104928008801766
891.42474	0.000761332597093775	-0.000942864831806479
794.23932	0.000753614651246216	-0.000845817479495687
707.96161	0.000743662931542515	-0.000757303188993394
631.00977	0.000740926349298037	-0.000681587716545837
562.33929	0.000733607995611658	-0.000610328734070916
501.12231	0.000726603447489499	-0.000548421389272602
446.57214	0.000722049617783298	-0.00048853630951939
398.08899	0.000716490481188995	-0.000435117473381288
354.88681	0.000710165530336086	-0.000389581610465625
316.31589	0.000709242288637173	-0.000348047504081349
281.8942	0.000704037243176213	-0.000307536638159057
251.20601	0.000700826164398033	-0.000274456372857884
223.92496	0.000701913687620873	-0.000244416196411944
199.55338	0.000702185387807431	-0.000215045420052725
177.78128	0.000699925195955818	-0.000185883677788831
158.52898	0.000698732824977392	-0.000162341402273102
141.21979	0.000698049588702607	-0.000142170212971724
125.92673	0.000698537276047211	-0.000123865498750146
112.19009	0.000702813840012432	-0.000106042313636114
99.968163	0.000703697596146117	-9.04482197508452e-05
89.115646	0.000707081781571679	-7.45437878415394e-05
79.415741	0.000708286986642487	-6.21840509904514e-05
70.793182	0.000709945141410333	-5.1855888986191e-05
63.082279	0.000711394817046067	-3.96752066497972e-05
56.241825	0.000716553987670704	-3.14221789826312e-05
50.112232	0.000719607141965695	-2.38486542994224e-05
44.671223	0.000721100766394822	-1.81735158668096e-05
39.808899	0.000724645207582462	-1.1520628934259e-05
35.488308	0.000728703951967807	-6.22652665451746e-06
31.629578	0.000730958517748387	-2.14094301201629e-06
28.187037	0.000732990022241183	5.43189942756868e-07
25.120602	0.000736279113911333	3.48165310283318e-06
22.385418	0.000738015013227508	7.73203770615379e-06
19.955338	0.000742531866983427	7.30181572253116e-06
17.775894	0.000746777722185698	1.0618358254416e-05
15.846864	0.00074746575101035	9.87997015648184e-06
14.127493	0.000750055574740654	1.35199924841584e-05
12.587309	0.000751496681030985	1.28509261968554e-05
11.216775	0.000751560976524119	1.31207153510111e-05
9.9968166	0.000756709490994984	1.45201261209459e-05
8.9082127	0.000758649001902151	1.41625141629734e-05
7.9395623	0.000758889975036622	1.27654366087303e-05
7.0765615	0.00076136164532013	1.69819483465999e-05
6.3105822	0.000763316466955589	1.71337334079689e-05
5.6245475	0.000763507385903225	1.72053559107892e-05
5.0112233	0.000764374185427311	1.77545311979449e-05
4.4642835	0.000768718294574839	1.55031319013237e-05
3.9819033	0.000766992955248583	1.71604975233749e-05
3.5479143	0.000769016342616749	1.75030900575101e-05
3.1629577	0.000771502909013319	1.7860066738297e-05
2.818361	0.000774520476021606	1.6233020972816e-05
2.5112481	0.000773758234536927	1.53585286507685e-05
2.2398233	0.000773652580042213	1.77844586759579e-05
1.9950197	0.000774584258875151	1.66428230813571e-05
1.7775893	0.000774392808494831	1.61265742077094e-05
1.5846864	0.000775692946049465	1.88187921793893e-05
1.4122353	0.000777875052155007	1.88896632461325e-05
1.2582541	0.000779807746574094	1.90697627315793e-05
1.1224822	0.000780470359429671	2.02196424810623e-05
1.0000616	0.000781880368890567	2.03367215194762e-05
0.89082122	0.000782201555121694	2.11721000922423e-05
0.79444051	0.000785873319302538	2.14577944950066e-05
0.70784986	0.000786430895246584	2.3358823455632e-05
0.63126236	0.000786804227522213	2.18812605020221e-05
0.562536	0.000790858105865609	2.25401554557102e-05
0.50118715	0.000788280494951018	2.35214224828021e-05
0.44642836	0.000791932798483561	2.4169625396415e-05
0.39821118	0.000794031429598764	2.61501436682473e-05
0.35475865	0.000795523219600446	2.5620983570753e-05
0.31619295	0.000795789481710899	2.74905672822503e-05
0.2819173	0.000796735645661894	2.75000897790495e-05
0.25117323	0.000798427444910071	3.00227799426123e-05
0.22391155	0.000801576174992204	3.05990424924879e-05
0.19957349	0.000802216784684233	3.3996648140991e-05
0.17779917	0.000804838975603709	3.45027159806247e-05
0.15846863	0.000805749835325691	3.50774645815111e-05
0.14123619	0.000809180184669569	3.72984045072716e-05
0.12590662	0.000811582757387953	3.97046400940155e-05
0.1122199	0.000813831274338402	3.75233178920992e-05
0.10002181	0.000816836239213755	4.52095414092144e-05
