10002.226	0.00118938096087333	-0.00950161424629725
8914.9326	0.00114759180894164	-0.00850497335331961
7943.9951	0.00111086211859224	-0.00761366032229252
7081.583	0.00107613406297817	-0.00681446402917705
6307.7358	0.001044883405922	-0.0060983823115011
5622.5879	0.0010135052477258	-0.00545890022423179
5011.603	0.000982780428978108	-0.00488992642266441
4466.4292	0.000958786760723845	-0.00437594520456194
3981.2773	0.000933238405811232	-0.0039192799877972
3548.8679	0.000915141939424931	-0.003507240946182
3163.0398	0.000895147913914368	-0.00314238099220519
2819.0986	0.000877297751520977	-0.00281351114157225
2512.4104	0.000859560188295646	-0.00251938924918597
2239.2869	0.000846236661613047	-0.00225909494946475
1995.6381	0.000830639211145808	-0.00202338177210255
1778.2897	0.000823501324139545	-0.00181317084136509
1584.4927	0.000809369718926846	-0.00162473296945652
1412.7418	0.000795057191165139	-0.00145654036257266
1258.7905	0.0007874812803832	-0.00130566644948925
1121.7966	0.000777672709793688	-0.00117304760684146
999.68164	0.000769506194749665	-0.00105194656529351
891.42474	0.000759538854834544	-0.000944699659379507
794.23932	0.00075389105333818	-0.000846050105579526
707.96161	0.00074619529541103	-0.000757675648243772
631.00977	0.000740055211450879	-0.000680783280745997
562.33929	0.000730279230126733	-0.000609629403700854
501.12231	0.00072690629462029	-0.000547993826373296
446.57214	0.000721726206618672	-0.000487717660024787
398.08899	0.000716583308096839	-0.000434730024559869
354.88681	0.000713906683508985	-0.000390216692617236
316.31589	0.000709119732559235	-0.000348074721121276
281.8942	0.000706210138719462	-0.000308797796415681
251.20601	0.000701861494208571	-0.000274621205624251
223.92496	0.000701095978161563	-0.000240536175462077
199.55338	0.000700878908915625	-0.000215109827029465
177.78128	0.000699577667837898	-0.000187782901975292
158.52898	0.000701679454548412	-0.00016256506180908
141.21979	0.000699988765810638	-0.000143486898227156
125.92673	0.000700017254520863	-0.000121976533864644
112.19009	0.000701737829408968	-0.000107475850000027
99.968163	0.000703425645541376	-8.66093590401416e-05
89.115646	0.00070524104528886	-7.48585149787475e-05
79.415741	0.000707090768354616	-6.27904464663501e-05
70.793182	0.000709072861908186	-5.16296061557104e-05
63.082279	0.000711949006193061	-4.17695026003199e-05
56.241825	0.000717941574719323	-3.22292492841997e-05
50.112232	0.00071771872662653	-2.31892234850609e-05
44.671223	0.000720638237599453	-1.78739589962022e-05
39.808899	0.000724526975684877	-1.33371627909031e-05
35.488308	0.000728002686854921	-6.65852932891658e-06
31.629578	0.000730883273855812	-2.96544684834761e-06
28.187037	0.000733729245387893	4.73187555728339e-07
25.120602	0.000736773033524789	2.96180758162971e-06
22.385418	0.000739074211336578	7.00692776898164e-06
19.955338	0.00074073048207874	8.30309879462585e-06
17.775894	0.00074650250821298	1.33054394240534e-05
15.846864	0.000748819143492688	1.120240141607e-05
14.127493	0.000750371603601376	1.21318783492616e-05
12.587309	0.000750698269248754	1.287361194244e-05
11.216775	0.000753261003297485	1.22957809262081e-05
9.9968166	0.0007566354588334	1.30254434261936e-05
8.9082127	0.000756572242731981	1.62316386274351e-05
7.9395623	0.000758313841745953	1.60763872270463e-05
7.0765615	0.000761752202314374	1.7616522902499e-05
6.3105822	0.000763498502672294	1.74343860322502e-05
5.6245475	0.000764501211832062	1.68627080758916e-05
5.0112233	0.000766744878109376	1.48230907825654e-05
4.4642835	0.000767060858021946	1.73440319412803e-05
3.9819033	0.000767351706743071	1.5712176563993e-05
3.5479143	0.000769585637507618	1.6994586709137e-05
3.1629577	0.000771473945626474	1.76843020888178e-05
2.818361	0.000772937335947266	1.66903679045775e-05
2.5112481	0.000774021970934514	1.72654257721632e-05
2.2398233	0.000774522654999666	1.81896218744772e-05
1.9950197	0.000773275846077462	1.72041007411973e-05
1.7775893	0.000775836062198177	1.80755407630682e-05
1.5846864	0.000777577011997931	1.78243766306784e-05
1.4122353	0.000780347971138604	1.69463098988003e-05
1.2582541	0.00077849205958994	2.00792968860593e-05
1.1224822	0.000779620833573855	2.16034515951359e-05
1.0000616	0.000781942869437093	1.90939938447009e-05
0.89082122	0.000783843198720652	1.97574249052774e-05
0.79444051	0.000784366736355479	1.88221425224935e-05
0.70784986	0.000786048299411025	2.0965104844718e-05
0.63126236	0.000786451480644306	2.36916823045128e-05
0.562536	0.000788938183748649	2.27616165993451e-05
0.50118715	0.000790259256271337	2.47196707158983e-05
0.44642836	0.000790699956749389	2.33479989854087e-05
0.39821118	0.000793102375735111	2.36479036373392e-05
0.35475865	0.000793021718269935	2.66757288323773e-05
0.31619295	0.000795974807087918	2.77421101475169e-05
0.2819173	0.00079698724491623	3.03559820717784e-05
0.25117323	0.000799116814940288	3.01859595225054e-05
0.22391155	0.000802800353708973	3.08722923116379e-05
0.19957349	0.000802490179104229	3.23270200623757e-05
0.17779917	0.000803151225449245	3.38439079876862e-05
0.15846863	0.000808123073791395	3.51180835328392e-05
0.14123619	0.000808865703781824	3.53088588752453e-05
0.12590662	0.000811601866694581	3.97703403834261e-05
0.1122199	0.000811933161390052	4.09561131199565e-05
0.10002181	0.000816024874329584	4.16458183216639e-05
