10002.226	0.00118831814537878	-0.00950151565295913
8914.9326	0.00114656538880067	-0.00850710172768014
7943.9951	0.00111244447272822	-0.00761308189442866
7081.583	0.00107549929970292	-0.00681687636523963
6307.7358	0.0010427603392403	-0.00609939187406857
5622.5879	0.00101231582466992	-0.00546016185681548
5011.603	0.000984590535159852	-0.00488804892997788
4466.4292	0.000957549661889748	-0.00437674725822187
3981.2773	0.000936595485591824	-0.00391933073289772
3548.8679	0.000911945302826586	-0.00350844758397788
3163.0398	0.000893439903625729	-0.0031424854291551
2819.0986	0.000877369375311744	-0.00281445085858974
2512.4104	0.000861754956969941	-0.00252159764938335
2239.2869	0.000844139247246612	-0.002258254661017
1995.6381	0.000832711597884821	-0.00202368102846613
1778.2897	0.000822110913647538	-0.00181181633033152
1584.4927	0.000807720285734959	-0.00162363018236807
1412.7418	0.000796162892840025	-0.00145604555979008
1258.7905	0.000787781249287632	-0.00130695856146027
1121.7966	0.000777269641781654	-0.00117299907492941
999.68164	0.000769451890695715	-0.00104916242409948
891.42474	0.00076077598251062	-0.000942030497237581
794.23932	0.000753729364006041	-0.000844177336029225
707.96161	0.000746948515762831	-0.000759695308816552
631.00977	0.000739650504114341	-0.00068082314400093
562.33929	0.000732836400932541	-0.000609435447170186
501.12231	0.000728136820214316	-0.000544241394253376
446.57214	0.000723169449019595	-0.000489101409083954
398.08899	0.000716182827365756	-0.00043843593064022
354.88681	0.00071154513800737	-0.000389847934057979
316.31589	0.000709821466876433	-0.000345494202698339
281.8942	0.000705469334588977	-0.000311940144524572
251.20601	0.000702011730879543	-0.000274375223185265
223.92496	0.000702288933503662	-0.00024154319240132
199.55338	0.000700742021826516	-0.000213853928689342
177.78128	0.000698348523874401	-0.000183951097752865
158.52898	0.000699718546213279	-0.000164796712003443
141.21979	0.000700279346987707	-0.000142556363478786
125.92673	0.000700193520288037	-0.00012200183885736
112.19009	0.000701479097932034	-0.000107755321536793
99.968163	0.000702467646799205	-8.97933553061929e-05
89.115646	0.000704758404576297	-7.62693161923509e-05
79.415741	0.000706728910386131	-6.36061304159511e-05
70.793182	0.00071056315582861	-5.1364260791936e-05
63.082279	0.000712085791443996	-4.02600910088427e-05
56.241825	0.000717160104046993	-3.12196049313643e-05
50.112232	0.00071954820016479	-2.22122982166441e-05
44.671223	0.000720428039190894	-1.66597659061956e-05
39.808899	0.000724285400357038	-1.13813704974262e-05
35.488308	0.000728170072721185	-9.07141858237058e-06
31.629578	0.000730354363183482	-1.93651601682549e-06
28.187037	0.000733051549724412	8.25243193512089e-07
25.120602	0.000737469202016671	3.59063766078818e-06
22.385418	0.000738968513781399	5.91765625168606e-06
19.955338	0.000743931603029768	7.78994752119842e-06
17.775894	0.000745407129139073	1.19292144087012e-05
15.846864	0.000746999331479208	1.07933234452466e-05
14.127493	0.000750907704354935	1.35274551297214e-05
12.587309	0.000751543726579954	1.4628151590722e-05
11.216775	0.000754103309090145	1.3287010953226e-05
9.9968166	0.000756555497936664	1.35978145977528e-05
8.9082127	0.000755790616580846	1.51649315800303e-05
7.9395623	0.000758335314234044	1.74270330932226e-05
7.0765615	0.000762176791199961	1.74116041033629e-05
6.3105822	0.000761782542103178	1.68290358224349e-05
5.6245475	0.000764719072954555	1.56889567464034e-05
5.0112233	0.000765650743076842	1.66273251634464e-05
4.4642835	0.000766739534966428	1.6360644687578e-05
3.9819033	0.000767694995791828	1.78352428594096e-05
3.5479143	0.000768913644029224	1.65832933524694e-05
3.1629577	0.000770846290752385	1.81547334693688e-05
2.818361	0.000773109113803482	1.66404936111369e-05
2.5112481	0.000773621881446797	1.72678139797081e-05
2.2398233	0.000774961033715544	1.76106659976873e-05
1.9950197	0.000775143159901327	1.72561522335066e-05
1.7775893	0.000773648765325142	1.85447664438026e-05
1.5846864	0.000778095636946591	1.69722148929962e-05
1.4122353	0.000779088309129302	1.8027700855907e-05
1.2582541	0.00077966560546593	2.08782125656048e-05
1.1224822	0.000781430547345644	2.01940291395793e-05
1.0000616	0.000784224865805528	2.16182308837449e-05
0.89082122	0.000782175585681344	2.06442260154065e-05
0.79444051	0.000783506699933992	2.06752355031458e-05
0.70784986	0.000784647466295914	2.33934617330793e-05
0.63126236	0.000785704517702627	2.09344687634964e-05
0.562536	0.000789421794684581	2.3423464178852e-05
0.50118715	0.000790600639466727	2.39750585504473e-05
0.44642836	0.000791738345623401	2.17715904253553e-05
0.39821118	0.000793732769336381	2.56010853564211e-05
0.35475865	0.000794365604453088	2.62274944363908e-05
0.31619295	0.000796048540097044	2.54016267598083e-05
0.2819173	0.000798272160240045	2.72940518498863e-05
0.25117323	0.000799441741408528	2.9431118862077e-05
0.22391155	0.000800280961347154	3.02308024492819e-05
0.19957349	0.000801953806449394	3.19879937054411e-05
0.17779917	0.000802712198959558	3.51207401164675e-05
0.15846863	0.000807311856125457	3.46879309542009e-05
0.14123619	0.000807498760136802	3.71569652595013e-05
0.12590662	0.000810831184541938	3.88279299944409e-05
0.1122199	0.000812750915958013	4.18735376708381e-05
0.10002181	0.000814688008426199	4.17198076132081e-05
