10002.226	0.00118867211530828	-0.00950223070775551
8914.9326	0.00115033525120563	-0.00850562220036979
7943.9951	0.00110862493487719	-0.00761211716041867
7081.583	0.00107541456808237	-0.00681632834708517
6307.7358	0.00104504498521097	-0.00610147059935671
5622.5879	0.00101285694454541	-0.00546141678183866
5011.603	0.000982731491618939	-0.00488983324873551
4466.4292	0.000957973833868894	-0.00437746927706793
3981.2773	0.000936395887857056	-0.00391860154620969
3548.8679	0.000913702747357523	-0.00350976215882069
3163.0398	0.000893668297578747	-0.00314308308355091
2819.0986	0.000875724950234216	-0.00281236037825463
2512.4104	0.000863097175084763	-0.00252097117905162
2239.2869	0.000845564194576889	-0.00225937068259822
1995.6381	0.000833361624076668	-0.00202527415945317
1778.2897	0.000821932982184959	-0.00181223533382436
1584.4927	0.000806885064418091	-0.00162507080645152
1412.7418	0.000795004658576289	-0.00145821850984328
1258.7905	0.000785338753508557	-0.0013055510618933
1121.7966	0.000777076354335148	-0.00117108261495124
999.68164	0.000769960244473284	-0.00105027436448138
891.42474	0.000760606057221377	-0.000941747238127278
794.23932	0.000753730954907124	-0.000846575500727273
707.96161	0.000747234987134826	-0.000757143743877229
631.00977	0.00073762755742768	-0.000681994805404776
562.33929	0.00073228023762725	-0.000610638528574129
501.12231	0.000727770046221007	-0.000546195203232579
446.57214	0.000721097569675305	-0.000488875972673445
398.08899	0.000715625538120256	-0.000437948178707505
354.88681	0.000711480489435687	-0.000390012728690425
316.31589	0.000710715392906303	-0.000345829088076271
281.8942	0.000705924511715816	-0.00030983690485578
251.20601	0.000704885663639996	-0.000272896144821219
223.92496	0.000702911207849557	-0.000241253987548276
199.55338	0.000701729033920763	-0.000214536417628614
177.78128	0.000699116977174644	-0.000187046692279632
158.52898	0.000699075885649259	-0.000163212733658113
141.21979	0.000699001161702236	-0.000143695840884463
125.92673	0.000699698642065739	-0.000120016014636516
112.19009	0.000702568903747656	-0.000106656884265457
99.968163	0.000704246563309962	-8.94069124989117e-05
89.115646	0.000705627032029846	-7.50992945737322e-05
79.415741	0.000706691701922503	-6.09968357159406e-05
70.793182	0.000710458606644196	-5.09208211760807e-05
63.082279	0.000712181369106193	-4.07100741237127e-05
56.241825	0.000715113128844621	-3.30390315013993e-05
50.112232	0.000718462758363559	-2.38023357418185e-05
44.671223	0.000720343785013823	-1.62867094090556e-05
39.808899	0.000723060311091988	-1.36460539407e-05
35.488308	0.000728409910484053	-8.19892120758114e-06
31.629578	0.000731634793246007	-5.78468872967248e-07
28.187037	0.000733091318218642	1.2708043290767e-06
25.120602	0.000735903434194866	5.05756548265499e-06
22.385418	0.000739924222260508	6.53012313408661e-06
19.955338	0.000743466395183582	1.0258487370938e-05
17.775894	0.000746119144269172	1.14171218907612e-05
15.846864	0.000747942671581503	1.00267968233889e-05
14.127493	0.000748802325087321	1.46740205495519e-05
12.587309	0.000752435616008919	1.26030472295984e-05
11.216775	0.000752577134156853	1.35591608274224e-05
9.9968166	0.000753382988360673	1.48359959115511e-05
8.9082127	0.000758224003185874	1.47088189284707e-05
7.9395623	0.000760133666093771	1.57212529605171e-05
7.0765615	0.000760766119269016	1.74948707526405e-05
6.3105822	0.00076303254426707	1.59013456570949e-05
5.6245475	0.000765151169466337	1.40926478462545e-05
5.0112233	0.000766701352070272	1.74293250729864e-05
4.4642835	0.000768085672469259	1.65387179136776e-05
3.9819033	0.000766664189914952	1.49662443264517e-05
3.5479143	0.000769618772719113	1.72903938741833e-05
3.1629577	0.000770707460916636	1.60159300285705e-05
2.818361	0.000770782747033254	1.5289399166778e-05
2.5112481	0.000773146059870178	1.58398029073152e-05
2.2398233	0.000773646140420519	1.80925248255328e-05
1.9950197	0.000774370833468312	1.75625068411048e-05
1.7775893	0.000776771543308443	1.5803821479747e-05
1.5846864	0.000777195661233429	1.8888113732393e-05
1.4122353	0.000778400917003889	1.74696968427758e-05
1.2582541	0.000778764530100703	1.84730958066451e-05
1.1224822	0.000780229800065341	1.94582099254594e-05
1.0000616	0.000782209751513715	2.16230911128715e-05
0.89082122	0.000782909328690213	1.91168530965482e-05
0.79444051	0.00078297395737901	1.92258062193013e-05
0.70784986	0.000785056102245002	2.20367727717412e-05
0.63126236	0.000786695220515881	2.06608315834621e-05
0.562536	0.000787644908993201	2.18821513082347e-05
0.50118715	0.000790419509597184	2.25944209087616e-05
0.44642836	0.000793233890977594	2.38061318267235e-05
0.39821118	0.000792718392600079	2.5671877343388e-05
0.35475865	0.000794414653251146	2.64116083529534e-05
0.31619295	0.0007964886994199	2.65785029640114e-05
0.2819173	0.000797510898128388	2.97037855549828e-05
0.25117323	0.000799592498984192	2.92654721146761e-05
0.22391155	0.000802827386744105	2.97930522520289e-05
0.19957349	0.000805147918515112	3.23245334099847e-05
0.17779917	0.00080521898563381	3.40379544131167e-05
0.15846863	0.000806627711664222	3.66565968032217e-05
0.14123619	0.000809068816586362	3.51898236670321e-05
0.12590662	0.000812100314701378	3.98932035234281e-05
0.1122199	0.000811742728613021	3.96151962636902e-05
0.10002181	0.000816908631340134	4.19014793412608e-05
