10002.226	0.00116485319841793	-0.00961409913816196
8914.9326	0.00112384169505303	-0.00860662482603741
7943.9951	0.00108705383101073	-0.0077054579064866
7081.583	0.00105401409088201	-0.00689586849390653
6307.7358	0.00102081887454701	-0.00617041426312713
5622.5879	0.000990598026278745	-0.00552698137166991
5011.603	0.000959413959236276	-0.00494795454061449
4466.4292	0.000936446909012323	-0.00442794223154277
3981.2773	0.000912179080796267	-0.00396520003178841
3548.8679	0.000889888161659748	-0.00355339669596185
3163.0398	0.00087196499300925	-0.00318096843171487
2819.0986	0.00085637499506581	-0.00284501670413971
2512.4104	0.000836692366805454	-0.00255164451818366
2239.2869	0.000821046204496334	-0.0022849533262016
1995.6381	0.000809354119485396	-0.00204659334589609
1778.2897	0.000797247613405026	-0.00183272835024956
1584.4927	0.00078480382876416	-0.0016423660962481
1412.7418	0.000771803189390741	-0.00147414912290837
1258.7905	0.000763025441643391	-0.00132033202639664
1121.7966	0.000754671285612619	-0.00118721273417194
999.68164	0.000745606673007473	-0.00106056312826892
891.42474	0.000735045808769397	-0.000954058849939067
794.23932	0.000730435928647217	-0.000856693714939371
707.96161	0.00072243454711809	-0.000765795671327626
631.00977	0.000715674491304491	-0.000690185592515677
562.33929	0.000707641475247347	-0.000615601222569223
501.12231	0.000702593665735455	-0.000553028007303937
446.57214	0.000696884609228082	-0.000493689717800684
398.08899	0.000694221893597268	-0.000443431131456136
354.88681	0.00068916445534384	-0.000393602172184963
316.31589	0.000684876078237895	-0.000348050481366299
281.8942	0.00068237747337837	-0.000311890265117055
251.20601	0.000678104114509072	-0.000277439439558143
223.92496	0.000678417475498395	-0.000244245384925593
199.55338	0.000678048814476275	-0.000218142597603468
177.78128	0.000678093583598831	-0.000188057297567464
158.52898	0.000676463109369479	-0.000163871359229342
141.21979	0.000675413369003582	-0.000146333513738684
125.92673	0.000678242679043366	-0.000125348722371253
112.19009	0.000678830756266572	-0.000108861050381844
99.968163	0.000678080450739596	-8.92024061155764e-05
89.115646	0.00068210390472121	-7.62132927786517e-05
79.415741	0.000683165903321638	-6.35177756246004e-05
70.793182	0.000687818330169105	-5.09238909939802e-05
63.082279	0.00068810125428195	-4.13856358130033e-05
56.241825	0.000696130719324914	-3.30383800466449e-05
50.112232	0.00069403241721495	-2.32040103138631e-05
44.671223	0.000698329816242968	-1.73668009906768e-05
39.808899	0.000699547011341419	-1.40761726205992e-05
35.488308	0.000705356668557424	-7.78755362351822e-06
31.629578	0.000707236517911347	-2.97397686232917e-06
28.187037	0.000710441462371127	1.86185054395236e-06
25.120602	0.000711986627127722	4.1560455469954e-06
22.385418	0.000716750738760334	6.87735257326597e-06
19.955338	0.00071825192020793	7.82419709491932e-06
17.775894	0.000722541738897626	1.22341740941916e-05
15.846864	0.000725125406048667	1.13837706022173e-05
14.127493	0.000729174663768769	1.26876892592239e-05
12.587309	0.000730554873024719	1.3994701780097e-05
11.216775	0.000728566391545032	1.34084903977808e-05
9.9968166	0.0007330053517434	1.28725960267394e-05
8.9082127	0.00073356095921713	1.56031031697663e-05
7.9395623	0.000733283895086423	1.72763799125689e-05
7.0765615	0.000739383309832557	1.73110779212862e-05
6.3105822	0.000739407785736504	1.6634740086818e-05
5.6245475	0.000741497470230849	1.72483806241265e-05
5.0112233	0.000744107368951172	1.89959707829819e-05
4.4642835	0.000745026884915355	1.53954724597278e-05
3.9819033	0.000744564513185612	1.89873483602406e-05
3.5479143	0.000745966657527276	1.61118267572701e-05
3.1629577	0.000747592714022099	1.84339304516485e-05
2.818361	0.000748982420947719	1.90678043509005e-05
2.5112481	0.00075064427994815	1.56625022185919e-05
2.2398233	0.000750078655888077	1.73070242898901e-05
1.9950197	0.000750009773503018	1.74510826945512e-05
1.7775893	0.000751737532571795	1.81949895928642e-05
1.5846864	0.000754650016175262	1.93721324018921e-05
1.4122353	0.000755785454444065	1.91240468216091e-05
1.2582541	0.000754149681105755	1.70193160100499e-05
1.1224822	0.000756315603662575	1.99522059400137e-05
1.0000616	0.000758102338962088	2.05107494754292e-05
0.89082122	0.000758347669336715	2.10707239569602e-05
0.79444051	0.000761180638317121	2.02586676757229e-05
0.70784986	0.000763745760650589	2.10895047564381e-05
0.63126236	0.000765795470030265	2.11618996164495e-05
0.562536	0.000765533746349235	2.2952452393781e-05
0.50118715	0.000766817948726526	2.31108325013621e-05
0.44642836	0.000769709183831534	2.27915207887755e-05
0.39821118	0.000772782695389874	2.46861236850651e-05
0.35475865	0.00077224001776993	2.63484430174449e-05
0.31619295	0.000773934655346889	2.9465774018214e-05
0.2819173	0.000776451856445869	2.73022968409925e-05
0.25117323	0.000777542657081304	3.15256697996817e-05
0.22391155	0.000777913550406516	2.99497548941997e-05
0.19957349	0.000781596637750992	3.09897936287374e-05
0.17779917	0.000781251156215533	3.37356301190355e-05
0.15846863	0.000784112279097347	3.53066714556257e-05
0.14123619	0.00078519382613415	3.76241601076536e-05
0.12590662	0.000788950398440228	3.76959076079845e-05
0.1122199	0.000792128369244937	4.20943537565246e-05
0.10002181	0.000794382909407757	4.29002476092393e-05
