10002.226	0.00116521856041539	-0.00961275835128353
8914.9326	0.00112524139213629	-0.00860587342515405
7943.9951	0.00108672584712102	-0.00770207701772201
7081.583	0.00105162636539564	-0.0068954992798217
6307.7358	0.00102131378728074	-0.00617069399631376
5622.5879	0.000990073709499163	-0.00552545299895801
5011.603	0.000962129522885362	-0.00494687698635877
4466.4292	0.000936849879553958	-0.00442715945974162
3981.2773	0.000911612024014155	-0.00396750670668248
3548.8679	0.000888220777336231	-0.00355096986920218
3163.0398	0.000872674093170521	-0.00318128858728912
2819.0986	0.000854476133023603	-0.00284468748572365
2512.4104	0.000836727502831198	-0.00255066769917688
2239.2869	0.000823533327035291	-0.00228490465728309
1995.6381	0.000808327458224466	-0.00204769058882744
1778.2897	0.000796492163351444	-0.00183504820602842
1584.4927	0.000784814137627596	-0.0016428578752401
1412.7418	0.000772559203906168	-0.00147395268782119
1258.7905	0.000766638556257174	-0.00132056800556421
1121.7966	0.000755762736118705	-0.00118536732190521
999.68164	0.000747400850702665	-0.0010621291673841
891.42474	0.000737731868827679	-0.000953216099937815
794.23932	0.000732559897634765	-0.000856516297898654
707.96161	0.000721949975679361	-0.000767516405752191
631.00977	0.000715903836045373	-0.000688502623532922
562.33929	0.000710174851070853	-0.000616699132730858
501.12231	0.000703449215225184	-0.000552239650059787
446.57214	0.00069817164484553	-0.000493306419535567
398.08899	0.000693067177286904	-0.000443260152418419
354.88681	0.000689638066915587	-0.000394004663428007
316.31589	0.000686991250868627	-0.000350402046336186
281.8942	0.000683525647950984	-0.000313454937643685
251.20601	0.000678687706446445	-0.000277589904308036
223.92496	0.000680180993620332	-0.000244252575108924
199.55338	0.000676348172433323	-0.000217620601277011
177.78128	0.000675937803277456	-0.000189634425753339
158.52898	0.000676918808601941	-0.000163983167749025
141.21979	0.000676196824900607	-0.000143279776837968
125.92673	0.00067563010603174	-0.000123305877848334
112.19009	0.000678134413070029	-0.000107808256633837
99.968163	0.000678589721168486	-9.05541825882003e-05
89.115646	0.000682754491383256	-7.61264192799511e-05
79.415741	0.000683336020678238	-6.19411994150771e-05
70.793182	0.000687353700191335	-5.10032389015031e-05
63.082279	0.000688665059014429	-4.3213298855919e-05
56.241825	0.000694856984873946	-3.22218429804419e-05
50.112232	0.000692718736596023	-2.35580265051024e-05
44.671223	0.000696740666678236	-1.68040941781149e-05
39.808899	0.000702263817320488	-1.4967839680558e-05
35.488308	0.000703987960109482	-7.53787319427438e-06
31.629578	0.000707773132173296	-2.78454326466114e-06
28.187037	0.000709468991286277	-2.74210304885628e-07
25.120602	0.000713635204420218	4.11658870036155e-06
22.385418	0.000714923198236382	7.59666965902061e-06
19.955338	0.000720203992945114	9.33615838430328e-06
17.775894	0.000721710932529459	9.4242009389829e-06
15.846864	0.000724047731502797	1.14358390656435e-05
14.127493	0.000725883364561466	1.25118547809508e-05
12.587309	0.000727889869875163	1.21770789368324e-05
11.216775	0.000729808227279684	1.45831707735431e-05
9.9968166	0.000733496109777434	1.53765864936639e-05
8.9082127	0.000734854855569809	1.68844370962096e-05
7.9395623	0.000735149639372355	1.50306351624136e-05
7.0765615	0.000737301258736239	1.81207394312834e-05
6.3105822	0.000737596736066325	1.80757480592484e-05
5.6245475	0.000740287007536768	1.40107970784742e-05
5.0112233	0.000741337188198432	1.77361477332094e-05
4.4642835	0.000743101625796768	1.79750979820123e-05
3.9819033	0.000743550238178654	1.61074118868251e-05
3.5479143	0.000746904795809804	1.79563540207964e-05
3.1629577	0.000747561657726673	1.79108274016786e-05
2.818361	0.000749061079718078	1.59034667608478e-05
2.5112481	0.000749735835243192	1.60080877961786e-05
2.2398233	0.000750232505178707	1.74227355280011e-05
1.9950197	0.000751597937111898	1.81215164071259e-05
1.7775893	0.00075324487104021	1.79712876623101e-05
1.5846864	0.000755927778168987	1.82061679455846e-05
1.4122353	0.000756883900129084	1.86739640529047e-05
1.2582541	0.000755732449053773	1.86543822944979e-05
1.1224822	0.000755623918938514	1.98812252450401e-05
1.0000616	0.000759223033089645	1.94240950013504e-05
0.89082122	0.000760919300686276	2.04644389020289e-05
0.79444051	0.000761135463776062	2.07418266728751e-05
0.70784986	0.000761772317740755	2.23639341320245e-05
0.63126236	0.000763417695668604	2.359158790963e-05
0.562536	0.000763080942432848	2.34909076561288e-05
0.50118715	0.000765675967711509	2.48369349096459e-05
0.44642836	0.000767037062765757	2.5397511051145e-05
0.39821118	0.000769949910072977	2.51946369366471e-05
0.35475865	0.00077103477644819	2.48847153153135e-05
0.31619295	0.000772963651271706	2.85315639987683e-05
0.2819173	0.000773353615869378	2.82274268475691e-05
0.25117323	0.000777064130386936	2.920973085623e-05
0.22391155	0.000776482346647782	3.05345861686743e-05
0.19957349	0.000780879054643331	3.26496375361973e-05
0.17779917	0.00078130816161203	3.37142694912486e-05
0.15846863	0.000781428927820236	3.46409978963323e-05
0.14123619	0.000783871261537734	3.90410422094364e-05
0.12590662	0.000790881709055189	3.71876764953741e-05
0.1122199	0.000790342699773334	4.05782026110871e-05
0.10002181	0.000789650539353918	4.35714513694589e-05
