10002.226	0.00116592946757324	-0.00961455141058581
8914.9326	0.00112532631462216	-0.00860602872757301
7943.9951	0.00108675621509338	-0.00770368415951706
7081.583	0.00105397808623298	-0.00689422207234439
6307.7358	0.00102119423315176	-0.0061699379339699
5622.5879	0.000990179309300593	-0.0055251265373178
5011.603	0.000962194425735363	-0.00494712235103695
4466.4292	0.000935807878834637	-0.00442825793239357
3981.2773	0.000911377064599568	-0.00396625361106178
3548.8679	0.000891603966718792	-0.0035504418175509
3163.0398	0.000871433334869827	-0.00317903026101595
2819.0986	0.00085337822105902	-0.00284752497331617
2512.4104	0.000838389544235841	-0.00255193784165789
2239.2869	0.000822313816077919	-0.0022854149942352
1995.6381	0.000809904027222503	-0.00204828652716816
1778.2897	0.000796795806049855	-0.00183381393745869
1584.4927	0.000783854401690466	-0.0016441268416135
1412.7418	0.000771364614767224	-0.00147434034446674
1258.7905	0.000764130202499553	-0.00132213284435994
1121.7966	0.000754441991738179	-0.00118546536436585
999.68164	0.000746017361689149	-0.00106246620805907
891.42474	0.000735185183576419	-0.000952982587131173
794.23932	0.000732271635738914	-0.000857354287905811
707.96161	0.000722541623129045	-0.000767189596699057
631.00977	0.000716415216516559	-0.000690990738178976
562.33929	0.000710922495963437	-0.000616249603955795
501.12231	0.000706021599679264	-0.000553767308823385
446.57214	0.000699545671624967	-0.000492422287160525
398.08899	0.000695219703916665	-0.00043999451958066
354.88681	0.000690192550147896	-0.000394364937157194
316.31589	0.000687204665368549	-0.000350772659518749
281.8942	0.00068400295152249	-0.000313622145956176
251.20601	0.000680195518218363	-0.000276444041588929
223.92496	0.000679262240885938	-0.000244471392821855
199.55338	0.000677033386847909	-0.000215836014723704
177.78128	0.000676554621169299	-0.000188103932234666
158.52898	0.000674963443835729	-0.000164585523200708
141.21979	0.000675542292582457	-0.000144998326951747
125.92673	0.000676257155109358	-0.000125660681942512
112.19009	0.000679066594124392	-0.000108055727874244
99.968163	0.000679449000642046	-8.96623679456223e-05
89.115646	0.00068190776562228	-7.80595107646616e-05
79.415741	0.000684239491184173	-6.44803839038449e-05
70.793182	0.000687406001326815	-5.01377864603031e-05
63.082279	0.000688658886383174	-4.18174541260451e-05
56.241825	0.000693354747721619	-3.38019449526909e-05
50.112232	0.000695342989417202	-2.44669070230769e-05
44.671223	0.00069660704265684	-1.83384895120104e-05
39.808899	0.000701225568203134	-1.31965410051918e-05
35.488308	0.000704318807257697	-8.41305451378707e-06
31.629578	0.000706912766259447	-1.83164783966627e-06
28.187037	0.000708294221712642	-4.36353260261367e-07
25.120602	0.000712608728878795	3.66575986682759e-06
22.385418	0.000715853522716197	7.48300384545547e-06
19.955338	0.000719293928645736	8.75000728733116e-06
17.775894	0.000722096898026552	1.26722566210171e-05
15.846864	0.000724817498324654	8.56412763060588e-06
14.127493	0.000726959402477112	1.41946185474542e-05
12.587309	0.00072708435074503	1.23491891963804e-05
11.216775	0.000731579014994892	1.17586829595846e-05
9.9968166	0.000731409480613839	1.36490005079304e-05
8.9082127	0.000734180389153758	1.49412494316421e-05
7.9395623	0.000735670453316003	1.45454419191366e-05
7.0765615	0.000739088327333217	1.76735774920087e-05
6.3105822	0.000739222655279001	1.71779483737295e-05
5.6245475	0.000739201622425902	1.5664966541655e-05
5.0112233	0.000742283502529377	1.83540670703588e-05
4.4642835	0.000744122775356498	1.86511074147352e-05
3.9819033	0.000744897824348578	1.7577334352608e-05
3.5479143	0.000745778061246898	1.67123368736772e-05
3.1629577	0.000749697692338962	1.86666709648934e-05
2.818361	0.000749678882897321	1.80632505263787e-05
2.5112481	0.000750442737557344	1.62046630619647e-05
2.2398233	0.000749189868712599	1.71186578321614e-05
1.9950197	0.000751111252665977	1.84444990930727e-05
1.7775893	0.000753226408133656	1.68221901932393e-05
1.5846864	0.000754609678302281	1.94971158003343e-05
1.4122353	0.000754743029115078	1.93282199428838e-05
1.2582541	0.000755037438651336	1.79846583847761e-05
1.1224822	0.000757740157449474	1.89777798112085e-05
1.0000616	0.000760227415764058	1.9940828249708e-05
0.89082122	0.00076062086718979	1.97748090242771e-05
0.79444051	0.000762067192124046	2.1208320204734e-05
0.70784986	0.000762929623259438	2.23405798718871e-05
0.63126236	0.000763194912601123	2.13785547726371e-05
0.562536	0.000766933099856649	2.20904482110537e-05
0.50118715	0.000765849403177454	2.51873283517286e-05
0.44642836	0.000767322324105101	2.45049476815339e-05
0.39821118	0.000770751877095642	2.55374731660291e-05
0.35475865	0.000773082085444085	2.63722430296294e-05
0.31619295	0.000772290770023034	2.99303284702919e-05
0.2819173	0.000773064804602255	2.90291497212875e-05
0.25117323	0.000776987219877683	2.869793407051e-05
0.22391155	0.000777409419100315	3.12190297849497e-05
0.19957349	0.000778230795509875	3.00546226888673e-05
0.17779917	0.000782663368511341	3.48627019683588e-05
0.15846863	0.00078436049472411	3.44597349692955e-05
0.14123619	0.000785065288064967	3.85397169540697e-05
0.12590662	0.000789483728140039	3.99773336089909e-05
0.1122199	0.000790643556728145	4.14996841629521e-05
0.10002181	0.000794562379533094	4.42551559538121e-05
