10002.226	0.00118814335079783	-0.00954536981650209
8914.9326	0.00114903859877527	-0.00854519421731334
7943.9951	0.00111123203523438	-0.00764860749013272
7081.583	0.00107566922321172	-0.00684757897979706
6307.7358	0.00104480249686675	-0.00612670830802312
5622.5879	0.00101379599880629	-0.00548737335585799
5011.603	0.000987786285173195	-0.0049128238696843
4466.4292	0.000959521007155649	-0.0043978483650244
3981.2773	0.000936044043590352	-0.00393707977538815
3548.8679	0.0009130128456009	-0.00352556462736504
3163.0398	0.000893697934506567	-0.00315686187939325
2819.0986	0.000877887543117567	-0.00282716555357012
2512.4104	0.000862277580111444	-0.00253162481740889
2239.2869	0.000846533664962343	-0.00226948978697426
1995.6381	0.000834953783863617	-0.00203318037240928
1778.2897	0.000822518505519838	-0.00182118260312948
1584.4927	0.000809553653075422	-0.00163164545851862
1412.7418	0.000795680313443851	-0.00146208737300952
1258.7905	0.000788626453111274	-0.00131064097660896
1121.7966	0.00077841957486213	-0.00117717790956097
999.68164	0.000770484985564416	-0.00105435656248068
891.42474	0.000762211853460258	-0.000947430128104826
794.23932	0.000754231777107966	-0.000850882016818655
707.96161	0.000746370976744226	-0.000761566026735112
631.00977	0.000738518908193883	-0.000683245456286507
562.33929	0.000732776684404351	-0.000612018934600188
501.12231	0.000728014346731709	-0.000549251968383461
446.57214	0.000723783228809091	-0.00049228292948603
398.08899	0.000717652277793285	-0.000438279386398166
354.88681	0.000712609464956133	-0.000393894762679764
316.31589	0.000711018455685014	-0.000349670095892792
281.8942	0.00070719737282855	-0.000310805450396735
251.20601	0.000703966839841546	-0.000275325870647865
223.92496	0.000701344146780099	-0.000244439055337698
199.55338	0.000702118602974033	-0.000216146238818209
177.78128	0.000700311734630379	-0.000187322786114968
158.52898	0.000699904556225249	-0.000166079506803959
141.21979	0.000699358522648562	-0.000144675322543449
125.92673	0.000700610224415522	-0.000122789012930861
112.19009	0.000703350216980991	-0.000107314694173871
99.968163	0.00070269704949723	-8.98684748772341e-05
89.115646	0.000706475095248675	-7.59651971175409e-05
79.415741	0.000707028210772518	-6.29385998136025e-05
70.793182	0.000709816335286214	-5.04511094983303e-05
63.082279	0.000713741510384416	-4.4109119089588e-05
56.241825	0.000718701513437506	-3.33880423015724e-05
50.112232	0.000718126602583686	-2.09852921687913e-05
44.671223	0.00072095027396956	-1.77254830714261e-05
39.808899	0.000725118091281585	-1.34083067004753e-05
35.488308	0.000727609795920739	-7.09759222622014e-06
31.629578	0.000731971025067564	-1.13208323718971e-06
28.187037	0.000733414028365601	1.51107794697629e-06
25.120602	0.000736031446903063	2.55795737165546e-06
22.385418	0.000739909606502608	5.55162912089361e-06
19.955338	0.000743277831233536	9.06434697647603e-06
17.775894	0.000746883777423184	1.07639917402407e-05
15.846864	0.000747337653614818	8.52175029715677e-06
14.127493	0.000751062729311458	1.19870588089503e-05
12.587309	0.000752182674192682	1.44572401715526e-05
11.216775	0.000753015405309203	1.44324185738138e-05
9.9968166	0.000756467866150432	1.46719202099082e-05
8.9082127	0.000758100147755971	1.54500715463311e-05
7.9395623	0.000760106803273365	1.53462436510629e-05
7.0765615	0.00075916646460354	1.65987203004077e-05
6.3105822	0.000764736208655761	1.70947652370846e-05
5.6245475	0.000764902824264283	1.62003422896801e-05
5.0112233	0.000767769549087825	1.72946060948048e-05
4.4642835	0.000769489189997138	1.73996391816294e-05
3.9819033	0.000766896022999328	1.67307908194694e-05
3.5479143	0.00076908949345444	1.619083663206e-05
3.1629577	0.000773194782424431	1.78611266204072e-05
2.818361	0.000773657390661738	1.77215445882188e-05
2.5112481	0.000773316750044389	1.60911578842966e-05
2.2398233	0.00077219249538371	1.73130248491489e-05
1.9950197	0.000775622702438255	1.66709561274959e-05
1.7775893	0.000777296895569941	1.55562575919423e-05
1.5846864	0.000777312812410814	1.92894716383626e-05
1.4122353	0.00077802048050437	1.73824467557757e-05
1.2582541	0.000780187918602836	1.91260462697367e-05
1.1224822	0.000781298590728228	1.92362524023877e-05
1.0000616	0.00078229867114146	1.80241571971047e-05
0.89082122	0.000784840012972419	2.03962246722675e-05
0.79444051	0.000785404467257614	2.12275917215431e-05
0.70784986	0.000786120905596852	2.25346562471135e-05
0.63126236	0.000788715698248299	2.13590947823342e-05
0.562536	0.000789113284425853	2.27893583994475e-05
0.50118715	0.000791296046108431	2.31254982483873e-05
0.44642836	0.000791471372843962	2.58608916335142e-05
0.39821118	0.000793845999772975	2.7028809527783e-05
0.35475865	0.000795190932306408	2.69093479504106e-05
0.31619295	0.000796442149249295	2.55902115529673e-05
0.2819173	0.000797425858029076	2.6764985799098e-05
0.25117323	0.000799565380563614	2.90392789418355e-05
0.22391155	0.000801723895738749	3.03971609440632e-05
0.19957349	0.000803695891309812	3.21191044934808e-05
0.17779917	0.000805951971731762	3.31066499272247e-05
0.15846863	0.000807132399507001	3.53278419752098e-05
0.14123619	0.000808275335180819	3.87447582051055e-05
0.12590662	0.000812604030731347	3.80382141913598e-05
0.1122199	0.000815539555254355	4.13414509382548e-05
0.10002181	0.000815425383028909	4.04872782703015e-05
