10002.226	0.00118970415588151	-0.00954601024271202
8914.9326	0.00114878276383378	-0.0085453421329922
7943.9951	0.00111094056066412	-0.00764817626028695
7081.583	0.00107561981794094	-0.00684962865497691
6307.7358	0.0010472534350538	-0.00612793747320092
5622.5879	0.0010146274656944	-0.00548669978598413
5011.603	0.000983425285526599	-0.0049123839833923
4466.4292	0.000959771376088987	-0.00439846016378863
3981.2773	0.000938703664653789	-0.00393765776014343
3548.8679	0.000913431081532165	-0.00352576878966896
3163.0398	0.000896385918311968	-0.0031594032501305
2819.0986	0.000877082664016486	-0.00282837835669781
2512.4104	0.000862747032500835	-0.00253285111889242
2239.2869	0.000844954551673996	-0.00226804230032197
1995.6381	0.000832995736796323	-0.00203281857267728
1778.2897	0.000821477257688121	-0.00182115837527156
1584.4927	0.000809034632346237	-0.00163058325306463
1412.7418	0.000797621670005612	-0.00146359829804166
1258.7905	0.000788480958319904	-0.0013124660561213
1121.7966	0.000778315318506018	-0.00117822058775086
999.68164	0.000770191833541168	-0.00105404397262148
891.42474	0.000762040388865641	-0.000946502126619966
794.23932	0.000756138367434825	-0.000849430773690066
707.96161	0.000746501900705482	-0.000760985707916665
631.00977	0.000739197202738682	-0.000684107708783395
562.33929	0.000735260421176913	-0.000613598466075925
501.12231	0.00073017912634924	-0.000548334249920107
446.57214	0.000722682963695629	-0.000490871527593376
398.08899	0.000718702643486794	-0.000437550591520286
354.88681	0.000712643562727755	-0.000391107918097734
316.31589	0.0007118229414093	-0.000346733207062023
281.8942	0.000705584195711393	-0.000312052079299427
251.20601	0.000703942673991645	-0.000274743702037763
223.92496	0.000703856634698945	-0.000241632514756475
199.55338	0.000702283949850308	-0.000214905776407774
177.78128	0.00070041946831541	-0.000187810865919258
158.52898	0.000701914232684097	-0.000163530972788145
141.21979	0.000700787733771185	-0.000142897497129277
125.92673	0.000699947266488376	-0.000122954178330204
112.19009	0.000705358562702417	-0.000106567532975468
99.968163	0.000703864404993389	-9.05110509742516e-05
89.115646	0.000705973098949512	-7.45376509346704e-05
79.415741	0.000708212661477952	-6.33174503591267e-05
70.793182	0.000709397297000406	-5.04857627469649e-05
63.082279	0.000713055404724334	-4.00011606618697e-05
56.241825	0.000716704059558768	-3.19025396007512e-05
50.112232	0.000719654901817729	-2.23624034637508e-05
44.671223	0.000721697611302139	-1.86178954640119e-05
39.808899	0.000726879667513772	-1.4431150325972e-05
35.488308	0.000728926436677335	-7.86929384767468e-06
31.629578	0.000732001138651699	-3.89539229857332e-06
28.187037	0.000732512013085785	-6.42611866274189e-07
25.120602	0.000735053260451806	2.68284140320231e-06
22.385418	0.000741258642674382	7.24788038930296e-06
19.955338	0.000743546790995995	9.17238638771097e-06
17.775894	0.000746940778899373	1.13945991396064e-05
15.846864	0.00074809793600059	1.01384656143156e-05
14.127493	0.000750773575590464	1.50728921838541e-05
12.587309	0.000751136030301341	1.2698497862994e-05
11.216775	0.000753292581741758	1.5231366909046e-05
9.9968166	0.000756578505034584	1.38535702494411e-05
8.9082127	0.00075871155796262	1.50938112823638e-05
7.9395623	0.000759004580396569	1.34829249329186e-05
7.0765615	0.00076169402603845	1.60101864636424e-05
6.3105822	0.000763358951489388	1.71215502921345e-05
5.6245475	0.000764872875629584	1.54541751562506e-05
5.0112233	0.000767416901203678	1.64460383390822e-05
4.4642835	0.00076919546786893	1.78932405214746e-05
3.9819033	0.000768163121603461	1.75867721084117e-05
3.5479143	0.000770624391818482	1.73690512832221e-05
3.1629577	0.000772229401756969	1.84190001080284e-05
2.818361	0.000771958428265819	1.76099117293397e-05
2.5112481	0.000772487451702764	1.47625991588649e-05
2.2398233	0.000775100935698063	1.78016203682192e-05
1.9950197	0.00077477011617737	1.8234921505403e-05
1.7775893	0.000775835038839201	1.72241249398325e-05
1.5846864	0.000778476425390506	1.84023157772497e-05
1.4122353	0.00077791058827446	1.80631533525974e-05
1.2582541	0.000780017823508608	1.92089091362295e-05
1.1224822	0.000781452862760543	1.80510404178177e-05
1.0000616	0.000781949267116848	1.97299494498487e-05
0.89082122	0.000781843366965589	2.01370226465516e-05
0.79444051	0.000783799428123081	2.09777053129062e-05
0.70784986	0.000788293322063878	2.13874008376128e-05
0.63126236	0.000787373120599055	2.15922988608688e-05
0.562536	0.000789635628952968	2.36572467694548e-05
0.50118715	0.00079101463283398	2.35636814948853e-05
0.44642836	0.000791051155775977	2.2847090154328e-05
0.39821118	0.000793449881145848	2.5150562188565e-05
0.35475865	0.000796056342557678	2.47095897626616e-05
0.31619295	0.00079672836600821	2.83608065859917e-05
0.2819173	0.000797834124875177	2.81836344446861e-05
0.25117323	0.000800437965494095	2.860001920631e-05
0.22391155	0.000801401582156819	3.12666677986746e-05
0.19957349	0.000803953654399161	3.25823518017803e-05
0.17779917	0.000804964471883678	3.29509815292163e-05
0.15846863	0.000807971371582991	3.6718866266707e-05
0.14123619	0.00080984559145868	3.85199319676677e-05
0.12590662	0.000810677118749362	3.76356533890563e-05
0.1122199	0.000814346567662842	3.9630740077007e-05
0.10002181	0.00081760331747499	4.32648004399596e-05
