10002.226	0.00118820685852319	-0.00954870357009797
8914.9326	0.00114886329067673	-0.00854621370046133
7943.9951	0.00111209740720737	-0.00764739750602668
7081.583	0.0010765346746972	-0.00684833650639954
6307.7358	0.00104411369942723	-0.00612824566611311
5622.5879	0.0010120639442633	-0.00548633921488846
5011.603	0.000983390338224136	-0.00491221059893499
4466.4292	0.00095962180047738	-0.00439659308769023
3981.2773	0.000936143458943036	-0.0039378309418825
3548.8679	0.000915615891629549	-0.00352751730104786
3163.0398	0.000894919123355648	-0.00315674165273994
2819.0986	0.000877268626745204	-0.00282705364276117
2512.4104	0.000861205603304361	-0.00253178979680546
2239.2869	0.00084685728083392	-0.00226985103494983
1995.6381	0.000833072573867355	-0.00203255140710212
1778.2897	0.000820756212333644	-0.00182276164293938
1584.4927	0.000807297343184305	-0.00163292318169404
1412.7418	0.000795261663857406	-0.00146481319891578
1258.7905	0.000787452116474572	-0.00131306802417755
1121.7966	0.000780623567530984	-0.00117816413645371
999.68164	0.000770899344335842	-0.00105583834086513
891.42474	0.000759868972376443	-0.000947757757352323
794.23932	0.00075572638637122	-0.000850313693799003
707.96161	0.000746533381915406	-0.000760928810158428
631.00977	0.000738472880680269	-0.000685791007894832
562.33929	0.000735680012417097	-0.000611483823318121
501.12231	0.000728062846968243	-0.000547692458390356
446.57214	0.000722335121965973	-0.000489461242073316
398.08899	0.000718200507288847	-0.00044014841066668
354.88681	0.000713886389181758	-0.000393508223157579
316.31589	0.000710334437525321	-0.000348400633223255
281.8942	0.000705688102981654	-0.000309869354688462
251.20601	0.000701605337792829	-0.000274409520382353
223.92496	0.000701799239584234	-0.000243705544082091
199.55338	0.000701146396734409	-0.000214363081542221
177.78128	0.000701033506104195	-0.000188149164482164
158.52898	0.000699936410963957	-0.000165611604756984
141.21979	0.000699968454013586	-0.000144055450331615
125.92673	0.000701259348678057	-0.000123141390720267
112.19009	0.00070340979608114	-0.000108340043573397
99.968163	0.000706248913117241	-8.82739816266877e-05
89.115646	0.000706250957968796	-7.75039857394969e-05
79.415741	0.000707928335289048	-6.33601244179446e-05
70.793182	0.000707061706422445	-5.23092002681044e-05
63.082279	0.000711407335893459	-4.24842689230886e-05
56.241825	0.000717855294407578	-3.29070407764707e-05
50.112232	0.000717620227262017	-2.22470733556427e-05
44.671223	0.000720563145352356	-1.96456089555338e-05
39.808899	0.00072561724163021	-1.36806304009386e-05
35.488308	0.000728332195679012	-7.41095624979299e-06
31.629578	0.000732104938557248	-2.29541011199961e-06
28.187037	0.000731544182974622	1.06604196020812e-06
25.120602	0.00073669757043825	3.05570809665222e-06
22.385418	0.000739973812608725	6.77696593274624e-06
19.955338	0.000745918975925185	8.2557456796526e-06
17.775894	0.000745370081008856	1.26811593304268e-05
15.846864	0.000747787951480399	1.15431545365806e-05
14.127493	0.000750019767530572	1.25802313825321e-05
12.587309	0.000752226689631299	1.27342030073702e-05
11.216775	0.000754337676495437	1.38335566749321e-05
9.9968166	0.000758241381066241	1.2766825420539e-05
8.9082127	0.000757868537003181	1.53592339948283e-05
7.9395623	0.000758209690092623	1.84334968142756e-05
7.0765615	0.000760886327562575	1.55953237977535e-05
6.3105822	0.000764657798073553	1.56977740405732e-05
5.6245475	0.00076259914865277	1.73476812647861e-05
5.0112233	0.000767737049842091	1.76053247563095e-05
4.4642835	0.000768592661272635	1.60262802927435e-05
3.9819033	0.000767424860687339	1.73254907156787e-05
3.5479143	0.000771207505896441	1.7899059915969e-05
3.1629577	0.000772936752707287	1.85928398675484e-05
2.818361	0.000772341115106332	1.68400346537276e-05
2.5112481	0.000773688255460839	1.80460697012714e-05
2.2398233	0.000773667628441295	1.62636094371505e-05
1.9950197	0.000774593750278016	1.69072292381032e-05
1.7775893	0.000777403533301368	1.647132679472e-05
1.5846864	0.000778590372280891	1.93385341568743e-05
1.4122353	0.000779429272079335	1.87160618757111e-05
1.2582541	0.000780134545719814	2.08194089370828e-05
1.1224822	0.000780558979351129	1.9875579683654e-05
1.0000616	0.000784382677436095	2.02953224779309e-05
0.89082122	0.000785459568730284	2.08785539541965e-05
0.79444051	0.000785851933393977	2.07352029869765e-05
0.70784986	0.000788259507974013	2.142864680993e-05
0.63126236	0.000789540900275256	2.17743194711928e-05
0.562536	0.000790316538422664	2.25265547195802e-05
0.50118715	0.000791280078783852	2.28895897845655e-05
0.44642836	0.000790410439367369	2.40629962433585e-05
0.39821118	0.000794648243910219	2.60806404817454e-05
0.35475865	0.000795448336848669	2.67248722416045e-05
0.31619295	0.000797049071094366	2.71045151783491e-05
0.2819173	0.000798037559442661	2.89202118201173e-05
0.25117323	0.000799746110364232	2.88629785227218e-05
0.22391155	0.000803338047540643	3.05307104532441e-05
0.19957349	0.000804198505510637	3.36296396797042e-05
0.17779917	0.000804796919894879	3.35727205919471e-05
0.15846863	0.000805907844568081	3.7175209479086e-05
0.14123619	0.000808753338285193	3.80817263466266e-05
0.12590662	0.000813986317200678	3.82997144321243e-05
0.1122199	0.000815263841853105	4.17288368629337e-05
0.10002181	0.000817771039452271	4.30456596827829e-05
