10002.226	0.00118906561919547	-0.00954768355350406
8914.9326	0.00114940007441627	-0.00854485018020702
7943.9951	0.0011105389592029	-0.00764919998872922
7081.583	0.00107594852712131	-0.00684818793437211
6307.7358	0.0010459025225359	-0.00612685741944934
5622.5879	0.00101312929054705	-0.00548674038725011
5011.603	0.000982724396196435	-0.00491191146824307
4466.4292	0.000960943785555798	-0.00439808713522677
3981.2773	0.000937421304337367	-0.00393606380489329
3548.8679	0.000912091957098086	-0.00352849242470977
3163.0398	0.000894153700532576	-0.00315954821468009
2819.0986	0.000876179512722511	-0.00282616466047935
2512.4104	0.000861122860059499	-0.00253206074794587
2239.2869	0.000844502186504978	-0.00227014561600597
1995.6381	0.000832370600583147	-0.0020336812786147
1778.2897	0.000820251119446975	-0.0018224378623173
1584.4927	0.000808735475589271	-0.0016308543671715
1412.7418	0.000794096998203249	-0.00146488339501736
1258.7905	0.00078681727232487	-0.00131271452767761
1121.7966	0.000779022016808066	-0.00117671467623301
999.68164	0.000773427966120253	-0.00105392137688123
891.42474	0.000762160912617042	-0.000947278941791462
794.23932	0.00075438649843399	-0.000851052354884321
707.96161	0.000746028301020976	-0.000761194452985826
631.00977	0.000739055661847749	-0.000683565518767896
562.33929	0.000734470186938112	-0.000609486150499818
501.12231	0.000728807700332435	-0.000548617618876506
446.57214	0.000723090887732968	-0.000491077386440718
398.08899	0.000718172174777915	-0.000439345302759264
354.88681	0.000713439538741689	-0.000391596916081805
316.31589	0.000711608684802098	-0.000348897560724618
281.8942	0.000706146290144447	-0.000311771090269169
251.20601	0.000704237601371021	-0.000274829187162421
223.92496	0.000704598689094938	-0.000242188887281886
199.55338	0.000699259571176079	-0.000216778815247835
177.78128	0.000699597521889372	-0.000187177905442552
158.52898	0.000700503755773529	-0.000162585748638148
141.21979	0.000701181677796672	-0.000144270999714621
125.92673	0.000701414786800259	-0.000121626068108051
112.19009	0.000703918423443098	-0.00010641928049525
99.968163	0.000703653019760946	-8.82734926654255e-05
89.115646	0.000706436288004786	-7.69045295338251e-05
79.415741	0.000708665332169971	-6.33675262655946e-05
70.793182	0.000709675584997014	-5.06043953311567e-05
63.082279	0.0007125548169905	-4.11244685100366e-05
56.241825	0.000717606479707954	-3.22232481561559e-05
50.112232	0.000718513401082029	-2.3579635172983e-05
44.671223	0.000724117576048162	-1.79928426923773e-05
39.808899	0.00072606764504327	-1.4606251286079e-05
35.488308	0.000728028445376651	-7.05006795868584e-06
31.629578	0.000732508438386466	-2.83460120041195e-06
28.187037	0.000735155469528922	-7.85026677966257e-07
25.120602	0.000738307121662121	3.72921847005927e-06
22.385418	0.000739566795154027	5.95291869061313e-06
19.955338	0.000745316174315669	8.84701145722112e-06
17.775894	0.000746851378038441	9.34821435801821e-06
15.846864	0.000747116964681848	1.22586148852668e-05
14.127493	0.000752336693245197	1.37500532611632e-05
12.587309	0.000752761799401792	1.18839962125012e-05
11.216775	0.000753132360344497	1.55689049502987e-05
9.9968166	0.000757089112081898	1.26675515699123e-05
8.9082127	0.000758430341493598	1.53343663135388e-05
7.9395623	0.000759088600748328	1.57372668422849e-05
7.0765615	0.000762959691530874	1.79514135697824e-05
6.3105822	0.000763966889381833	1.76287046371026e-05
5.6245475	0.000763659680306092	1.66170157056347e-05
5.0112233	0.00076592832594144	1.77237427754957e-05
4.4642835	0.000767609034099942	1.70915858947757e-05
3.9819033	0.000768014006793099	1.64542884198496e-05
3.5479143	0.000769977160731396	1.53867012307859e-05
3.1629577	0.000772645028198799	1.85262834655559e-05
2.818361	0.000773952238873238	1.5497504992092e-05
2.5112481	0.000773490817280072	1.55427630308784e-05
2.2398233	0.000774778718745541	1.5696749759101e-05
1.9950197	0.000775106233219125	1.72633433268708e-05
1.7775893	0.000776975622250442	1.66769162765052e-05
1.5846864	0.000779375743577618	1.84715109684453e-05
1.4122353	0.000780606608263157	1.90339888627611e-05
1.2582541	0.000780839825389763	1.9118171326094e-05
1.1224822	0.000782226868988439	2.19727373718681e-05
1.0000616	0.000781389814656975	1.92857410171068e-05
0.89082122	0.000783474573992133	1.94231690479529e-05
0.79444051	0.00078499961383569	2.10542416478105e-05
0.70784986	0.000787495433359432	2.08864146188813e-05
0.63126236	0.000786175333392823	2.01284857238715e-05
0.562536	0.000790916126574502	2.28502256780003e-05
0.50118715	0.000792517004943781	2.46488957526532e-05
0.44642836	0.000793320688496653	2.38904347054145e-05
0.39821118	0.000794608179909213	2.64326357308038e-05
0.35475865	0.000795111660530094	2.55123208053509e-05
0.31619295	0.000798157153755313	2.58160631301203e-05
0.2819173	0.000798715018673142	2.8013850654768e-05
0.25117323	0.000800180736092965	2.86809226073996e-05
0.22391155	0.000803853430646457	3.10836122060487e-05
0.19957349	0.000802524263144829	3.05518154276862e-05
0.17779917	0.000805946673438893	3.54363354670279e-05
0.15846863	0.00080656254487401	3.5377991194964e-05
0.14123619	0.00081038026500171	3.8438639535822e-05
0.12590662	0.000811559525357055	3.89790163012912e-05
0.1122199	0.000815427028239072	4.13340700545501e-05
0.10002181	0.000815870574645551	4.29713479840727e-05
