10002.226	0.00118880192082671	-0.00954915792205233
8914.9326	0.00114898944060065	-0.0085451859758068
7943.9951	0.00111061715277432	-0.00765048525011276
7081.583	0.00107563002450386	-0.0068482377665237
6307.7358	0.00104610200657539	-0.00612620140809156
5622.5879	0.00101114952479927	-0.0054862864921864
5011.603	0.000983212716884143	-0.00491254782160373
4466.4292	0.000960354714025395	-0.00439706674833224
3981.2773	0.000935780146284931	-0.0039366269886537
3548.8679	0.000912810367476281	-0.00352642288826909
3163.0398	0.000896062932745764	-0.00315804521632886
2819.0986	0.000878072244274032	-0.00282595320492937
2512.4104	0.000861982756828452	-0.00253164471814242
2239.2869	0.000845936205851305	-0.00227085746036771
1995.6381	0.000833776195345881	-0.00203218526310796
1778.2897	0.000820241861944563	-0.00182215847635186
1584.4927	0.000808286419746016	-0.00162948397325118
1412.7418	0.000798318539551632	-0.00146334668712253
1258.7905	0.000787246225150979	-0.00131183571450781
1121.7966	0.000776750474120322	-0.00117834078182223
999.68164	0.000770894248415368	-0.00105511999716336
891.42474	0.000761124811669167	-0.000946590887989575
794.23932	0.000755243726557248	-0.000848789493203629
707.96161	0.000747431092807112	-0.000761445181157627
631.00977	0.000739307262105815	-0.000686470584982386
562.33929	0.000732409317035567	-0.000612421198144552
501.12231	0.000729398656545478	-0.000550445676262665
446.57214	0.00072354291342655	-0.000491111223136057
398.08899	0.000718781060494909	-0.000439354561840601
354.88681	0.00071168348565909	-0.000392875255708352
316.31589	0.00071148798975454	-0.000347081625391269
281.8942	0.000707177319513078	-0.000311115124645345
251.20601	0.000703712861511809	-0.000276514688417591
223.92496	0.000702264938367578	-0.00024163808056436
199.55338	0.000701403113248507	-0.000214672589514508
177.78128	0.000699247074341022	-0.000188768632342748
158.52898	0.000699399480878913	-0.000163694602080137
141.21979	0.000701185254315313	-0.000144827740361305
125.92673	0.000699414285519624	-0.000123987463676375
112.19009	0.000703119731529877	-0.000108020484334533
99.968163	0.000704432364767503	-8.98772602397913e-05
89.115646	0.000705685252228347	-7.60680810886728e-05
79.415741	0.000708657945724327	-6.22594964209899e-05
70.793182	0.000711294764546957	-5.14431310203938e-05
63.082279	0.000711711309379146	-4.19873940379121e-05
56.241825	0.000714316043579379	-3.15120094212451e-05
50.112232	0.000717182869473358	-2.27433748692312e-05
44.671223	0.000722286653833332	-1.75428031325344e-05
39.808899	0.000725989626959501	-1.26660892559767e-05
35.488308	0.000728691108124223	-6.0549892126241e-06
31.629578	0.000731097436840219	-1.72303175740697e-06
28.187037	0.000733697422273989	-8.7117746298622e-07
25.120602	0.00073625837665019	3.90782439864249e-06
22.385418	0.000741174322492648	6.7464874288939e-06
19.955338	0.000741017006695024	9.29525675799731e-06
17.775894	0.000745281778700651	1.0415609325074e-05
15.846864	0.000748225473823932	1.17615607217255e-05
14.127493	0.000752240315953376	1.3731962308633e-05
12.587309	0.000750352747476485	1.2671718020271e-05
11.216775	0.000755510512288309	1.38885893675997e-05
9.9968166	0.000755984995286922	1.4699971902234e-05
8.9082127	0.000757607678026923	1.35559328575907e-05
7.9395623	0.000758940534080774	1.59795683920822e-05
7.0765615	0.000761474185316569	1.68620111521586e-05
6.3105822	0.000764205211688258	1.71479164054181e-05
5.6245475	0.000764557370313164	1.60712926436689e-05
5.0112233	0.00076691198661073	1.70784795562961e-05
4.4642835	0.000769139267667156	1.70137384856076e-05
3.9819033	0.000768361027177901	1.88370670717457e-05
3.5479143	0.000770341373022112	1.50623636044367e-05
3.1629577	0.00077089544778312	1.73053933237546e-05
2.818361	0.000772831424436187	1.72628804888581e-05
2.5112481	0.000773701437688135	1.84911153463806e-05
2.2398233	0.000774470210988758	1.61088005957314e-05
1.9950197	0.000775434473078818	1.74154192695383e-05
1.7775893	0.000776960433508925	1.73391720002962e-05
1.5846864	0.000779681652002833	1.90835121415183e-05
1.4122353	0.000779405206587489	1.79362693736635e-05
1.2582541	0.000778034367558608	1.93387098369094e-05
1.1224822	0.000781229940668375	1.98404535612782e-05
1.0000616	0.000782658987315089	1.88173865218964e-05
0.89082122	0.000782285762888818	2.02479250154959e-05
0.79444051	0.000785025965190747	1.8115305287361e-05
0.70784986	0.000787103824605028	2.04053748846202e-05
0.63126236	0.000789028385187942	2.15961797961742e-05
0.562536	0.000788514648172243	2.02995173697568e-05
0.50118715	0.000790923052235147	2.44977321354689e-05
0.44642836	0.000790815385860077	2.40413500696053e-05
0.39821118	0.000794282656017675	2.62210310291466e-05
0.35475865	0.000794569364938673	2.62407314517618e-05
0.31619295	0.000798582134637898	2.68997766388007e-05
0.2819173	0.000798929922443341	2.73972195384906e-05
0.25117323	0.000800772242866279	2.69385496832493e-05
0.22391155	0.000802779219346821	2.997834760043e-05
0.19957349	0.000803121127073492	3.25934935324072e-05
0.17779917	0.000805119879286578	3.26461997469676e-05
0.15846863	0.000806679093399397	3.4979540272853e-05
0.14123619	0.000810169863280155	3.65602994857255e-05
0.12590662	0.000812862119702971	3.7765958846572e-05
0.1122199	0.000813415364172173	4.22622740385521e-05
0.10002181	0.000816237401371346	4.37114364874999e-05
