10002.226	0.00117960993004207	-0.00960214163923101
8914.9326	0.00113768330428638	-0.00859606625698538
7943.9951	0.00109831149814519	-0.0076951466947302
7081.583	0.00106474238689882	-0.006889296256429
6307.7358	0.00103254706334757	-0.00616290607409428
5622.5879	0.00100204452555424	-0.00551825752520989
5011.603	0.000972754538855335	-0.00494149842520008
4466.4292	0.000950300444566524	-0.00442274029086996
3981.2773	0.000924200388128195	-0.00396220368765665
3548.8679	0.000901459906349519	-0.00354888292853537
3163.0398	0.000885574381693327	-0.00317670691438729
2819.0986	0.000865950484066974	-0.00284383363431402
2512.4104	0.000851177597882363	-0.00254728270464393
2239.2869	0.000835347868110106	-0.00228227346097701
1995.6381	0.000821115276018834	-0.0020439670000953
1778.2897	0.00081071488706621	-0.0018320484473812
1584.4927	0.000798281862229021	-0.00164140672769116
1412.7418	0.000783588968521983	-0.00147269432297541
1258.7905	0.000778186117224014	-0.00132109872162462
1121.7966	0.000766298067091529	-0.00118494608982644
999.68164	0.000759379806898605	-0.00106069473048607
891.42474	0.000750266470602565	-0.000953766653876692
794.23932	0.000742106982064963	-0.000855832590689524
707.96161	0.000736097481191921	-0.000766239233748748
631.00977	0.000728998123126079	-0.000688061840252642
562.33929	0.000722165415048937	-0.000617361477013641
501.12231	0.000717490532170615	-0.000550801383727254
446.57214	0.000714253861031663	-0.000492584374347308
398.08899	0.000706114153887472	-0.000441386079747231
354.88681	0.000701369802125659	-0.000394507312691198
316.31589	0.000699383048482173	-0.000348766441824811
281.8942	0.000696130837014434	-0.000312643884464377
251.20601	0.000689860695863999	-0.000276895862433365
223.92496	0.000691008714984501	-0.000244478037704952
199.55338	0.000689675357157004	-0.000215969132023304
177.78128	0.000690090585475297	-0.000189110272647231
158.52898	0.000690333909129723	-0.000163287081796761
141.21979	0.00068877331169767	-0.000144774661996067
125.92673	0.000689045836420548	-0.000124910060157656
112.19009	0.000693460992734539	-0.000106285444551842
99.968163	0.0006933253234928	-8.93237061712653e-05
89.115646	0.000695393150143151	-7.78187190998652e-05
79.415741	0.000697477544059642	-6.32971338001699e-05
70.793182	0.000698366310841174	-5.18449936158313e-05
63.082279	0.000702831100085986	-4.26381828425717e-05
56.241825	0.000705832292743696	-3.13914620105133e-05
50.112232	0.000708112012748073	-2.21543068388122e-05
44.671223	0.000710471558745747	-1.71526982456447e-05
39.808899	0.000715590290495792	-1.23656751423685e-05
35.488308	0.000717354912753667	-7.30598780352882e-06
31.629578	0.000721940388003971	-3.17492328371333e-06
28.187037	0.000723674744105351	-1.00050999282576e-07
25.120602	0.000725084567298054	5.01967749657219e-06
22.385418	0.000729559695488789	7.25327992467182e-06
19.955338	0.000731528708858924	8.16682706533214e-06
17.775894	0.000736455052754751	1.34752396448715e-05
15.846864	0.000737147935666619	1.11109403470764e-05
14.127493	0.000740553054528031	1.37187191914245e-05
12.587309	0.000741520368852536	1.36254449741567e-05
11.216775	0.000743544507820245	1.51977067625625e-05
9.9968166	0.000747103595839529	1.26767683346752e-05
8.9082127	0.000745755483761906	1.3921978127033e-05
7.9395623	0.00074809888710325	1.40605791596471e-05
7.0765615	0.000750144435218203	1.75379384603648e-05
6.3105822	0.000752125324970881	1.50522735144714e-05
5.6245475	0.000755917644460681	1.6712831096668e-05
5.0112233	0.000755975495218804	1.81207259561535e-05
4.4642835	0.000757881325190752	1.68585823625408e-05
3.9819033	0.000756601007720959	1.77661073565286e-05
3.5479143	0.000758168649790939	1.73865572466387e-05
3.1629577	0.000760807159432541	1.96348666159572e-05
2.818361	0.000760901594808719	1.64980025846538e-05
2.5112481	0.000762004870998475	1.71733841725438e-05
2.2398233	0.000761164817064142	1.85014724874741e-05
1.9950197	0.000764655099509265	1.65351077948093e-05
1.7775893	0.000764971693510161	1.84954969876873e-05
1.5846864	0.000766003074321311	1.75587630526808e-05
1.4122353	0.000765343430442692	1.60693730683032e-05
1.2582541	0.000769063726822699	2.03464242469136e-05
1.1224822	0.000770113961101192	2.07971710419419e-05
1.0000616	0.000771153926710975	2.15754892604546e-05
0.89082122	0.000772209912394901	2.01467120999022e-05
0.79444051	0.000772952409640827	2.14792264233962e-05
0.70784986	0.000775644940219802	2.17684077659398e-05
0.63126236	0.000777400553486507	2.2818304683195e-05
0.562536	0.000780439260010417	2.32821395684804e-05
0.50118715	0.000779758825701954	2.29620448359814e-05
0.44642836	0.000781499191753794	2.54127338927186e-05
0.39821118	0.000783253242867854	2.57843545437172e-05
0.35475865	0.000784254758974756	2.89691696294308e-05
0.31619295	0.000786234807302858	2.92175396849081e-05
0.2819173	0.000785684398109622	2.93853601629747e-05
0.25117323	0.000788130566012652	2.78506670047548e-05
0.22391155	0.000792467192658922	3.12182152721903e-05
0.19957349	0.000792065427553394	3.32275863727853e-05
0.17779917	0.000795768336682546	3.59725953651313e-05
0.15846863	0.000798644858729959	3.6003366019531e-05
0.14123619	0.000797970225376953	3.6573166702048e-05
0.12590662	0.000799891964371302	3.84935623889345e-05
0.1122199	0.000804178528234105	4.03427384831788e-05
0.10002181	0.000803822263790466	4.24571972248421e-05
