10002.226	0.00117785138560751	-0.00960286154104058
8914.9326	0.00113661949961138	-0.00859622043592807
7943.9951	0.00109932881587133	-0.00769424934772216
7081.583	0.00106401066874777	-0.00688800129189845
6307.7358	0.00103322536766612	-0.00616291680557018
5622.5879	0.00100124422992206	-0.00552111524731183
5011.603	0.000973658290764548	-0.0049432655347868
4466.4292	0.000947258716926035	-0.00442425773897512
3981.2773	0.000928430690947154	-0.003961328366137
3548.8679	0.000902907492687917	-0.00354383533288127
3163.0398	0.000883247046491734	-0.00317722056928609
2819.0986	0.000867344452693826	-0.00284407410303483
2512.4104	0.000850679679210181	-0.0025468253368068
2239.2869	0.000835172099211667	-0.0022823197391734
1995.6381	0.000822162246474465	-0.00204547165927797
1778.2897	0.000809758518669719	-0.00183204870791924
1584.4927	0.00079732054781298	-0.0016397345392613
1412.7418	0.000783948626061266	-0.00147361381597511
1258.7905	0.000779089988553229	-0.00132088365428639
1121.7966	0.000765372696060573	-0.00118616633396297
999.68164	0.00076030989960798	-0.00106099765610942
891.42474	0.000750818938957891	-0.000952153086569986
794.23932	0.000743333425343909	-0.000856442711589397
707.96161	0.000735032063882174	-0.000765466769518381
631.00977	0.000728399294314857	-0.000687662482206113
562.33929	0.000724154230877037	-0.000616259885129024
501.12231	0.000716451343257112	-0.000551336030633453
446.57214	0.000711860250767314	-0.000493341052500849
398.08899	0.00070644494763438	-0.000440667587864899
354.88681	0.000703148910134651	-0.000395985217011774
316.31589	0.000701702892496659	-0.000349785787263604
281.8942	0.000695631840581886	-0.000313508935106857
251.20601	0.000692980191038742	-0.0002764428917263
223.92496	0.00068974147919452	-0.000243303778322852
199.55338	0.000690396766486402	-0.000216204086769827
177.78128	0.000687929444206168	-0.000188596916449116
158.52898	0.000688731869230219	-0.000164150628567469
141.21979	0.000687210529421228	-0.000142803619245572
125.92673	0.000688892654638273	-0.00012415480691028
112.19009	0.000692208944677292	-0.000108303263561201
99.968163	0.000694386381808698	-8.97359027017836e-05
89.115646	0.000694938215902253	-7.65937779496493e-05
79.415741	0.000696687402749585	-6.18782646864607e-05
70.793182	0.000698270720133587	-5.12955148810937e-05
63.082279	0.000702245380493991	-3.98137261613439e-05
56.241825	0.000705437541210846	-3.1061477975408e-05
50.112232	0.000708399615929412	-2.29408943811025e-05
44.671223	0.000710591586906645	-1.5405053137118e-05
39.808899	0.000714476546346903	-1.35692941262886e-05
35.488308	0.000718634452098315	-8.863460823671e-06
31.629578	0.000718928786799191	-2.92674233845718e-06
28.187037	0.00072263857085943	8.18264795006092e-07
25.120602	0.000725357673004989	5.35240859999638e-06
22.385418	0.000728233834051574	7.81843663357313e-06
19.955338	0.000730805340260076	7.9492942592799e-06
17.775894	0.000734120592532356	1.01334369188922e-05
15.846864	0.000737402716719744	1.0510521485467e-05
14.127493	0.000740114946332965	1.32273617290323e-05
12.587309	0.000740739553206753	1.3468535207476e-05
11.216775	0.000742898157130807	1.31293505448605e-05
9.9968166	0.000746199119745765	1.42562638737929e-05
8.9082127	0.000746827992798121	1.34690044265067e-05
7.9395623	0.000748863761080061	1.39354435259457e-05
7.0765615	0.000751989309154054	1.68013605076133e-05
6.3105822	0.000752976899722798	1.70882295562346e-05
5.6245475	0.000753227054134646	1.44315261461078e-05
5.0112233	0.000756155842556223	1.62366267867194e-05
4.4642835	0.000757990619018312	1.45321019561674e-05
3.9819033	0.000757268542908458	1.9126951587784e-05
3.5479143	0.000756971275051141	1.58568069491148e-05
3.1629577	0.000759102162358874	1.67588228346901e-05
2.818361	0.000762456943549488	1.60624143384666e-05
2.5112481	0.000762078134724485	1.64612894773332e-05
2.2398233	0.000763296825167914	1.76308353242735e-05
1.9950197	0.000764488459461455	1.67764945205017e-05
1.7775893	0.000765236671294808	1.8600487943923e-05
1.5846864	0.000767350020565961	1.86512390855056e-05
1.4122353	0.000768774106997908	1.86388746152949e-05
1.2582541	0.000767595633941786	1.93585591639779e-05
1.1224822	0.00077128985786734	1.79709362058372e-05
1.0000616	0.000771208470283411	1.9810223525222e-05
0.89082122	0.000771959189902469	2.02135717507691e-05
0.79444051	0.000774410568468945	2.11675569860736e-05
0.70784986	0.000775671362091344	2.25980779016664e-05
0.63126236	0.000774671362051607	2.22742845717978e-05
0.562536	0.000777768402089048	2.22907835548704e-05
0.50118715	0.000779282336731007	2.39197588739818e-05
0.44642836	0.000781110699009796	2.50414397838182e-05
0.39821118	0.000781808076092768	2.59654386404399e-05
0.35475865	0.000783925194492347	2.67865272192951e-05
0.31619295	0.000786235706421558	2.84205427607894e-05
0.2819173	0.000787600171732937	2.99475807851015e-05
0.25117323	0.00078814976093508	2.82199298491036e-05
0.22391155	0.000791499857417137	2.99712941432157e-05
0.19957349	0.00079316392278743	3.2853490340827e-05
0.17779917	0.000793441200930563	3.36716706679518e-05
0.15846863	0.000797381146623189	3.66458406001874e-05
0.14123619	0.000799624116288513	3.65949132272987e-05
0.12590662	0.000801115593536026	3.84716101018062e-05
0.1122199	0.000803329774117457	4.17478648230666e-05
0.10002181	0.000806400551136861	4.36759301684396e-05
