10002.226	0.00117831444245837	-0.00960350082109393
8914.9326	0.00113951469278981	-0.00859579734847746
7943.9951	0.00109835104868729	-0.00769371189635939
7081.583	0.00106744351846043	-0.00688820187501661
6307.7358	0.00103410378118355	-0.00616139635927711
5622.5879	0.0010027397300358	-0.00551876661161973
5011.603	0.00097480348698904	-0.00494113863862654
4466.4292	0.000949188198723503	-0.00442247164734762
3981.2773	0.000924504277750961	-0.0039623358570679
3548.8679	0.000903144848492939	-0.0035471090859196
3163.0398	0.000885219687339514	-0.00317639356327172
2819.0986	0.000867223621997937	-0.00284306423113828
2512.4104	0.000851409689545181	-0.00254640889275975
2239.2869	0.000834098195358572	-0.00228354372613262
1995.6381	0.000822166458622382	-0.00204590871182155
1778.2897	0.000810142425514733	-0.00183164300677009
1584.4927	0.000798445528293066	-0.00164172628312638
1412.7418	0.000785402210051444	-0.001472021861724
1258.7905	0.000777626398497413	-0.00131913574283067
1121.7966	0.000766488923104723	-0.00118393554563239
999.68164	0.000759229504437854	-0.00106104766147092
891.42474	0.00075143415665144	-0.000952803721865146
794.23932	0.000742321480070764	-0.000856312648378042
707.96161	0.000736954731945499	-0.000765328546749402
631.00977	0.000730208961908473	-0.000689242792904192
562.33929	0.000722189105061055	-0.000616563133835378
501.12231	0.000717423159047955	-0.000552911377118854
446.57214	0.000711626583812668	-0.000493766168685766
398.08899	0.00070638010280307	-0.000441754558587908
354.88681	0.00070313996227894	-0.00039473735103064
316.31589	0.000699118790313893	-0.000351791570408423
281.8942	0.000695189894613973	-0.000312878216816919
251.20601	0.000690642821221383	-0.000274742236143544
223.92496	0.000691773929962036	-0.000244562877574119
199.55338	0.000690967668275133	-0.000217538316916199
177.78128	0.00068797349118391	-0.000189617739541789
158.52898	0.000688394786929537	-0.000163278605081457
141.21979	0.000690098360614223	-0.000142797009966356
125.92673	0.000690448283974489	-0.000124163618767362
112.19009	0.000693317364857248	-0.000107787324015305
99.968163	0.000691966351184534	-9.0045500644154e-05
89.115646	0.000694151895431052	-7.76741507645199e-05
79.415741	0.000697862810295505	-6.38891775753032e-05
70.793182	0.000696994692288169	-4.93459994892576e-05
63.082279	0.000701487604638509	-3.95716613274281e-05
56.241825	0.000706383033583843	-3.29453857583466e-05
50.112232	0.000707378568744344	-2.22498569201404e-05
44.671223	0.000711821837283112	-1.85607897557377e-05
39.808899	0.000714533145501415	-1.31338447769879e-05
35.488308	0.000718050538390749	-6.1893546266842e-06
31.629578	0.00072033282084478	-3.29460249112571e-06
28.187037	0.000721596061105118	6.65609048957386e-09
25.120602	0.000725267895984099	2.2129140039161e-06
22.385418	0.000727846580709506	7.59413303287522e-06
19.955338	0.000733442958125444	9.4368850719166e-06
17.775894	0.000735829695872303	1.30137808405947e-05
15.846864	0.000737050216954133	1.20730990253821e-05
14.127493	0.000739677797936732	1.40823705268686e-05
12.587309	0.000740547969604442	1.26760570658795e-05
11.216775	0.000742847495614598	1.41904871440708e-05
9.9968166	0.000744142708415825	1.3182777900537e-05
8.9082127	0.00074746138723097	1.52622631267781e-05
7.9395623	0.000748708146952234	1.56603106020164e-05
7.0765615	0.000751838139488542	1.63541140083219e-05
6.3105822	0.000750855140251072	1.75988243633217e-05
5.6245475	0.000755820735348184	1.72003109198512e-05
5.0112233	0.000756586781298504	1.89211012107342e-05
4.4642835	0.000757200399562491	1.76135341418784e-05
3.9819033	0.000756704614326867	1.61557924517665e-05
3.5479143	0.000757543791445365	1.75170812098485e-05
3.1629577	0.000761054605525677	1.85746794920569e-05
2.818361	0.000762132875973036	1.63581285038593e-05
2.5112481	0.000762255538735333	1.75358523299413e-05
2.2398233	0.00076438143762009	1.65246910711707e-05
1.9950197	0.00076290892843945	1.69073536540371e-05
1.7775893	0.000765591659030999	1.90582557060265e-05
1.5846864	0.000767893089161631	1.76293226706415e-05
1.4122353	0.000769029934847736	1.87638984573516e-05
1.2582541	0.000768667824992315	2.03557763850364e-05
1.1224822	0.000769811114665724	2.04656630460423e-05
1.0000616	0.000771237111878826	2.02705896989327e-05
0.89082122	0.000771589912576283	2.0882650820956e-05
0.79444051	0.000773390727339355	2.18543799911256e-05
0.70784986	0.0007760467579859	2.19149486222771e-05
0.63126236	0.000778092918573497	2.16421682437829e-05
0.562536	0.000777529721242175	2.14707571862009e-05
0.50118715	0.000778937633755572	2.23723662693795e-05
0.44642836	0.000780575793004388	2.50530925942553e-05
0.39821118	0.000783367282589414	2.55084051362976e-05
0.35475865	0.000782314407545871	2.74416226493063e-05
0.31619295	0.000785220332460793	2.65866462302418e-05
0.2819173	0.000787110396029018	2.79541095239491e-05
0.25117323	0.000788452638250972	3.02610176011969e-05
0.22391155	0.000789890500712895	3.0384252026271e-05
0.19957349	0.000792955665126463	3.3889027052313e-05
0.17779917	0.000794881231292421	3.38566952812092e-05
0.15846863	0.000796375872248001	3.47456064187857e-05
0.14123619	0.000798427200312676	3.6414125775819e-05
0.12590662	0.000802588066766115	3.81831643945036e-05
0.1122199	0.000802562483840127	4.17851419874509e-05
0.10002181	0.000806489037550834	4.28955550328689e-05
