10002.226	0.00117811525440711	-0.00960111213623302
8914.9326	0.00113734534369802	-0.00859659234772062
7943.9951	0.00109917004441179	-0.007694450631647
7081.583	0.00106500220632361	-0.0068885527112927
6307.7358	0.00103237150827544	-0.00616433876821039
5622.5879	0.00100186983537958	-0.00551710234769881
5011.603	0.000973891413588379	-0.00494038808577069
4466.4292	0.000948506053517071	-0.00442259097955417
3981.2773	0.000925925763993651	-0.00395956150499532
3548.8679	0.000901605862492789	-0.00354690896295365
3163.0398	0.000885054574423698	-0.00317557123875329
2819.0986	0.000867091160214792	-0.00284389045804522
2512.4104	0.000850000481488531	-0.0025461675821469
2239.2869	0.000835768901587844	-0.00228263182645596
1995.6381	0.000820931212244665	-0.00204496732481011
1778.2897	0.000808910870733579	-0.00183333870966005
1584.4927	0.00079719300660947	-0.00164160164639605
1412.7418	0.000786139530538717	-0.00147305251217863
1258.7905	0.000778023126342158	-0.0013211248873692
1121.7966	0.000768420786639466	-0.00118512161330122
999.68164	0.00075728207712116	-0.0010611179510922
891.42474	0.000750281444306455	-0.000951540874692473
794.23932	0.00074433630655092	-0.000854013042117798
707.96161	0.000736068787740204	-0.000766235093261194
631.00977	0.000728771484607777	-0.00068930486354105
562.33929	0.000723435439538617	-0.000614713557661104
501.12231	0.00071688987859904	-0.000552063977396448
446.57214	0.000713951033088437	-0.000491656695885935
398.08899	0.000706180480424022	-0.000442328736070703
354.88681	0.000702134097591513	-0.000393435258233071
316.31589	0.000697074791688465	-0.000348974512355617
281.8942	0.000696887378029629	-0.00031385372416654
251.20601	0.000691316970953305	-0.000276127872456644
223.92496	0.000691953987195239	-0.000244423669049153
199.55338	0.000689806997325433	-0.000218100990231813
177.78128	0.000689324675907944	-0.000189594321419532
158.52898	0.00068982055255128	-0.000164357121080588
141.21979	0.000688772376711876	-0.000146775715378542
125.92673	0.00068897090511305	-0.000122829326984128
112.19009	0.000690284068587047	-0.000107631826165221
99.968163	0.000691466773582667	-8.95880817535039e-05
89.115646	0.000694119944348406	-7.61668470380465e-05
79.415741	0.000698424605761427	-6.2480063403093e-05
70.793182	0.0006994420507822	-5.19393190926553e-05
63.082279	0.000702542313063619	-4.13198963396854e-05
56.241825	0.000705224748080103	-3.22526225724061e-05
50.112232	0.000708269910772015	-2.45084156961152e-05
44.671223	0.000710168042612063	-1.71808720175566e-05
39.808899	0.000714249453880838	-1.23378701877269e-05
35.488308	0.000716693142229449	-7.21482627291344e-06
31.629578	0.000718625092332368	-4.02504708414429e-06
28.187037	0.000723826373804027	-2.62982668892371e-07
25.120602	0.000726857572007613	3.21791900337119e-06
22.385418	0.000729724196400204	7.93207768279778e-06
19.955338	0.000732650949165269	7.84375488645603e-06
17.775894	0.000734591081834195	1.06381546004343e-05
15.846864	0.000735435499651277	1.03977873704765e-05
14.127493	0.000738114440747997	1.46029336933379e-05
12.587309	0.000741984489890315	1.40569059860114e-05
11.216775	0.000742750358723493	1.35625087325627e-05
9.9968166	0.000746275980229141	1.42750635809112e-05
8.9082127	0.000747628690806293	1.56341988246172e-05
7.9395623	0.00074709346964256	1.59120925392826e-05
7.0765615	0.000751147291723425	1.65750359707056e-05
6.3105822	0.000752202972677589	1.69292289239662e-05
5.6245475	0.00075368614138181	1.75430367766017e-05
5.0112233	0.000755551136016645	1.80763818736706e-05
4.4642835	0.000755971171912734	1.92648732239215e-05
3.9819033	0.000756056477570211	1.61642658040877e-05
3.5479143	0.000757730417017623	1.71737411832557e-05
3.1629577	0.00075985631300515	1.65463632858934e-05
2.818361	0.000760936861139284	1.87515747130696e-05
2.5112481	0.0007615662326795	1.75047344086314e-05
2.2398233	0.000763944760811058	1.6417590593502e-05
1.9950197	0.000764659292301485	1.88597472026007e-05
1.7775893	0.000766185520765503	1.70029840993703e-05
1.5846864	0.000766601160945425	1.85254088028502e-05
1.4122353	0.000769036138679706	1.78517146397636e-05
1.2582541	0.00077091424355639	1.9326616473178e-05
1.1224822	0.000770542682988808	1.8398714119864e-05
1.0000616	0.00077220835901252	2.00876270422017e-05
0.89082122	0.00077325330040313	1.93101845459962e-05
0.79444051	0.000775776366566351	2.12065019647356e-05
0.70784986	0.000774699927655173	2.1291335991599e-05
0.63126236	0.000775656442004386	2.31296597751109e-05
0.562536	0.000777946297024047	2.34660028198587e-05
0.50118715	0.000779791999018066	2.52969004666018e-05
0.44642836	0.000780566250076079	2.54061710667526e-05
0.39821118	0.000783147388145016	2.48042803577153e-05
0.35475865	0.000784347926933104	2.63308631781121e-05
0.31619295	0.000785572331429626	2.87583008305626e-05
0.2819173	0.000787809854314159	2.78944400573836e-05
0.25117323	0.000789497816861291	2.87724821841123e-05
0.22391155	0.000790537382396533	3.11621450592067e-05
0.19957349	0.00079447251499076	3.39323857267524e-05
0.17779917	0.000794381029249406	3.47257301094076e-05
0.15846863	0.000796722204829376	3.56518599144692e-05
0.14123619	0.00079892037416818	3.79739827053622e-05
0.12590662	0.000800856709585926	3.82927695762974e-05
0.1122199	0.000805512710430329	4.07881069695125e-05
0.10002181	0.000804796531612496	4.24481678013851e-05
