10002.226	0.00117788599739661	-0.00960231458506645
8914.9326	0.00113932302211946	-0.00859609973429578
7943.9951	0.00109992179936288	-0.00769322640234108
7081.583	0.0010653841569725	-0.00688832450147079
6307.7358	0.00103315687585133	-0.00616324465053313
5622.5879	0.00100156233510231	-0.00551610129320123
5011.603	0.000976088399411445	-0.00494234478186669
4466.4292	0.000951383895950856	-0.00442405887580217
3981.2773	0.000924123355260825	-0.00396003389531167
3548.8679	0.000902882441211136	-0.00354668973980044
3163.0398	0.000884955290721998	-0.00317582318496252
2819.0986	0.000866906773256913	-0.00284236634799615
2512.4104	0.000852140996658024	-0.00254574735010826
2239.2869	0.000835922132353469	-0.00228449602273873
1995.6381	0.00082192583746138	-0.00204342938600957
1778.2897	0.000811108663679896	-0.00183249282092536
1584.4927	0.000798557740186441	-0.00164363043540221
1412.7418	0.000785666121388264	-0.00147042935734673
1258.7905	0.000775136596801153	-0.00131948386504072
1121.7966	0.000767401435815744	-0.00118243383052638
999.68164	0.000758162715198527	-0.00106083105178983
891.42474	0.000752043078833892	-0.000952489855331932
794.23932	0.000744465689274493	-0.000856663206675408
707.96161	0.00073391190663973	-0.000765388455873127
631.00977	0.000729783570520977	-0.000685599573231515
562.33929	0.000721904213933411	-0.000618639358921388
501.12231	0.000717572167927776	-0.000550382750034509
446.57214	0.000710217854038017	-0.000491896702511592
398.08899	0.000704617663022935	-0.000442334529481322
354.88681	0.000700976607726684	-0.000392421995742291
316.31589	0.000701101137228357	-0.000350058529755558
281.8942	0.000694638983766441	-0.000312416782992909
251.20601	0.000691703131304827	-0.000275238248770273
223.92496	0.000690684270361037	-0.000244669511837875
199.55338	0.000690429697089725	-0.00021798916983869
177.78128	0.000688346062346653	-0.000188245936974893
158.52898	0.000687506389521501	-0.000166350122550321
141.21979	0.000687809825514432	-0.000142601016283841
125.92673	0.000688966707720747	-0.000124672566414033
112.19009	0.000690826822506376	-0.000108114593372238
99.968163	0.000690916320515411	-9.03293469018333e-05
89.115646	0.000694989709968212	-7.5742197365691e-05
79.415741	0.000697030897826493	-6.24318811560478e-05
70.793182	0.000698097688652421	-5.16361198041426e-05
63.082279	0.000703116798643772	-4.133512664199e-05
56.241825	0.00070592862635468	-3.20341337178143e-05
50.112232	0.000707687207395351	-2.18984244698991e-05
44.671223	0.000710069945248998	-1.8770020062721e-05
39.808899	0.000712726153144369	-1.33159753193982e-05
35.488308	0.00071716451638214	-6.9413995140961e-06
31.629578	0.000720325584659796	-1.54093214689777e-06
28.187037	0.000723598996701481	-8.48933740176697e-08
25.120602	0.00072557332588358	2.27450197369852e-06
22.385418	0.000729583531479158	6.07510315133465e-06
19.955338	0.00073196003300083	7.70928707576389e-06
17.775894	0.000735956662223631	1.2574994492156e-05
15.846864	0.000738266760592215	1.07894654790663e-05
14.127493	0.000739578260956315	1.3622986291775e-05
12.587309	0.000741153089235137	1.44080793988881e-05
11.216775	0.00074109950865467	1.34604730938527e-05
9.9968166	0.000746680822825771	1.53102689075473e-05
8.9082127	0.000745395333837075	1.49389536209027e-05
7.9395623	0.000747113554144471	1.55943603835039e-05
7.0765615	0.000750205353814264	1.69200989291156e-05
6.3105822	0.000752176171773168	1.61104413115498e-05
5.6245475	0.000753773229440181	1.65453074175908e-05
5.0112233	0.000756707029046796	1.74668423968739e-05
4.4642835	0.000756029088085616	1.72814253662701e-05
3.9819033	0.000757838020485571	1.65914677272671e-05
3.5479143	0.00075890721609041	1.82322533288292e-05
3.1629577	0.000761521807987119	1.85423062217647e-05
2.818361	0.000761848761358381	1.65066800827337e-05
2.5112481	0.000763041797211945	1.66961562107177e-05
2.2398233	0.000762245497542637	1.76412717997227e-05
1.9950197	0.000764621377118492	1.72243812602385e-05
1.7775893	0.000765399790009262	1.76222019737423e-05
1.5846864	0.000764948857559775	1.76453772818494e-05
1.4122353	0.000767290837687829	1.806348912621e-05
1.2582541	0.000769015147375875	1.98097575102941e-05
1.1224822	0.000770950283058577	1.97337425317211e-05
1.0000616	0.000772137251691429	2.00365187578419e-05
0.89082122	0.000771378742026363	2.14443808308632e-05
0.79444051	0.000776218758513573	2.07678133571307e-05
0.70784986	0.00077606955876053	2.1424105125109e-05
0.63126236	0.000776576462587111	2.04178523475118e-05
0.562536	0.000777743410300064	2.36909245039115e-05
0.50118715	0.000777573361344636	2.47160881812073e-05
0.44642836	0.000779977932178374	2.3462907262082e-05
0.39821118	0.000784435577215517	2.49625868886468e-05
0.35475865	0.000783200681865888	2.69225513526312e-05
0.31619295	0.000784185757992928	2.73573607262914e-05
0.2819173	0.000787294299565528	2.70870408042345e-05
0.25117323	0.000788706803099636	2.74451461374446e-05
0.22391155	0.000791119154471816	3.0609302256892e-05
0.19957349	0.000792732929739802	3.19084240302748e-05
0.17779917	0.000795805616438936	3.43385529085512e-05
0.15846863	0.000796997494940664	3.51380495358057e-05
0.14123619	0.000796100610772545	3.73396792363262e-05
0.12590662	0.000802656893863219	3.96824888380446e-05
0.1122199	0.000804041095747191	4.0392481714439e-05
0.10002181	0.000806207496158465	4.41795374234963e-05
