10002.226	0.00118005085137781	-0.00960246613053592
8914.9326	0.00113678661255094	-0.00859578105613003
7943.9951	0.00110006346740031	-0.00769326642744819
7081.583	0.00106544492928203	-0.0068892783412977
6307.7358	0.0010326995740789	-0.00616497271488307
5622.5879	0.00100104004489104	-0.0055183360171806
5011.603	0.000972108271313303	-0.00494089212849945
4466.4292	0.000950708585991228	-0.00442203288964403
3981.2773	0.000924270902366897	-0.0039601220308683
3548.8679	0.000902448526945639	-0.0035452484506596
3163.0398	0.000884721500077241	-0.00317664349013598
2819.0986	0.000866878719264481	-0.00284439867238244
2512.4104	0.000851520718115379	-0.00254892452281884
2239.2869	0.000835047037597488	-0.00228237539246886
1995.6381	0.000823573470908156	-0.00204383397587686
1778.2897	0.000809455084431724	-0.00183116762595258
1584.4927	0.000796661511057829	-0.00164094128793154
1412.7418	0.000784267906394464	-0.00147166428509771
1258.7905	0.00077572150198564	-0.00131907945330629
1121.7966	0.000766719556353955	-0.00118393189056561
999.68164	0.00075889525050229	-0.00106240781095424
891.42474	0.00074966508686378	-0.000953328509792626
794.23932	0.000742835738927526	-0.000855466661338841
707.96161	0.000735863517538102	-0.000765961977640938
631.00977	0.000728542995160349	-0.000687977116276772
562.33929	0.000722703026288265	-0.000616291009039184
501.12231	0.000717846193566244	-0.000551671308758676
446.57214	0.000711442108171225	-0.000493445912405633
398.08899	0.000707319980264264	-0.000441607595687941
354.88681	0.000702989589697914	-0.000393087289451787
316.31589	0.000702121353297404	-0.000350485908443385
281.8942	0.000696750771467484	-0.000313370187705443
251.20601	0.000691546385029855	-0.000275099985871395
223.92496	0.000688104286192388	-0.000243885712057045
199.55338	0.00068884107394355	-0.00021742019178641
177.78128	0.000689143288307485	-0.00018865837434818
158.52898	0.000687745442566703	-0.000165161338087509
141.21979	0.000690601536089204	-0.000142608178971513
125.92673	0.000690633117190467	-0.000125312568857823
112.19009	0.000689782471968953	-0.000108502337969275
99.968163	0.000692128930144985	-8.99258899109238e-05
89.115646	0.000693645654287551	-7.64807499774517e-05
79.415741	0.000697014016619204	-6.22745853697332e-05
70.793182	0.000698959203386098	-5.05459261092844e-05
63.082279	0.000702550737778714	-4.14166530654295e-05
56.241825	0.000706403561746689	-3.10186771373281e-05
50.112232	0.000708233354776262	-2.25400160064557e-05
44.671223	0.000710207265934046	-1.74744570342638e-05
39.808899	0.00071225480649754	-1.34047166593057e-05
35.488308	0.000716661544589873	-8.3042758269622e-06
31.629578	0.000720739399822874	-5.76487597296687e-07
28.187037	0.000724488777761665	-8.81661849756456e-07
25.120602	0.000726509887957085	3.20177183333782e-06
22.385418	0.000727669134690491	6.77320523044451e-06
19.955338	0.000733486152076265	7.73932332232637e-06
17.775894	0.000734055309123309	1.04615446022121e-05
15.846864	0.00073909126512688	1.17089428174985e-05
14.127493	0.000739777695774649	1.27705544650448e-05
12.587309	0.000740682747307735	1.32204100543066e-05
11.216775	0.000743995576072328	1.42335812056302e-05
9.9968166	0.000745447150984945	1.4387946283607e-05
8.9082127	0.000747974704217309	1.56141284689958e-05
7.9395623	0.000748191047677525	1.62089930453773e-05
7.0765615	0.000751752100752059	1.92642252277664e-05
6.3105822	0.000751758715159202	1.71294162510731e-05
5.6245475	0.000754280181925036	1.52238525505741e-05
5.0112233	0.000755215871343733	1.61759797621025e-05
4.4642835	0.000755700352810069	1.74382505819039e-05
3.9819033	0.000755737521258065	1.59334436462582e-05
3.5479143	0.000757277331231935	1.83445975170394e-05
3.1629577	0.000759008888929744	1.8228406620911e-05
2.818361	0.000762258203720971	1.63849240245498e-05
2.5112481	0.000761464801170141	1.77971778276449e-05
2.2398233	0.000763450307716902	1.7444679191505e-05
1.9950197	0.000763242164844102	1.65638557403383e-05
1.7775893	0.000765757103061439	1.6705327421444e-05
1.5846864	0.00076663870761432	1.98133433750873e-05
1.4122353	0.000768965831093694	1.99889634608345e-05
1.2582541	0.000769102306380787	1.86463089459404e-05
1.1224822	0.000769684619099229	2.00508616465998e-05
1.0000616	0.000771118354114089	1.75324951713438e-05
0.89082122	0.000771563831363066	2.17268933363054e-05
0.79444051	0.000774757584974817	1.92090669458647e-05
0.70784986	0.000776987463797893	2.1186029190342e-05
0.63126236	0.000776436636662436	2.36102150663523e-05
0.562536	0.000778107691931567	2.10034090947174e-05
0.50118715	0.000778556411072705	2.29623214486963e-05
0.44642836	0.000782313660308723	2.50882363838678e-05
0.39821118	0.000782101750854341	2.45711055598937e-05
0.35475865	0.000783314297409119	2.63931122970844e-05
0.31619295	0.000785105823651854	2.90236202891655e-05
0.2819173	0.00078652397825696	2.89470148537393e-05
0.25117323	0.00078960477051951	2.89944118505308e-05
0.22391155	0.000791298164936287	3.24110232411663e-05
0.19957349	0.000793086396262966	3.34545253818987e-05
0.17779917	0.000793934984125685	3.47419959927722e-05
0.15846863	0.000796457492979137	3.69338384205099e-05
0.14123619	0.000797097909184876	3.86526794932416e-05
0.12590662	0.000799850078929516	3.74323828022083e-05
0.1122199	0.000803670268208922	4.1528749955883e-05
0.10002181	0.000804179026076722	4.39254183651456e-05
