10002.226	0.00118324415519118	-0.00959589410460973
8914.9326	0.00114246118831858	-0.00859094006804033
7943.9951	0.00110388923804927	-0.00768815374582678
7081.583	0.00106835439352585	-0.00688150501816956
6307.7358	0.00103734995310561	-0.00615887932240269
5622.5879	0.00100538998867631	-0.00551310148372596
5011.603	0.000975611878139087	-0.00493929046861307
4466.4292	0.000953598470511556	-0.00442045180356924
3981.2773	0.000926433416946454	-0.00395849447311723
3548.8679	0.000907434615446906	-0.00354330581328781
3163.0398	0.000888936047980099	-0.00317551382931456
2819.0986	0.000869544875622857	-0.00284384301224126
2512.4104	0.000854514689834386	-0.00254332368899342
2239.2869	0.000839988617791381	-0.00228111907655859
1995.6381	0.000826125006931406	-0.00204195043997613
1778.2897	0.000814689228135885	-0.0018299726635538
1584.4927	0.00080129604183446	-0.00163995772638226
1412.7418	0.000788839249989796	-0.00147273781670168
1258.7905	0.000781537586672249	-0.00131870484972235
1121.7966	0.000771008642568559	-0.00118383248918015
999.68164	0.000761955761587774	-0.00106061020494825
891.42474	0.000753936154280404	-0.000951713635086978
794.23932	0.000747856845863148	-0.000853948042970314
707.96161	0.000741461887172425	-0.000765248492257322
631.00977	0.000732388181504187	-0.000687885462272918
562.33929	0.000726518272597846	-0.000616444200601614
501.12231	0.000720498230266603	-0.000553581219051118
446.57214	0.000715813307342404	-0.000493336661626334
398.08899	0.000710199121767999	-0.000441411868247277
354.88681	0.000706900577569817	-0.000393293426857815
316.31589	0.000704990939669291	-0.000351445271955579
281.8942	0.000700570067005629	-0.000311403836829732
251.20601	0.000697678925607294	-0.000276633070267639
223.92496	0.000693098917307236	-0.000244372058366961
199.55338	0.000693126306886285	-0.000218341154629957
177.78128	0.000692086893561128	-0.000188837109305885
158.52898	0.000695361010671045	-0.000164495437944997
141.21979	0.000692638720523261	-0.000144142689424007
125.92673	0.000692700856517532	-0.000123042946584923
112.19009	0.000695853870373185	-0.000109721663108872
99.968163	0.000696347756241091	-9.07865078846981e-05
89.115646	0.000699663156478933	-7.5873683207191e-05
79.415741	0.000700739267428006	-6.2959555919251e-05
70.793182	0.000703180231849332	-4.90685186101129e-05
63.082279	0.000705271339179966	-4.18423908929755e-05
56.241825	0.000709947375329723	-3.43090942995522e-05
50.112232	0.000711907804013112	-2.3773256514553e-05
44.671223	0.00071342489823747	-1.8024433760896e-05
39.808899	0.000718781099358573	-1.41515736340923e-05
35.488308	0.000720999072995895	-6.52266531759942e-06
31.629578	0.000724121290642313	-2.98853432345141e-06
28.187037	0.00072784822443962	1.91321197183994e-06
25.120602	0.000729400324442331	4.78010322544086e-06
22.385418	0.000732315833543431	6.9151465184067e-06
19.955338	0.000735930981890039	7.94814073668199e-06
17.775894	0.000739520631353565	1.086660485897e-05
15.846864	0.000740237169445563	1.15729131711787e-05
14.127493	0.000744181184829124	1.44240745949138e-05
12.587309	0.000744544352796738	1.37621602988761e-05
11.216775	0.000746161714005454	1.36757165496069e-05
9.9968166	0.000751732233761796	1.31290808175945e-05
8.9082127	0.000750073057732529	1.44728419179758e-05
7.9395623	0.000752803159993567	1.67648894887207e-05
7.0765615	0.000754538132434446	2.04397147123489e-05
6.3105822	0.000757661008554855	1.92340412439912e-05
5.6245475	0.000757778921429535	1.65707807331246e-05
5.0112233	0.000759667173497717	1.69323447577606e-05
4.4642835	0.000759498700942466	1.55547502183347e-05
3.9819033	0.000762470827726141	1.49800203861002e-05
3.5479143	0.000763008642492996	1.6890621076101e-05
3.1629577	0.000764578815384364	1.85380064022522e-05
2.818361	0.000765426634696361	1.72829113465568e-05
2.5112481	0.000766379170752115	1.66971297155751e-05
2.2398233	0.000767909450044936	1.69018260628918e-05
1.9950197	0.000767131449351275	1.71707786371002e-05
1.7775893	0.000769375609670415	1.61134636121314e-05
1.5846864	0.000772569155342025	1.78591655836689e-05
1.4122353	0.000769660545185306	1.88865813466759e-05
1.2582541	0.000774564790472285	1.9376347268103e-05
1.1224822	0.000774643080219947	2.10056334114594e-05
1.0000616	0.000775836718567753	1.95578253953691e-05
0.89082122	0.000777295411168483	2.17180075762462e-05
0.79444051	0.000780092001846517	2.13015288304088e-05
0.70784986	0.000776948546584323	2.20265616157685e-05
0.63126236	0.000781441845109645	2.1501575608895e-05
0.562536	0.00078279481125533	2.15622153181637e-05
0.50118715	0.000783191213046889	2.41097819065179e-05
0.44642836	0.000785084318585995	2.38176684054688e-05
0.39821118	0.000789221419016197	2.56469065881205e-05
0.35475865	0.000787691858116198	2.69187728584994e-05
0.31619295	0.000789559901197001	2.83838225442071e-05
0.2819173	0.000790860921442435	2.75630708570665e-05
0.25117323	0.000792597524044618	2.94662002833991e-05
0.22391155	0.000795498070658211	3.1966960840899e-05
0.19957349	0.000798198964826725	3.18750631763092e-05
0.17779917	0.00079823291314688	3.49910787847302e-05
0.15846863	0.000799294333413434	3.55765909548298e-05
0.14123619	0.00080388344403786	3.95515249115963e-05
0.12590662	0.000805659073377321	3.67205857097539e-05
0.1122199	0.000805024841713684	3.96701588244272e-05
0.10002181	0.000810522967359441	4.16474904363505e-05
