10002.226	0.00118160828706542	-0.00959707629062544
8914.9326	0.00114123937184658	-0.00859054370296287
7943.9951	0.00110388477230917	-0.007688110944684
7081.583	0.0010702371851447	-0.00688368289950392
6307.7358	0.00103726723391191	-0.00616046101593012
5622.5879	0.00100504221752989	-0.00551380212921079
5011.603	0.00097765731211474	-0.00493757996648921
4466.4292	0.000951638180485446	-0.00442014296146543
3981.2773	0.000929716444134261	-0.00395930873976047
3548.8679	0.000907604452527052	-0.00354415363213716
3163.0398	0.000889064845495044	-0.00317481806830824
2819.0986	0.000870497489872026	-0.00284311430676413
2512.4104	0.000855136497031234	-0.00254680639900314
2239.2869	0.000836535040554069	-0.0022827688937511
1995.6381	0.000825438484663055	-0.00204265412869076
1778.2897	0.000814301731151627	-0.00183193696125642
1584.4927	0.000802769268030726	-0.00164158902769036
1412.7418	0.000789067899515302	-0.00147012746863628
1258.7905	0.000781568705267213	-0.0013199436169909
1121.7966	0.000771347639039114	-0.00118197392378019
999.68164	0.000763562046874937	-0.00105902333594574
891.42474	0.000755232731491088	-0.000952296581870236
794.23932	0.000747166288052748	-0.000854100160950275
707.96161	0.000741826130833957	-0.000765760241397216
631.00977	0.000732144309108903	-0.000687150038140477
562.33929	0.000725652670705107	-0.000617626591852173
501.12231	0.000721031270986537	-0.00055266978097571
446.57214	0.000713325463837518	-0.000492110028454054
398.08899	0.000710331550406689	-0.000442370440849878
354.88681	0.000708389200915434	-0.000393773759536177
316.31589	0.000703439064936676	-0.000349403914106372
281.8942	0.000701108311237136	-0.000312454683564033
251.20601	0.000694763372915628	-0.00027742108810344
223.92496	0.000696139055938234	-0.000243796247498792
199.55338	0.000695583823593354	-0.000215089204663045
177.78128	0.000694406806933784	-0.000187945756714307
158.52898	0.000693720693694279	-0.000163447558903094
141.21979	0.000694106350393377	-0.000144402284049486
125.92673	0.00069199636277772	-0.000122770760117747
112.19009	0.000696526715804199	-0.00010899911796824
99.968163	0.000696756251317342	-9.01232656111099e-05
89.115646	0.000699086113562182	-7.72211843344701e-05
79.415741	0.00070105004495563	-6.25547626936106e-05
70.793182	0.000702747072323576	-5.14545859778616e-05
63.082279	0.000702867180924855	-4.13359927552447e-05
56.241825	0.000708579555721881	-3.2086480571412e-05
50.112232	0.000711882468979063	-2.3880218035679e-05
44.671223	0.00071605192760918	-1.82570814396285e-05
39.808899	0.000718845678477624	-1.56785463797564e-05
35.488308	0.000723999304836829	-8.33186319462239e-06
31.629578	0.000725559128195954	-2.25669971605769e-06
28.187037	0.000728316032113121	-1.01834943193604e-06
25.120602	0.000729898775883422	4.98942854722502e-06
22.385418	0.000732478108642548	6.90751281478156e-06
19.955338	0.00073642465608192	9.17384740484061e-06
17.775894	0.000739727086358637	1.04093430870756e-05
15.846864	0.000742262503604482	1.0867835036239e-05
14.127493	0.000744252535198749	1.26219319753905e-05
12.587309	0.000745066733541036	1.14883164032873e-05
11.216775	0.000748755201734032	1.56422618550174e-05
9.9968166	0.000749914277231277	1.44627200678547e-05
8.9082127	0.000750898093969411	1.55579121678365e-05
7.9395623	0.000752740600649297	1.54535315899212e-05
7.0765615	0.000755332532020081	1.84031519539441e-05
6.3105822	0.000755492038694424	1.6282220115085e-05
5.6245475	0.000759372571328394	1.70252702430447e-05
5.0112233	0.000759565527855886	1.78044532352798e-05
4.4642835	0.000761018438916332	1.56803892724547e-05
3.9819033	0.000761619061814057	1.83172216856232e-05
3.5479143	0.000763560828774255	1.78958289130358e-05
3.1629577	0.000765109927679963	1.74648105495123e-05
2.818361	0.000765347785256633	1.56389138565678e-05
2.5112481	0.00076711657806989	1.74223036459379e-05
2.2398233	0.000766838198465438	1.69005800447932e-05
1.9950197	0.000767271872417399	1.53837431316421e-05
1.7775893	0.000770441252352275	1.94427374925171e-05
1.5846864	0.000770891714174147	1.81732415762466e-05
1.4122353	0.000772290944734574	1.85680553076538e-05
1.2582541	0.000773007153883095	1.94105265787466e-05
1.1224822	0.000775787512710977	1.8090747026544e-05
1.0000616	0.000776439262073065	2.10624826485817e-05
0.89082122	0.000777213671146423	2.13920331688086e-05
0.79444051	0.000777148677806976	2.25406502573378e-05
0.70784986	0.000778467947648765	2.28674054284079e-05
0.63126236	0.000781736545776417	2.27367185356751e-05
0.562536	0.000782630747853938	2.23032615487719e-05
0.50118715	0.000782963390785726	2.4824492457181e-05
0.44642836	0.000787145694415541	2.49534786753478e-05
0.39821118	0.000787921602610982	2.42458839189397e-05
0.35475865	0.000786763151131793	2.80344702690112e-05
0.31619295	0.00078963005177247	2.85927083007812e-05
0.2819173	0.000791404551710871	2.99128598804666e-05
0.25117323	0.000793530531400157	2.94733054713467e-05
0.22391155	0.000793360331836056	3.20191583615407e-05
0.19957349	0.000796326384671575	3.28699210753675e-05
0.17779917	0.000797909852620262	3.56268532826069e-05
0.15846863	0.000799375478063452	3.57202496071383e-05
0.14123619	0.000803103983192672	3.95529174390118e-05
0.12590662	0.000803435334586796	3.74738655478344e-05
0.1122199	0.000806918960988593	4.07279186707539e-05
0.10002181	0.000810304181170669	4.42848378912617e-05
