10002.226	0.00118392991550877	-0.00959519758558519
8914.9326	0.00114232587469017	-0.0085874521998958
7943.9951	0.00110436131369692	-0.00768944559463759
7081.583	0.00107012441628174	-0.00688421412691123
6307.7358	0.0010385878523064	-0.00615772766698078
5622.5879	0.00100920551213092	-0.00551419019442298
5011.603	0.000977145826481186	-0.00493820311305466
4466.4292	0.000953036225404062	-0.00442137015256247
3981.2773	0.000929130800931685	-0.00395768685052596
3548.8679	0.000908179751371042	-0.00354344259205222
3163.0398	0.000887414363017336	-0.00317505933845001
2819.0986	0.000869922356358334	-0.00284499897232743
2512.4104	0.000856519768278135	-0.00254597841687142
2239.2869	0.000838792423855932	-0.00228188546990599
1995.6381	0.000826550877545002	-0.00204339106301997
1778.2897	0.000813949446283381	-0.00183066451771547
1584.4927	0.000802966429312307	-0.00164152263581996
1412.7418	0.000789730123547635	-0.00146914728402887
1258.7905	0.000781632436530036	-0.00131913184908424
1121.7966	0.000771610794699847	-0.00118594998136154
999.68164	0.000764582755228976	-0.00106133400974788
891.42474	0.000752784268072582	-0.000952466492100432
794.23932	0.000747440543899251	-0.000853767993709022
707.96161	0.000738110306420165	-0.000765246815265051
631.00977	0.000732327006200086	-0.000687285155817231
562.33929	0.000727579644291992	-0.000615131909005872
501.12231	0.000722438790638648	-0.000552619093212451
446.57214	0.000715259622650569	-0.0004935567561126
398.08899	0.000708987383033732	-0.000441335401155842
354.88681	0.000706376661275756	-0.000394038325889145
316.31589	0.000703367078808805	-0.000350362848484031
281.8942	0.000701690214493675	-0.0003129078049652
251.20601	0.000694094623929393	-0.000276376289573156
223.92496	0.000694928004834584	-0.000245421640239278
199.55338	0.000693464494389638	-0.000217390406042079
177.78128	0.000692941929385542	-0.000188393371245676
158.52898	0.000694261653420543	-0.000163359934186133
141.21979	0.000692601291974903	-0.000144135674512142
125.92673	0.000692488325957933	-0.000123377589619143
112.19009	0.000696736406639015	-0.00010789875309971
99.968163	0.000696498265072585	-9.19109816314466e-05
89.115646	0.000700199525110476	-7.62163531380367e-05
79.415741	0.000700824663173204	-6.34120197473099e-05
70.793182	0.000701493129032482	-5.15109430796775e-05
63.082279	0.000705588295632026	-4.29511460435964e-05
56.241825	0.000710443580992423	-3.20447381423421e-05
50.112232	0.000713096304533263	-2.28878171372946e-05
44.671223	0.000715668977884146	-1.74841074097096e-05
39.808899	0.000718967473114222	-1.27366718662439e-05
35.488308	0.000721076252266698	-7.38551380603699e-06
31.629578	0.000726426264765178	-1.14420926997117e-06
28.187037	0.000727027998127196	-1.25121259822102e-06
25.120602	0.000729283839557011	3.19024816384579e-06
22.385418	0.000733926698141511	6.62389035564344e-06
19.955338	0.000734185200424147	7.01264135442776e-06
17.775894	0.00073854466379849	1.11068232526053e-05
15.846864	0.000741314016168526	1.17034062143672e-05
14.127493	0.000743409535679021	1.33098393613965e-05
12.587309	0.000745977557552685	1.37890690722719e-05
11.216775	0.000746646238191309	1.41483798838775e-05
9.9968166	0.000749135554759203	1.33487468047462e-05
8.9082127	0.000752001514590583	1.43926075959871e-05
7.9395623	0.000751294846168417	1.49195586661984e-05
7.0765615	0.000755921189809901	1.73498121991043e-05
6.3105822	0.000756340408382477	1.50338106724565e-05
5.6245475	0.000757457133794482	1.47364505400129e-05
5.0112233	0.000759994753128393	1.75262612022822e-05
4.4642835	0.000761350847458958	1.66906435403026e-05
3.9819033	0.000760800449720666	1.69724561994267e-05
3.5479143	0.000761576311679925	1.65423173006188e-05
3.1629577	0.000763066725645364	1.73992326026011e-05
2.818361	0.000765773466406254	1.74890807007547e-05
2.5112481	0.000767175316570143	1.4371458142816e-05
2.2398233	0.000767817908954556	1.5743517557438e-05
1.9950197	0.000767790976409971	1.65115770911297e-05
1.7775893	0.000768243706519393	1.70522938788238e-05
1.5846864	0.000770711548520056	1.79069718485556e-05
1.4122353	0.000771770901077577	1.62843001692062e-05
1.2582541	0.000772928908856713	2.07053405121282e-05
1.1224822	0.000775202511219417	1.8512054513972e-05
1.0000616	0.000776591976946816	1.93543624486442e-05
0.89082122	0.000778228227080548	2.00601054172003e-05
0.79444051	0.000778772676433128	1.84572778769762e-05
0.70784986	0.000779853335960849	2.16065533066442e-05
0.63126236	0.000780880379899878	2.43400557055344e-05
0.562536	0.000782587730170347	2.36226398719346e-05
0.50118715	0.000783194785423103	2.3152759760769e-05
0.44642836	0.000784795695711425	2.47763243881219e-05
0.39821118	0.00078795457969043	2.82984304604798e-05
0.35475865	0.000788180119623615	2.47619210798727e-05
0.31619295	0.000789710878950394	2.85430877349223e-05
0.2819173	0.000791716975955891	2.82978849091107e-05
0.25117323	0.000794752152041975	2.96245846189692e-05
0.22391155	0.0007968129174482	3.15627628203803e-05
0.19957349	0.000795655637932966	3.31567108286433e-05
0.17779917	0.000798558462084455	3.23153557548437e-05
0.15846863	0.000800860121266992	3.75397673247581e-05
0.14123619	0.000803185451227718	3.68260626963512e-05
0.12590662	0.000804680204508624	3.96547388698823e-05
0.1122199	0.000806948371895921	4.05256130919116e-05
0.10002181	0.000808930829786056	4.42856459619067e-05
