10002.226	0.00118223374244851	-0.00959561865019424
8914.9326	0.00114341104840068	-0.00859142669840058
7943.9951	0.0011041321329129	-0.00768554543467354
7081.583	0.00106939788902591	-0.00688453867522979
6307.7358	0.00103923728199243	-0.00615887419731607
5622.5879	0.00100501877098291	-0.00551480098155426
5011.603	0.000977547832935316	-0.00493825437657559
4466.4292	0.000953921803700515	-0.00442099873696784
3981.2773	0.000929951599383386	-0.00395928166868253
3548.8679	0.000907494785593765	-0.00354386842976794
3163.0398	0.000887255620240256	-0.00317374504796622
2819.0986	0.000870381887973527	-0.00284290803867022
2512.4104	0.000854935123378311	-0.00254585634092922
2239.2869	0.000839688607097952	-0.00228203652028162
1995.6381	0.000826356936947134	-0.00204324463304376
1778.2897	0.000815039405968711	-0.00183235548225237
1584.4927	0.000800968409098577	-0.00164046094753106
1412.7418	0.000788279294013993	-0.0014698562032278
1258.7905	0.000782382325566214	-0.00132033134949945
1121.7966	0.000772340831786165	-0.00118477879151323
999.68164	0.000763861410714164	-0.00105963512081044
891.42474	0.00075471788656219	-0.000954477709641631
794.23932	0.000748549506032521	-0.000855172655524748
707.96161	0.000741433945992783	-0.000764674714414763
631.00977	0.000732041640980116	-0.000685361223876643
562.33929	0.000727442142720246	-0.000616745245835038
501.12231	0.00072056698303763	-0.000551575645055871
446.57214	0.000714597362430307	-0.000494030938558599
398.08899	0.000712165491176319	-0.000440417937408327
354.88681	0.000704744127542195	-0.000393413493405433
316.31589	0.000703459095068134	-0.000350352399191319
281.8942	0.00069925035645957	-0.000312707162809793
251.20601	0.000697057974107052	-0.000276237764039073
223.92496	0.000697899241574237	-0.000242981226531339
199.55338	0.000696895428463243	-0.000216201621178803
177.78128	0.000692406715337874	-0.000188862594897404
158.52898	0.000693341434585073	-0.000164181584895404
141.21979	0.000692498939654059	-0.00014472355031204
125.92673	0.000693295565145367	-0.00012335231038094
112.19009	0.00069581928238963	-0.000106976096717609
99.968163	0.000695813320593934	-9.02751328037314e-05
89.115646	0.000699443409345027	-7.58158023833659e-05
79.415741	0.000702276670601316	-6.37458911912916e-05
70.793182	0.000703138870111976	-5.16871710205338e-05
63.082279	0.000704916748551903	-4.04074225321363e-05
56.241825	0.000709886629893162	-3.14468814898821e-05
50.112232	0.000711699368321027	-2.41453044029438e-05
44.671223	0.000713597037057726	-1.86784581466166e-05
39.808899	0.000718889047468177	-1.51597933506842e-05
35.488308	0.000720079239203524	-5.96125757687432e-06
31.629578	0.000723794957529574	-1.29085462848243e-06
28.187037	0.000727251950652497	1.30696478949444e-06
25.120602	0.000730707129397167	4.13344129272096e-06
22.385418	0.000733731820144065	6.94314267489226e-06
19.955338	0.00073460048485575	8.05684815275484e-06
17.775894	0.000740404332961831	9.41321816681763e-06
15.846864	0.000741406972650336	1.14946007778991e-05
14.127493	0.000745104246014872	1.32983699075621e-05
12.587309	0.000744294645750526	1.42374647959965e-05
11.216775	0.000747962879651498	1.48133989063413e-05
9.9968166	0.000749017507430444	1.46782811714367e-05
8.9082127	0.000750188725101414	1.51973913743763e-05
7.9395623	0.000752686057618568	1.4981504831951e-05
7.0765615	0.000755598183061356	1.86450604720838e-05
6.3105822	0.000757130269177429	1.62454331355324e-05
5.6245475	0.00075699317330998	1.65926205871246e-05
5.0112233	0.000759694163482884	1.74844458357123e-05
4.4642835	0.000760936508412861	1.63711515012969e-05
3.9819033	0.00076117412955288	1.5881711531854e-05
3.5479143	0.000763647232845129	1.78375128231832e-05
3.1629577	0.000763326754308299	1.76126609649924e-05
2.818361	0.000764302677442052	1.81193391121846e-05
2.5112481	0.000767208384335028	1.78216224241859e-05
2.2398233	0.000768142056742581	1.55021315221645e-05
1.9950197	0.000767403673093051	1.7352525682299e-05
1.7775893	0.00077040947178489	1.82915991591633e-05
1.5846864	0.000771487662696921	1.87667780838255e-05
1.4122353	0.000770857911660495	1.9373106069578e-05
1.2582541	0.000771981509417077	1.89199951443791e-05
1.1224822	0.000776412113233022	1.99479541455218e-05
1.0000616	0.000774536373823654	1.82992246936441e-05
0.89082122	0.000776950413328711	1.97591468635326e-05
0.79444051	0.00077843021635497	2.14847563522677e-05
0.70784986	0.000780371222874993	2.18481211654936e-05
0.63126236	0.000783417466013699	2.27035749148299e-05
0.562536	0.000781460217668371	2.23541472448435e-05
0.50118715	0.000782316304358607	2.30604891577077e-05
0.44642836	0.000787335215525177	2.32339674999484e-05
0.39821118	0.000786833818413515	2.50661248311286e-05
0.35475865	0.000790866809893686	2.50627173106452e-05
0.31619295	0.000789504684160329	2.95305562791658e-05
0.2819173	0.000792113323275497	2.85261882323053e-05
0.25117323	0.000793846537059653	3.08287020585927e-05
0.22391155	0.000796005384420916	2.96334533338649e-05
0.19957349	0.000795922595936762	3.1556484717888e-05
0.17779917	0.000798614528394786	3.54448192502599e-05
0.15846863	0.000800659871501085	3.49442693496837e-05
0.14123619	0.000802741814517087	3.65218166019467e-05
0.12590662	0.000804930043451528	3.93620530769057e-05
0.1122199	0.000807887830126634	4.02956243725777e-05
0.10002181	0.000809208160246188	4.255447547102e-05
