10002.226	0.00118116374216625	-0.00959758696491848
8914.9326	0.0011425480454834	-0.00859045973887738
7943.9951	0.0011049419948605	-0.00768893326351742
7081.583	0.00106905099858022	-0.0068838456176311
6307.7358	0.00103804077063407	-0.00615907966967567
5622.5879	0.00100486660994145	-0.00551639336841802
5011.603	0.000978777123174127	-0.0049368077340675
4466.4292	0.000953813488733348	-0.00442016910214834
3981.2773	0.000928829190051357	-0.00395779269736437
3548.8679	0.000907219920879713	-0.00354446645809935
3163.0398	0.000888562056579292	-0.00317512624287949
2819.0986	0.00087237894066276	-0.00284320200177863
2512.4104	0.000854500545730858	-0.00254403402285064
2239.2869	0.00084051205183	-0.00228277475036399
1995.6381	0.000826621858288857	-0.0020429914153987
1778.2897	0.000814689093617368	-0.00183095432582456
1584.4927	0.00080086154282463	-0.00163953749816177
1412.7418	0.00079018668519055	-0.00146979069525958
1258.7905	0.00078127454335471	-0.00131866600370543
1121.7966	0.000770660880378716	-0.00118486722378679
999.68164	0.000761893461008647	-0.00106097772274498
891.42474	0.000753662938382708	-0.000952724783402999
794.23932	0.000748208971761849	-0.000854879418937768
707.96161	0.000738341537852348	-0.000763799096767194
631.00977	0.00073372583313815	-0.000687523943035684
562.33929	0.000726386406302238	-0.000615911053336735
501.12231	0.000720605577562103	-0.000552033506598334
446.57214	0.000715656534932956	-0.000493842642512429
398.08899	0.000710737357628802	-0.000440975086582203
354.88681	0.000707831492186759	-0.000394017637015764
316.31589	0.000705110559065612	-0.000349265769631675
281.8942	0.000699000108286704	-0.000312607330889572
251.20601	0.000696816896398962	-0.00027672515665655
223.92496	0.000693942590629197	-0.000242737452290599
199.55338	0.000694412275007783	-0.000214923752719802
177.78128	0.000693539551265147	-0.000188451139141961
158.52898	0.000691881408263844	-0.000164064849204446
141.21979	0.000693124136734106	-0.000146943482782375
125.92673	0.000693491226730603	-0.000124070203022416
112.19009	0.00069433401149298	-0.00010760392561404
99.968163	0.000697313526073538	-9.05710609005307e-05
89.115646	0.000699383656648734	-7.70705221682564e-05
79.415741	0.000700622978795153	-6.35713481468465e-05
70.793182	0.000704784484961294	-5.06121236854004e-05
63.082279	0.000706712791920866	-4.20253337086645e-05
56.241825	0.000709932672140175	-3.18643324634618e-05
50.112232	0.000711236938164937	-2.39215821633584e-05
44.671223	0.000715611495228274	-1.65309589428525e-05
39.808899	0.000717604953614351	-1.37437106675302e-05
35.488308	0.000720435917300285	-6.82310165579072e-06
31.629578	0.000725332635791437	-1.83752757800613e-06
28.187037	0.000725086477979087	-1.36784199054098e-06
25.120602	0.000732222453055513	3.09037603605271e-06
22.385418	0.000732554179675961	7.19182302310343e-06
19.955338	0.000735287545481041	7.00397857800555e-06
17.775894	0.000740946827472404	1.15052466853006e-05
15.846864	0.000742096091239985	1.01439047495942e-05
14.127493	0.000743359465064287	1.40759007658291e-05
12.587309	0.000743439019376921	1.29584888637713e-05
11.216775	0.000745695006615308	1.43978425865181e-05
9.9968166	0.00074825579638624	1.440848497498e-05
8.9082127	0.00074999500015048	1.57984080887052e-05
7.9395623	0.000750611281624081	1.39303510476215e-05
7.0765615	0.000755044630334916	1.76156102038522e-05
6.3105822	0.00075804583049495	1.86644300526708e-05
5.6245475	0.000758756780852733	1.72151744132505e-05
5.0112233	0.000759622516407639	1.81607495746907e-05
4.4642835	0.000764126571236025	1.62710572879793e-05
3.9819033	0.000763355414983613	1.86986755259087e-05
3.5479143	0.000762112154254451	1.82958548478656e-05
3.1629577	0.000766501049432637	1.96362762970755e-05
2.818361	0.000763427833883158	1.70964428029384e-05
2.5112481	0.000767733042336439	1.73646486452683e-05
2.2398233	0.000767691151190478	1.70394441032704e-05
1.9950197	0.000768328204896415	1.65977979956075e-05
1.7775893	0.000772108542958373	1.8750508025102e-05
1.5846864	0.000770913215252235	2.07447226028815e-05
1.4122353	0.000770853707333211	1.8353826845784e-05
1.2582541	0.000773872889884974	2.06501047005368e-05
1.1224822	0.000774448973609822	2.13536192339547e-05
1.0000616	0.000775504931744605	1.90351123704363e-05
0.89082122	0.000776209727143133	2.08947715338304e-05
0.79444051	0.000779612465387309	2.07288987800838e-05
0.70784986	0.000780007253110771	2.3082254641804e-05
0.63126236	0.000781678210564639	2.29577660121854e-05
0.562536	0.000781729232413707	2.2838981518753e-05
0.50118715	0.000784162978624608	2.4264735344646e-05
0.44642836	0.000785370299735795	2.30557187061923e-05
0.39821118	0.000789604921469442	2.62894190311871e-05
0.35475865	0.000790344473729392	2.59006336856265e-05
0.31619295	0.000790959853899242	2.86828168447127e-05
0.2819173	0.000792025290886166	2.87815317771352e-05
0.25117323	0.00079384295535309	2.9590894159736e-05
0.22391155	0.000794862815166601	3.16807266215886e-05
0.19957349	0.000796399278957162	3.16221254421395e-05
0.17779917	0.000798687071183994	3.37051939755751e-05
0.15846863	0.000799817121442237	3.59303323495849e-05
0.14123619	0.000803401334317003	3.70343385769574e-05
0.12590662	0.000805467197917845	3.98072093398482e-05
0.1122199	0.000808120074527565	4.15396317861799e-05
0.10002181	0.000808747845809918	4.31432067205782e-05
