10002.226	0.00118182087467023	-0.00959670875220449
8914.9326	0.00114240568130547	-0.00859111999640268
7943.9951	0.00110574087949702	-0.0076892831391148
7081.583	0.00106872301702353	-0.00688320349599864
6307.7358	0.00103892666253641	-0.00616078657197517
5622.5879	0.00100561677770278	-0.00551479770056724
5011.603	0.000977618985999002	-0.00494059476992933
4466.4292	0.000953218306665855	-0.00442174326748134
3981.2773	0.000929626928789795	-0.00395755528935073
3548.8679	0.00090484971708985	-0.00354362572958372
3163.0398	0.000888741557685949	-0.00317414743231827
2819.0986	0.000870540085018661	-0.00284081139776803
2512.4104	0.000854313230950002	-0.00254664976893129
2239.2869	0.000840831339803683	-0.00228107097644758
1995.6381	0.000826244006518559	-0.00204168277179529
1778.2897	0.000814126731113153	-0.00183064694758671
1584.4927	0.000802279465510058	-0.00164046496375118
1412.7418	0.000790689010643442	-0.00147196822716763
1258.7905	0.000781007370678559	-0.00131946057099636
1121.7966	0.000772876172636514	-0.00118405456108012
999.68164	0.000763884742579397	-0.0010613479332292
891.42474	0.000754262450566513	-0.000952039203815767
794.23932	0.000745979085458885	-0.000854749541650065
707.96161	0.000740590907861864	-0.000765785645081111
631.00977	0.000732010189641163	-0.000687354241195379
562.33929	0.00072639075985197	-0.000616029078359599
501.12231	0.000721030881117781	-0.000550809577644556
446.57214	0.000716082153925583	-0.000492280730057729
398.08899	0.000709330825895586	-0.000441088440118888
354.88681	0.000704881652117289	-0.000392699573112145
316.31589	0.000703826553865828	-0.000350191466729524
281.8942	0.00069976072571002	-0.000311176317364029
251.20601	0.000696850967369954	-0.000275046079675016
223.92496	0.0006969903299289	-0.000243587541427609
199.55338	0.000692634564062719	-0.000215498276557018
177.78128	0.000692488158743449	-0.000189664876405065
158.52898	0.000692718469911565	-0.000166547717411943
141.21979	0.000693193651618405	-0.000143525295662337
125.92673	0.00069147422823029	-0.000123675779162864
112.19009	0.000696998384469145	-0.000106121527628822
99.968163	0.000697451888596721	-9.09280337399278e-05
89.115646	0.00069799640829154	-7.68417002113838e-05
79.415741	0.000700961394652122	-6.28307530711701e-05
70.793182	0.000701318989321296	-5.12411197475599e-05
63.082279	0.000705016867552883	-4.14584959633451e-05
56.241825	0.000711151452960565	-3.16047381089214e-05
50.112232	0.000711314681613687	-2.10220825804272e-05
44.671223	0.000715005965676929	-1.95684950424892e-05
39.808899	0.000716430930171589	-1.30904990878588e-05
35.488308	0.000721989749763418	-5.44798563625687e-06
31.629578	0.000725649136697102	-2.35791844064752e-06
28.187037	0.000727287155758421	2.28514950751009e-06
25.120602	0.000727861052297987	5.47114734585013e-06
22.385418	0.000732968885232834	7.23425043445756e-06
19.955338	0.000738196849421545	8.65559518888216e-06
17.775894	0.000738509998289505	1.18504176540467e-05
15.846864	0.0007413015757773	9.84645742663803e-06
14.127493	0.000744722206689366	1.41717237758611e-05
12.587309	0.000745706134829681	1.47645851437157e-05
11.216775	0.000747695015868573	1.36240591708588e-05
9.9968166	0.000747433440941285	1.51429687210223e-05
8.9082127	0.000750460596376721	1.51009905782597e-05
7.9395623	0.000752057679564737	1.41664896467096e-05
7.0765615	0.000755621665136706	1.83238216516696e-05
6.3105822	0.000755821204784643	1.86173267660415e-05
5.6245475	0.000757571132600833	1.62883498758814e-05
5.0112233	0.000760028224988249	1.86744442508604e-05
4.4642835	0.000761460281378567	1.7484880032211e-05
3.9819033	0.000759765426015159	1.61055856066283e-05
3.5479143	0.000762306146884884	1.76144395660666e-05
3.1629577	0.000765050708979436	1.67873272790152e-05
2.818361	0.000764406562614453	1.66763099116196e-05
2.5112481	0.000767534779467792	1.66657965853295e-05
2.2398233	0.000766147487292966	1.75968062761713e-05
1.9950197	0.000767672747875444	1.86684329333413e-05
1.7775893	0.000769609113169104	1.89134440755737e-05
1.5846864	0.000771913120028371	1.90909362586448e-05
1.4122353	0.00077215140139635	2.06019848971857e-05
1.2582541	0.000772224226660527	1.84823564121224e-05
1.1224822	0.000775209516616916	2.0983585953884e-05
1.0000616	0.000776019911897925	2.22792032498394e-05
0.89082122	0.000778086370566282	2.19782025411966e-05
0.79444051	0.000777626937099608	2.06402868003541e-05
0.70784986	0.000778339876415698	2.16268149289031e-05
0.63126236	0.000780577214630252	2.182034226225e-05
0.562536	0.000782863785546958	2.17735420055844e-05
0.50118715	0.000783713632053027	2.43017230802486e-05
0.44642836	0.000784995311607777	2.2912665920449e-05
0.39821118	0.000788322123691024	2.61559359946519e-05
0.35475865	0.000787937408119396	2.78346457066021e-05
0.31619295	0.000788387714871349	2.85499920847489e-05
0.2819173	0.000791999369596994	2.74852950753027e-05
0.25117323	0.000791772530542554	2.89881199092533e-05
0.22391155	0.000794023944901564	3.12828876184214e-05
0.19957349	0.00079717173725987	3.33383026146438e-05
0.17779917	0.000798016087709205	3.3944853696477e-05
0.15846863	0.000800304723014271	3.58086517523062e-05
0.14123619	0.000802172352439388	3.76215619988421e-05
0.12590662	0.00080636623343152	4.03398880708984e-05
0.1122199	0.000805131384869649	3.96401668299079e-05
0.10002181	0.000808256169367468	4.32299005613527e-05
