10002.226	0.00118258823644324	-0.00959509832228659
8914.9326	0.00114119545255936	-0.00858960978836587
7943.9951	0.00110541508866666	-0.00768980841658988
7081.583	0.00107062481311587	-0.00688250409289085
6307.7358	0.00103921855304264	-0.00615868277233757
5622.5879	0.00100709973068976	-0.0055139954410033
5011.603	0.000977600999736819	-0.00493911933919703
4466.4292	0.000954670000446413	-0.00441918090108186
3981.2773	0.000929907893775372	-0.00395867141349049
3548.8679	0.000906300676895461	-0.00354517993063885
3163.0398	0.000888291036734346	-0.00317732490789706
2819.0986	0.000871313713028692	-0.00284162421120742
2512.4104	0.000854031689988177	-0.00254616145005346
2239.2869	0.000838906275307281	-0.00228185940017375
1995.6381	0.000826008273849572	-0.00204265945455737
1778.2897	0.000812693410106661	-0.00183285585079779
1584.4927	0.000802251748265274	-0.00163855484754837
1412.7418	0.000790304568597199	-0.00147217474851963
1258.7905	0.000781389112254891	-0.0013184291400405
1121.7966	0.000772417927475002	-0.00118336215161663
999.68164	0.000762406932513565	-0.00105924581297004
891.42474	0.000754435698090205	-0.000952839400240752
794.23932	0.000747672671661119	-0.000854334835689652
707.96161	0.00074042971952723	-0.000766957985624406
631.00977	0.000734110818952324	-0.000687286749452329
562.33929	0.000725867155031568	-0.000615396825958699
501.12231	0.000722904965210284	-0.000551621869347806
446.57214	0.00071831977939659	-0.000492819912110828
398.08899	0.000710645940615134	-0.000442852370782751
354.88681	0.000706360540235787	-0.000395672971458958
316.31589	0.000702360633298685	-0.000350564607505218
281.8942	0.000698096935152059	-0.000311450936128274
251.20601	0.000696129723311477	-0.000277845992440132
223.92496	0.000693702720738879	-0.00024443837150374
199.55338	0.000693716390401789	-0.000216887176212471
177.78128	0.000694009516873143	-0.000188320564870946
158.52898	0.000691751761137721	-0.000164008515574767
141.21979	0.000692168356808572	-0.000142819624513177
125.92673	0.000691817935327971	-0.000124364527865295
112.19009	0.000697358192405172	-0.000106702004460536
99.968163	0.000698193469453099	-8.96124746307353e-05
89.115646	0.000698877435917687	-7.6058117070666e-05
79.415741	0.000699810423746493	-6.15704936151444e-05
70.793182	0.000703977786754524	-5.19079371315134e-05
63.082279	0.000704723445336091	-4.08998621185967e-05
56.241825	0.000709136661988965	-3.27540767741033e-05
50.112232	0.000711667768615069	-2.17996946725556e-05
44.671223	0.000714676676111397	-1.78099769541388e-05
39.808899	0.000719591872058081	-1.33121534906124e-05
35.488308	0.000720535525214962	-5.80994236022582e-06
31.629578	0.000723327940901108	-2.99723619778278e-06
28.187037	0.0007287116803687	2.94451771217784e-07
25.120602	0.000729309949876578	4.20888315208688e-06
22.385418	0.000733851775151309	9.0537919143546e-06
19.955338	0.000735059766642349	9.05975694979247e-06
17.775894	0.000739022228113216	1.38989682863678e-05
15.846864	0.000743131073283492	1.26784421893577e-05
14.127493	0.000744014155420888	1.272317253865e-05
12.587309	0.000746226811665119	1.39287935795794e-05
11.216775	0.00074800560554056	1.4868918578451e-05
9.9968166	0.000752456587652191	1.32886745797647e-05
8.9082127	0.00075110554021401	1.55725030207463e-05
7.9395623	0.000752087442555192	1.51708635478614e-05
7.0765615	0.000754736971627616	1.86619967078602e-05
6.3105822	0.000757532814712451	1.75918459163615e-05
5.6245475	0.000758423241306534	1.56245403601899e-05
5.0112233	0.000760932955379313	1.65880136317179e-05
4.4642835	0.000760170775304572	1.66606127201764e-05
3.9819033	0.000763362213510459	1.61338722671796e-05
3.5479143	0.000763339561499113	1.81098504239662e-05
3.1629577	0.000765699539288396	1.83574396816264e-05
2.818361	0.000765062170186863	1.73033511222396e-05
2.5112481	0.000766262727331366	1.74298051280056e-05
2.2398233	0.000766576766647142	1.59334494776967e-05
1.9950197	0.000768684738162714	1.7450659050557e-05
1.7775893	0.000767535013085166	1.65887064003499e-05
1.5846864	0.00077239257949417	1.77707908871209e-05
1.4122353	0.000772507842729308	2.00162938202632e-05
1.2582541	0.000774619528593667	1.79515203457352e-05
1.1224822	0.000775332324194053	2.02295160997059e-05
1.0000616	0.000774058408856131	2.03668892821247e-05
0.89082122	0.000775101582134782	2.01924862075515e-05
0.79444051	0.0007791599506156	2.22691503760719e-05
0.70784986	0.000780459421704984	2.2081673585801e-05
0.63126236	0.000781109715852186	2.1545628328121e-05
0.562536	0.000781615048107681	2.23862048227759e-05
0.50118715	0.000785413460405603	2.22325023930693e-05
0.44642836	0.000785514372099796	2.27153461043973e-05
0.39821118	0.000786970029948766	2.54974122006982e-05
0.35475865	0.000785571801963363	2.50078903435326e-05
0.31619295	0.000788745239082333	2.7655550126074e-05
0.2819173	0.000790892313438431	2.80526327381403e-05
0.25117323	0.000794522199128857	3.11332006217115e-05
0.22391155	0.000794712524754069	3.0707056910751e-05
0.19957349	0.000797503231227294	3.37163462881743e-05
0.17779917	0.000798797652354133	3.5245099287887e-05
0.15846863	0.000800756701392957	3.584534223533e-05
0.14123619	0.000801856803196962	3.85695830928431e-05
0.12590662	0.000805030835031184	3.80543617960055e-05
0.1122199	0.000807810823315195	4.12096797669369e-05
0.10002181	0.000809821428231955	4.28136926027485e-05
