10002.226	0.00118312876329	-0.00959588879919761
8914.9326	0.00114180569444168	-0.00858929714729091
7943.9951	0.00110206399200309	-0.00769129465123115
7081.583	0.00107115818962891	-0.00688529057793052
6307.7358	0.00103671091943518	-0.00615909620424035
5622.5879	0.0010072449463421	-0.00551387504693884
5011.603	0.000976979666276022	-0.0049369817582321
4466.4292	0.000953644835781872	-0.00442140674408253
3981.2773	0.00093078537119584	-0.00395795421293867
3548.8679	0.000906468640380528	-0.00354373205874124
3163.0398	0.000888482289357997	-0.0031732480556794
2819.0986	0.000870541001854003	-0.00284142160493935
2512.4104	0.000854261588079751	-0.00254491880876208
2239.2869	0.000840594999543734	-0.00228110148316367
1995.6381	0.000826173985343071	-0.00204424211489291
1778.2897	0.000812243476915356	-0.00183177540696926
1584.4927	0.000802165590740294	-0.00164079897358779
1412.7418	0.00078921464196104	-0.0014707370963536
1258.7905	0.000781215133257873	-0.00131740833206646
1121.7966	0.00077108398898367	-0.00118359744599596
999.68164	0.000762764476961843	-0.00106056976478376
891.42474	0.000755756543877351	-0.000952260387295856
794.23932	0.000746352810779717	-0.000854221530248726
707.96161	0.000741105020982034	-0.000765153957889268
631.00977	0.000733349928681918	-0.000688889961575683
562.33929	0.00072700199291194	-0.000615958539157141
501.12231	0.000722012835870833	-0.000551562012957052
446.57214	0.000714814473737526	-0.000492227078286567
398.08899	0.000710300807174618	-0.000439147017925442
354.88681	0.000705199742656784	-0.000393236484045063
316.31589	0.00070349520235688	-0.000351275298631443
281.8942	0.000701002091464586	-0.000313519291083576
251.20601	0.0006964434190954	-0.000277818299930181
223.92496	0.000696256020190102	-0.000242376187653687
199.55338	0.000693794519928617	-0.000214058644885439
177.78128	0.000693098877258492	-0.000188652619729733
158.52898	0.000693661869101401	-0.000163920528129043
141.21979	0.00069375269406928	-0.000143152409956674
125.92673	0.000691195541658501	-0.000123406708586996
112.19009	0.000695021332749821	-0.000108404774821728
99.968163	0.000697170837854636	-8.98029498750866e-05
89.115646	0.000700667550694138	-7.63777742763448e-05
79.415741	0.000701605176240539	-6.3357160102007e-05
70.793182	0.000704826266328699	-5.2473726379053e-05
63.082279	0.000706089875504957	-4.15288906430042e-05
56.241825	0.000709818078472498	-3.095061073165e-05
50.112232	0.0007102966365758	-2.41464853965155e-05
44.671223	0.000715055407890622	-1.65763422657241e-05
39.808899	0.000717747431735152	-1.17549790946318e-05
35.488308	0.000723013803682129	-7.25642096058086e-06
31.629578	0.000726568263151029	-2.65266740550816e-06
28.187037	0.000728325117408669	1.36893270316515e-06
25.120602	0.000731999907168846	4.10711146803466e-06
22.385418	0.00073502335698291	7.6231918266789e-06
19.955338	0.000735316354974471	9.02589249675828e-06
17.775894	0.000738638812376606	1.17607817938656e-05
15.846864	0.000741973242009129	1.04264550615087e-05
14.127493	0.000744289490629587	1.33723635757116e-05
12.587309	0.000744853791326583	1.36288789909686e-05
11.216775	0.000749210755380429	1.4909603506295e-05
9.9968166	0.000750300496814073	1.4524932428434e-05
8.9082127	0.000750577724563844	1.60224835190899e-05
7.9395623	0.000751591849868945	1.70189244415273e-05
7.0765615	0.000754174003261592	1.9434851454904e-05
6.3105822	0.000758559561362106	1.5976422879674e-05
5.6245475	0.000758215925093113	1.59542642645297e-05
5.0112233	0.000760153299841105	1.66894577621945e-05
4.4642835	0.000762215964735034	1.56973957684758e-05
3.9819033	0.000761484902237171	1.78401487367568e-05
3.5479143	0.000761306232616834	1.64052820789477e-05
3.1629577	0.000764777584049807	1.7736896835308e-05
2.818361	0.000766279064819285	1.84059219353088e-05
2.5112481	0.000765330319428745	1.75285678956947e-05
2.2398233	0.000766967677610913	1.63377125566315e-05
1.9950197	0.000767375079705085	1.70636750277564e-05
1.7775893	0.000771666174473273	1.96530856127803e-05
1.5846864	0.00077239808200187	1.98781971219377e-05
1.4122353	0.000772337245916942	1.8388015500132e-05
1.2582541	0.0007730411004563	1.96723385331368e-05
1.1224822	0.000774809853922954	1.98259373088058e-05
1.0000616	0.000775303949825535	2.12190071891875e-05
0.89082122	0.000777320794796753	2.11812521869377e-05
0.79444051	0.000779126118248054	2.11635053049147e-05
0.70784986	0.000780297725302539	2.2881950576152e-05
0.63126236	0.000780748997793573	2.15648783662829e-05
0.562536	0.000781552272366381	2.39783788334346e-05
0.50118715	0.000784530610748244	2.4260794566282e-05
0.44642836	0.000785447157630984	2.32245563511334e-05
0.39821118	0.000787829744234675	2.39430280664417e-05
0.35475865	0.000787344762023874	2.7093288779048e-05
0.31619295	0.000789339361845248	2.72464995094561e-05
0.2819173	0.000790199316509746	2.73212785851201e-05
0.25117323	0.000794284773589204	2.92133484572953e-05
0.22391155	0.000794676800614488	3.03183715440125e-05
0.19957349	0.000795481603633252	3.11735623296304e-05
0.17779917	0.000799353057246029	3.41619093292359e-05
0.15846863	0.0008015318087892	3.61297449078275e-05
0.14123619	0.000802511686373715	3.62601306628411e-05
0.12590662	0.000806716870804158	3.87803008810676e-05
0.1122199	0.000805209034989412	3.97271206395881e-05
0.10002181	0.00080914468666021	4.28136236551888e-05
