10002.226	0.00118424819341701	-0.00959497712489974
8914.9326	0.0011417122351035	-0.00859013834174172
7943.9951	0.00110436906692704	-0.00768825597755378
7081.583	0.00107173033107505	-0.00688365383199947
6307.7358	0.00103621115033199	-0.00615977735511118
5622.5879	0.00100439162250352	-0.00551516992131409
5011.603	0.000978712341055913	-0.0049376398481534
4466.4292	0.000953755458853828	-0.00442025987731518
3981.2773	0.000927911830090542	-0.00395844155533799
3548.8679	0.000905910300435093	-0.00354472931719225
3163.0398	0.000887458319833401	-0.0031729330148675
2819.0986	0.000871245947732669	-0.002840948503791
2512.4104	0.000854345671438566	-0.00254428053482183
2239.2869	0.000839834552752205	-0.00228207785852663
1995.6381	0.00082552221100922	-0.00204153698203926
1778.2897	0.000813653307307312	-0.00183059386179857
1584.4927	0.000803205585897135	-0.00164029647917597
1412.7418	0.00079014212847278	-0.00147215974700223
1258.7905	0.000780761151027835	-0.00131953355225291
1121.7966	0.000771086411336128	-0.00118259239845383
999.68164	0.000763592460536769	-0.00105970292474068
891.42474	0.000753150886668514	-0.00095167515469283
794.23932	0.000746957807920731	-0.000854924656560442
707.96161	0.000738560345701739	-0.000763892133344299
631.00977	0.00073522466073687	-0.00068689483965246
562.33929	0.00072645919692799	-0.000616103771402418
501.12231	0.000720608888327946	-0.000552099282895497
446.57214	0.000716166451585594	-0.000493007685145592
398.08899	0.000709020712365767	-0.000441601987319485
354.88681	0.000705661927421012	-0.000393552043759167
316.31589	0.000704116303254161	-0.000350662709443399
281.8942	0.00069946570879209	-0.000311020592075932
251.20601	0.000696540549593246	-0.000278439372202373
223.92496	0.000695543878390277	-0.000246134469645623
199.55338	0.000694667502974697	-0.000218207697078317
177.78128	0.000694640339558472	-0.000187522455142222
158.52898	0.000694279048784974	-0.000164171518917198
141.21979	0.000692796633486108	-0.000145395393624206
125.92673	0.000694393830760217	-0.000125156219789644
112.19009	0.000695982457568875	-0.000106157898549482
99.968163	0.000696132416905856	-8.90200149130401e-05
89.115646	0.000698160525883392	-7.66754263026165e-05
79.415741	0.000699648564269184	-6.30857307363348e-05
70.793182	0.000702406800437129	-5.02252893499234e-05
63.082279	0.000705411070378802	-4.02837287679297e-05
56.241825	0.000710431145014091	-3.22881739615426e-05
50.112232	0.000710045119880782	-2.40225909912587e-05
44.671223	0.000713205601829518	-1.77982262382088e-05
39.808899	0.000717719763039165	-1.56574768432204e-05
35.488308	0.000721449113477197	-8.01248429613817e-06
31.629578	0.000724298063691028	-1.46869778587581e-06
28.187037	0.000728614703744635	-3.83944845132703e-07
25.120602	0.000729935741942159	4.25733679908729e-06
22.385418	0.000733929945683605	7.39795941017116e-06
19.955338	0.000736118465150406	8.2998079869034e-06
17.775894	0.000737303204989545	1.20689189074352e-05
15.846864	0.000741249282595158	9.33760423014799e-06
14.127493	0.000744687380144397	1.3712682933581e-05
12.587309	0.000744295574072029	1.25798266090293e-05
11.216775	0.000748254532379666	1.40284065220895e-05
9.9968166	0.000749860858216484	1.37223289201165e-05
8.9082127	0.000751077568579082	1.47679552313538e-05
7.9395623	0.000751962058828225	1.82936878177198e-05
7.0765615	0.000754264956552055	1.75516471866416e-05
6.3105822	0.000756290102663	1.60392570095536e-05
5.6245475	0.000757400326976699	1.59086596657421e-05
5.0112233	0.000760502082922028	1.82079907701931e-05
4.4642835	0.00076284349190531	1.73241124157032e-05
3.9819033	0.000762441633054046	1.7471972473713e-05
3.5479143	0.000765079380849757	1.82765093183938e-05
3.1629577	0.000764111284006059	1.77485617283356e-05
2.818361	0.000765590412458026	1.55749164080348e-05
2.5112481	0.000766203243653513	1.64962562098693e-05
2.2398233	0.000766744653378114	1.6843709773066e-05
1.9950197	0.000769178465818556	1.75741191238008e-05
1.7775893	0.00076977310514175	1.74931964973282e-05
1.5846864	0.000771124974283384	1.74755664687217e-05
1.4122353	0.000774444500338159	1.89810579871583e-05
1.2582541	0.000772587696614134	1.94076550506699e-05
1.1224822	0.000774247484924089	1.98790875985929e-05
1.0000616	0.000773581006606564	2.0717855879305e-05
0.89082122	0.000776099325909806	2.09257024072517e-05
0.79444051	0.000779095047423336	2.10063086784245e-05
0.70784986	0.000781571542890607	2.22386654451533e-05
0.63126236	0.000782233121598218	2.39758293303791e-05
0.562536	0.000781570288399365	2.34776085186127e-05
0.50118715	0.000786844966176804	2.42745728246178e-05
0.44642836	0.000784043636653966	2.48461234988186e-05
0.39821118	0.000786400522373827	2.53972291367993e-05
0.35475865	0.000788415021570963	2.73005823082814e-05
0.31619295	0.000789371281602408	2.84018126229271e-05
0.2819173	0.000791132200125478	2.83506506681672e-05
0.25117323	0.000792109872675458	2.98356874691733e-05
0.22391155	0.000797945948412345	3.11100801867612e-05
0.19957349	0.000796757939008721	3.32486029079709e-05
0.17779917	0.000799547036724966	3.34562749365215e-05
0.15846863	0.000801785308200754	3.55162086482926e-05
0.14123619	0.00080261385415451	3.85028865179784e-05
0.12590662	0.000805607988612301	3.9671760860036e-05
0.1122199	0.000807119529652416	3.86677361565838e-05
0.10002181	0.000808313368494849	4.08702593867039e-05
