10002.226	0.00116207723805428	-0.00960603932032401
8914.9326	0.00112042661709474	-0.00859883031409385
7943.9951	0.00108287958971163	-0.00769957657827524
7081.583	0.00104694175093567	-0.00689167056931717
6307.7358	0.0010162300524482	-0.00616754904237475
5622.5879	0.000985181375424018	-0.00552003369935024
5011.603	0.000955236909070206	-0.00494469116130967
4466.4292	0.00093137382040208	-0.00442567730495952
3981.2773	0.000909025517437464	-0.00396367568326582
3548.8679	0.000885338694649008	-0.00354960260642007
3163.0398	0.000867098087612898	-0.0031770172535835
2819.0986	0.000849773915918998	-0.00284599863978808
2512.4104	0.00083206086623439	-0.00254978381782909
2239.2869	0.000817800819420959	-0.00228503587133657
1995.6381	0.000805541426114817	-0.00204611915536954
1778.2897	0.000793682295269665	-0.00183338075415034
1584.4927	0.000780438574213023	-0.00164287439268815
1412.7418	0.000766859376737795	-0.00147273882067194
1258.7905	0.000760241006074469	-0.00132211678514036
1121.7966	0.000749972936938462	-0.00118589310288146
999.68164	0.000741014310811811	-0.00106288523105583
891.42474	0.000733878254884419	-0.000953417502239512
794.23932	0.000726859239193339	-0.000855801963006562
707.96161	0.000717526042497559	-0.000765898720059057
631.00977	0.000713249980777713	-0.00069013595668089
562.33929	0.000705501322449323	-0.000615546341211409
501.12231	0.000699930518904185	-0.000552946773848331
446.57214	0.00069557754379962	-0.000494087785804001
398.08899	0.000689017110097191	-0.00044112647285118
354.88681	0.000684672938004048	-0.000394186381521033
316.31589	0.000682067129399982	-0.000349433197808961
281.8942	0.000679720298836296	-0.00031394189987235
251.20601	0.000674281693304369	-0.000275763258561142
223.92496	0.000673916245478012	-0.00024418400395231
199.55338	0.000673757737729179	-0.000215570792727683
177.78128	0.000671666941784938	-0.000188582635852628
158.52898	0.000671571275126567	-0.000163964292069415
141.21979	0.000671468152524827	-0.000144406026230651
125.92673	0.000673076525739776	-0.00012425885229477
112.19009	0.000672216907269129	-0.000107339281992097
99.968163	0.000675145417755791	-8.99577172088613e-05
89.115646	0.000678512390155435	-7.77561031493124e-05
79.415741	0.000679445438012343	-6.25906378452111e-05
70.793182	0.000682262033835292	-5.24615108231862e-05
63.082279	0.000685087085933615	-4.16924691153006e-05
56.241825	0.000687497276750573	-3.37971735272675e-05
50.112232	0.00069022897438204	-2.30492726579545e-05
44.671223	0.000693505518611867	-1.78399018856651e-05
39.808899	0.000696778237871809	-1.36831501513711e-05
35.488308	0.000699949694134607	-6.59717460579064e-06
31.629578	0.000703280726323338	-1.14549946338114e-06
28.187037	0.00070597894337219	2.08340272845643e-06
25.120602	0.000707495855379971	3.15885973122417e-06
22.385418	0.000712474773614113	7.30473051334368e-06
19.955338	0.000712804426508294	8.15112606285104e-06
17.775894	0.00071949375478259	1.12189266582448e-05
15.846864	0.000719554358973635	1.09409401997799e-05
14.127493	0.000720762206054093	1.2618794977805e-05
12.587309	0.000723494011329265	1.47097740756855e-05
11.216775	0.000726807764664921	1.52252217823033e-05
9.9968166	0.000727981023530945	1.33447469212128e-05
8.9082127	0.000729555691122377	1.45873028841211e-05
7.9395623	0.000730804090347749	1.7091610433457e-05
7.0765615	0.000734284224969474	1.78987256383197e-05
6.3105822	0.000735470125120988	1.80263717896151e-05
5.6245475	0.000737131780187911	1.56462705025875e-05
5.0112233	0.00073953237857426	1.81112831895729e-05
4.4642835	0.000740493887948093	1.59878228282167e-05
3.9819033	0.000740375176010692	1.77862034173762e-05
3.5479143	0.00074176841511188	1.96150348112683e-05
3.1629577	0.000742968578317879	1.93169741165368e-05
2.818361	0.000744659981765472	1.71379647502456e-05
2.5112481	0.000745517748951092	1.63487733559569e-05
2.2398233	0.000745919038319277	1.6245087459811e-05
1.9950197	0.000747022853782694	1.67604868477603e-05
1.7775893	0.000748103497686398	1.8641497009468e-05
1.5846864	0.000749174818358778	1.63776254149664e-05
1.4122353	0.000752958955054351	1.90918379129571e-05
1.2582541	0.000751107540839831	1.90462296599723e-05
1.1224822	0.000752284470820409	1.9488683800734e-05
1.0000616	0.00075486444244419	2.21511734026186e-05
0.89082122	0.000755738471020655	2.03764906224694e-05
0.79444051	0.000758500528174895	2.06753158753299e-05
0.70784986	0.000757056703759405	2.21508003029283e-05
0.63126236	0.000760442728203074	1.99609830984438e-05
0.562536	0.000761646040682945	2.2169587683952e-05
0.50118715	0.000761856564968241	2.48564479529167e-05
0.44642836	0.000764050975136985	2.32525162294027e-05
0.39821118	0.000765390817706704	2.55141811304461e-05
0.35475865	0.000767176666613131	2.82612960822977e-05
0.31619295	0.000768296684443858	2.74203992920668e-05
0.2819173	0.000771373804177976	2.64003654823053e-05
0.25117323	0.000771556781514809	2.83230967748907e-05
0.22391155	0.000774188626149009	3.17346293070127e-05
0.19957349	0.000775605726813108	3.03036542973236e-05
0.17779917	0.000776984860163047	3.39950417934766e-05
0.15846863	0.00077852179340866	3.68475948630816e-05
0.14123619	0.000781147619318007	3.86736477298456e-05
0.12590662	0.000783155658333509	3.89419072906165e-05
0.1122199	0.000785786526400268	3.98653977275424e-05
0.10002181	0.000788117340746988	4.40484338527373e-05
