10002.226	0.00116087399877546	-0.00960603488873631
8914.9326	0.00111949549887355	-0.00859997550688195
7943.9951	0.00108295640405834	-0.00769649758574164
7081.583	0.00104951542414053	-0.00689238297739151
6307.7358	0.00101637578418188	-0.00616530047958721
5622.5879	0.000984890747978713	-0.00552086791594063
5011.603	0.000956602379928471	-0.00494310141333409
4466.4292	0.000933163020559874	-0.00442540647619419
3981.2773	0.000907306242420033	-0.00396271419705497
3548.8679	0.000885252862928055	-0.00354864279158999
3163.0398	0.000866335110798434	-0.0031789411666361
2819.0986	0.000849166614164563	-0.00284397403376203
2512.4104	0.000832982541222876	-0.00254886708961051
2239.2869	0.00081675482154796	-0.00228483653618076
1995.6381	0.000804785450054125	-0.00204325267171315
1778.2897	0.000793359780291867	-0.00183500954541971
1584.4927	0.000780014761791852	-0.00164237496715682
1412.7418	0.000768740488361334	-0.00147238368409127
1258.7905	0.00075786961874859	-0.00132175290000648
1121.7966	0.000750013984409739	-0.0011844976315932
999.68164	0.00074177136594132	-0.00106178218753056
891.42474	0.000731651871156939	-0.000953042245422901
794.23932	0.000725260640557373	-0.000856665924774805
707.96161	0.000719984101654565	-0.000766790187787155
631.00977	0.000712391822626827	-0.000688338295419237
562.33929	0.000706833402106331	-0.000615477251619473
501.12231	0.000699657919259579	-0.000552482559693474
446.57214	0.000693663018798464	-0.000491338817817708
398.08899	0.00068935095741943	-0.000441360489607344
354.88681	0.000684387089772571	-0.000394018656977808
316.31589	0.000682277590740681	-0.000350383758357252
281.8942	0.000678900884991596	-0.000311690719222048
251.20601	0.000672734536982537	-0.000276271791857836
223.92496	0.00067427966200018	-0.000243840648471997
199.55338	0.000673137909305253	-0.000217339676587258
177.78128	0.000672624491273653	-0.000186445267265041
158.52898	0.000672738558515779	-0.000164717861837736
141.21979	0.000671997174396516	-0.000144819290044843
125.92673	0.000672160068626946	-0.000124897189770609
112.19009	0.000676052767193021	-0.000108474244700601
99.968163	0.000674948544153824	-9.09102419049245e-05
89.115646	0.000677238700307842	-7.57786699389035e-05
79.415741	0.000679304117097189	-6.27384917797218e-05
70.793182	0.000681361868726095	-5.06115663643265e-05
63.082279	0.000684927767520787	-3.93074714525173e-05
56.241825	0.000690378535177912	-3.32758078488461e-05
50.112232	0.000691615395957424	-2.34368388968245e-05
44.671223	0.000691406222557106	-1.62012100328327e-05
39.808899	0.000697350250492693	-1.2327126490117e-05
35.488308	0.000699234872898948	-8.32845693533378e-06
31.629578	0.000704699526793588	-6.18867201932488e-07
28.187037	0.000701958746648233	-1.67706029051127e-06
25.120602	0.000710728833250927	2.8743588385067e-06
22.385418	0.000713453323850876	6.88164405271612e-06
19.955338	0.000715426143138697	8.26383194817996e-06
17.775894	0.000717058396326096	1.22708561743128e-05
15.846864	0.000719866699000842	1.00774174544955e-05
14.127493	0.000722511185386562	1.27052369917781e-05
12.587309	0.000723968187585193	1.12015428954075e-05
11.216775	0.000724570533964519	1.58026852910992e-05
9.9968166	0.00072862690847878	1.31485159197027e-05
8.9082127	0.000729423377276522	1.53826409682079e-05
7.9395623	0.000729986819272045	1.5720865460547e-05
7.0765615	0.000734167656017393	1.71660391886338e-05
6.3105822	0.0007339296913133	1.7441541132468e-05
5.6245475	0.000737462435772107	1.487928342755e-05
5.0112233	0.000739243507605882	1.72378003278961e-05
4.4642835	0.000738041980291044	1.58754618065382e-05
3.9819033	0.000740613130599352	1.66540252520666e-05
3.5479143	0.000741881027710683	1.84665775137968e-05
3.1629577	0.000743925593270277	2.00214686977555e-05
2.818361	0.000745363588974415	1.76145495280354e-05
2.5112481	0.000745446297438177	1.62856281554394e-05
2.2398233	0.000746574558469095	1.88543875534766e-05
1.9950197	0.000747816894636285	1.66573703140704e-05
1.7775893	0.000748554812231757	1.84691757435737e-05
1.5846864	0.000750133840633531	1.66637708263869e-05
1.4122353	0.000752345284181943	1.84583788976178e-05
1.2582541	0.000751193148958013	1.80139331577042e-05
1.1224822	0.000753311661732412	1.90317706668841e-05
1.0000616	0.000753677423045661	1.92545713166392e-05
0.89082122	0.000757339084833739	2.16859075452635e-05
0.79444051	0.000755369110951679	1.92068669093265e-05
0.70784986	0.0007565734042452	2.24266377799164e-05
0.63126236	0.000758225137476785	2.0842103242605e-05
0.562536	0.000761477363712688	2.25540674774693e-05
0.50118715	0.000762481151414447	2.32589641971884e-05
0.44642836	0.00076480787418372	2.28956636293193e-05
0.39821118	0.000765251365173876	2.59781958868856e-05
0.35475865	0.000766409086628783	2.7445783039516e-05
0.31619295	0.000769194825886886	2.7735229243386e-05
0.2819173	0.000771953282900576	2.89871773459154e-05
0.25117323	0.000771147905864111	3.03513950527562e-05
0.22391155	0.000773249074026807	3.21869210882527e-05
0.19957349	0.000773652604001872	3.18437367249269e-05
0.17779917	0.000776835035548688	3.42543267068047e-05
0.15846863	0.000777840250964303	3.5442858030896e-05
0.14123619	0.000780841324087906	3.81592813317651e-05
0.12590662	0.000783380235374997	3.82859581568783e-05
0.1122199	0.000784387510710047	4.07062488426872e-05
0.10002181	0.000788474698480798	4.34537183868788e-05
