10002.226	0.00116104734189447	-0.00960950177405518
8914.9326	0.0011208856901239	-0.00859937150774984
7943.9951	0.00108424087674241	-0.00769589472102905
7081.583	0.00104777561304207	-0.00689032077200887
6307.7358	0.00101970855829259	-0.00616603003127115
5622.5879	0.000984648801130977	-0.0055199515123626
5011.603	0.000957262216746986	-0.0049446713234237
4466.4292	0.000932780585811768	-0.00442479369057633
3981.2773	0.000908967915688723	-0.00396389333398587
3548.8679	0.000887010327475952	-0.00354923979063977
3163.0398	0.000866620650063187	-0.00317721375824079
2819.0986	0.000849070468210255	-0.00284581132931637
2512.4104	0.000833790578179466	-0.00254957278961139
2239.2869	0.000816686385470798	-0.00228368767878619
1995.6381	0.000805750274630044	-0.00204522087850666
1778.2897	0.0007922617584987	-0.0018321144809315
1584.4927	0.000779893644502239	-0.00164388457217164
1412.7418	0.000767076976877589	-0.0014727928705851
1258.7905	0.000758209038390265	-0.00132108637298976
1121.7966	0.000750725031206837	-0.00118688243004289
999.68164	0.000742733576287459	-0.00106165406450953
891.42474	0.000732828489870735	-0.000953476751171591
794.23932	0.000725234268118672	-0.000854333772991467
707.96161	0.000719386038716374	-0.000767316079263615
631.00977	0.00071201877486149	-0.000687745213368101
562.33929	0.000706336542199168	-0.000616031894885843
501.12231	0.000697606668175878	-0.00055257961162916
446.57214	0.000693740038896057	-0.000492332419870145
398.08899	0.000688855538829659	-0.000443799968910682
354.88681	0.000684528550910901	-0.000395058788752783
316.31589	0.000681982193666338	-0.000351004596474497
281.8942	0.000680582625577761	-0.000312675640088474
251.20601	0.000673132503787654	-0.00027799073772995
223.92496	0.000674526931100127	-0.00024509786176967
199.55338	0.000674425230960356	-0.000217808799440287
177.78128	0.000672442069267224	-0.000188030414325435
158.52898	0.000673155916056743	-0.000165292370523312
141.21979	0.00067061119298831	-0.00014353507459936
125.92673	0.000672064804391369	-0.000121960881440671
112.19009	0.000673697992921905	-0.000105967247950283
99.968163	0.000676537118874927	-8.8479504500286e-05
89.115646	0.000676906027977712	-7.54662419431275e-05
79.415741	0.000681178434167053	-6.30280174264136e-05
70.793182	0.000679354942676911	-5.15993749797237e-05
63.082279	0.00068516627091491	-4.20661769785152e-05
56.241825	0.000688231658783659	-3.08388933436275e-05
50.112232	0.000689120011642458	-2.25001030325425e-05
44.671223	0.000694151302212579	-1.7200603235316e-05
39.808899	0.000697675465320024	-1.34052929405477e-05
35.488308	0.000699712249207614	-6.79616731815963e-06
31.629578	0.000703879481073263	2.27009414886706e-07
28.187037	0.000705562987518974	4.31260717374767e-07
25.120602	0.000708212734178825	4.22248813724645e-06
22.385418	0.000711553541638287	6.05429486987241e-06
19.955338	0.000714960262465461	8.38789550886785e-06
17.775894	0.000717959871034462	1.03884844036383e-05
15.846864	0.000721108292211907	9.34657597242335e-06
14.127493	0.000723118181664924	1.24263352315796e-05
12.587309	0.000722239485641782	1.22203447901913e-05
11.216775	0.00072623198293543	1.48252686986865e-05
9.9968166	0.000728443686169864	1.2031522626115e-05
8.9082127	0.000728922300242042	1.47573316654197e-05
7.9395623	0.000730568884213007	1.71309863758737e-05
7.0765615	0.000733928190014576	1.62147384578976e-05
6.3105822	0.000734735708077413	1.65358083507301e-05
5.6245475	0.000735992750134547	1.46485509897876e-05
5.0112233	0.000737090082057825	1.79065995586453e-05
4.4642835	0.000741491201461727	1.62103916866946e-05
3.9819033	0.000739210102790233	1.67595469793254e-05
3.5479143	0.000742120328573702	1.93330445998326e-05
3.1629577	0.000742741866707272	1.85679154760091e-05
2.818361	0.000742818356547549	1.58246764604139e-05
2.5112481	0.000744916370231055	1.59918924814686e-05
2.2398233	0.000746711319314274	1.83478324101375e-05
1.9950197	0.000746956571307508	1.50597725565623e-05
1.7775893	0.000747907747320964	1.74610851865118e-05
1.5846864	0.000750888195836272	1.74374463787364e-05
1.4122353	0.000752801850154102	1.82315749232943e-05
1.2582541	0.00075065232780219	2.09513031715208e-05
1.1224822	0.000751760394953581	1.92410848196906e-05
1.0000616	0.000754740155128232	2.16587410154023e-05
0.89082122	0.000755857558350523	2.07139681144533e-05
0.79444051	0.000756544668336446	2.07890426851473e-05
0.70784986	0.000757179647901888	2.06850675692476e-05
0.63126236	0.000758452001963779	2.10862642205904e-05
0.562536	0.000761519589522449	2.44876905201493e-05
0.50118715	0.000762714975914141	2.3925542259353e-05
0.44642836	0.000764504891550945	2.42358489869672e-05
0.39821118	0.000765247421850824	2.66152748175469e-05
0.35475865	0.000766303942717351	2.57783810425071e-05
0.31619295	0.000769041016360524	2.79671877645622e-05
0.2819173	0.000770570952589646	2.71734576782867e-05
0.25117323	0.000771474402450306	3.01858546319129e-05
0.22391155	0.000773149930846225	3.08426390496184e-05
0.19957349	0.000776435433924057	3.13435057372311e-05
0.17779917	0.000777503346057764	3.36584796047862e-05
0.15846863	0.000780256366814603	3.69210627546657e-05
0.14123619	0.000780563027703897	3.6761464667216e-05
0.12590662	0.000784845338290054	3.84773991512646e-05
0.1122199	0.000787017331138643	4.20732676566616e-05
0.10002181	0.00078957706413261	4.3605477625974e-05
