10002.226	0.00116107722656907	-0.00960764118600935
8914.9326	0.00111969986216496	-0.00860080071882585
7943.9951	0.00108372165917237	-0.00769574505108756
7081.583	0.00104854198945201	-0.00689202362532692
6307.7358	0.00101684547947555	-0.00616602100706602
5622.5879	0.000985864289921614	-0.00552095689565783
5011.603	0.000955462086526806	-0.00494265142489871
4466.4292	0.000930676007355503	-0.00442440471415433
3981.2773	0.000909594978665784	-0.00396410907098406
3548.8679	0.000885535790305348	-0.00354784124753079
3163.0398	0.000865786279076652	-0.00317852386533388
2819.0986	0.000850113101343567	-0.00284611313852779
2512.4104	0.000833613547235593	-0.00254912882029936
2239.2869	0.000818415313512547	-0.00228357506641374
1995.6381	0.000804558218424736	-0.00204510136120917
1778.2897	0.000793154620227283	-0.00183348892599992
1584.4927	0.000780700133910065	-0.0016418256597051
1412.7418	0.000768491190509434	-0.00147370263275808
1258.7905	0.00076193634484306	-0.00132195612240725
1121.7966	0.000750059054575121	-0.00118400890273342
999.68164	0.000741181263634732	-0.00106234059603426
891.42474	0.000733539550004214	-0.000952005254430678
794.23932	0.00072861010397172	-0.000855716241140374
707.96161	0.000720252931517372	-0.000765859622520188
631.00977	0.000710594556626656	-0.000688384420895246
562.33929	0.000703668631040974	-0.000615910698642119
501.12231	0.000699296594630274	-0.000552863409861405
446.57214	0.000694500339838427	-0.000493697538081173
398.08899	0.000689080149055279	-0.000441323452486747
354.88681	0.000685752726713996	-0.000395152013842762
316.31589	0.000683006476377975	-0.000350550457675179
281.8942	0.000678880342398862	-0.000312648323422471
251.20601	0.000674437869531989	-0.000277646608689367
223.92496	0.000674912650236117	-0.000245434995375763
199.55338	0.000672940156646695	-0.00021744392984878
177.78128	0.000670520483417824	-0.000187847535340724
158.52898	0.000669806370876358	-0.000164505399734406
141.21979	0.000672439217592348	-0.000144685708568243
125.92673	0.000672625826492186	-0.00012521777640745
112.19009	0.000674706446679866	-0.000108362851030443
99.968163	0.000675292671858848	-8.93120271975784e-05
89.115646	0.000678632512064052	-7.68454551242358e-05
79.415741	0.000678654254941239	-6.29688677404608e-05
70.793182	0.000681930852203771	-5.18055755274971e-05
63.082279	0.000685007601482165	-4.29669210745722e-05
56.241825	0.000688114251684576	-3.24422506485343e-05
50.112232	0.000690407193542349	-2.14648264877384e-05
44.671223	0.000693551467722626	-1.76318332555686e-05
39.808899	0.000698642081617484	-1.09359605517301e-05
35.488308	0.000700905145404643	-9.02632846684865e-06
31.629578	0.000703436022377289	-2.157830239868e-06
28.187037	0.000705835972054536	7.70850023105912e-07
25.120602	0.000709934988533567	3.00201169224054e-06
22.385418	0.00071110136833948	7.58306494888424e-06
19.955338	0.000714465906923914	8.45429144424069e-06
17.775894	0.000715413580324229	1.15789568426084e-05
15.846864	0.000720913593159949	1.26900947212471e-05
14.127493	0.00072112018842908	1.37574158569449e-05
12.587309	0.000725022406665504	1.31587692865829e-05
11.216775	0.000727479945783912	1.35337781404595e-05
9.9968166	0.000728858796389352	1.39353394444856e-05
8.9082127	0.000730190331854965	1.72340440828496e-05
7.9395623	0.000728650936378233	1.65439972500097e-05
7.0765615	0.000732394041863823	1.79313077642935e-05
6.3105822	0.000736256025816961	1.75948614205162e-05
5.6245475	0.000735689083743109	1.66161508497734e-05
5.0112233	0.000737718040132822	1.84565639719984e-05
4.4642835	0.0007395658754235	1.60784802102525e-05
3.9819033	0.000740656294557613	1.5954328597826e-05
3.5479143	0.000740661555483819	1.7399204561881e-05
3.1629577	0.000743254545156613	1.82360056334967e-05
2.818361	0.000743748313724608	1.83602218713515e-05
2.5112481	0.000745886263893803	1.63659883589288e-05
2.2398233	0.000745186792368777	1.8168630667411e-05
1.9950197	0.000746474241572007	1.88548451844403e-05
1.7775893	0.000750363445507702	1.85199959777015e-05
1.5846864	0.000750542621725978	1.87115500703626e-05
1.4122353	0.000751871748028296	1.74598063870334e-05
1.2582541	0.000749969820033594	2.00111012420821e-05
1.1224822	0.000753290335515497	1.73950679788535e-05
1.0000616	0.000755147935887856	1.95780833858614e-05
0.89082122	0.000754872914983091	2.16161574303194e-05
0.79444051	0.000756399752842744	2.02573294788226e-05
0.70784986	0.000757022810805961	2.12584992094892e-05
0.63126236	0.000758566569861704	2.3293058090185e-05
0.562536	0.000761578154911271	2.11860280781322e-05
0.50118715	0.000760453222703587	2.57389406780377e-05
0.44642836	0.00076252560410539	2.53089154359357e-05
0.39821118	0.000765900426488736	2.55721658915425e-05
0.35475865	0.00076844347098091	2.72970106569308e-05
0.31619295	0.000768555141915183	2.71729318889952e-05
0.2819173	0.000771304859121387	2.78220401678878e-05
0.25117323	0.000772941451586791	2.96537309877896e-05
0.22391155	0.000773494581454951	3.08347068761865e-05
0.19957349	0.000774573987871304	3.26376181099343e-05
0.17779917	0.000777392071824697	3.35591873725684e-05
0.15846863	0.000780866703119417	3.52670739039567e-05
0.14123619	0.00078082308382887	3.7456642132926e-05
0.12590662	0.000785743675602568	3.92663831180996e-05
0.1122199	0.000786352102228025	4.13407337755666e-05
0.10002181	0.000788141174946081	4.41227689122089e-05
