10002.226	0.00116143751894129	-0.00960671355155272
8914.9326	0.00111993206786431	-0.00860091317980099
7943.9951	0.00108358315090617	-0.00769649257250021
7081.583	0.0010495073353532	-0.0068925827300586
6307.7358	0.00101584376482264	-0.00616621459697817
5622.5879	0.000984605930986176	-0.00552222802981822
5011.603	0.000957219163899323	-0.00494376209298151
4466.4292	0.000931924446346797	-0.00442433692256706
3981.2773	0.000908596933981882	-0.00396257025911261
3548.8679	0.000885399254756422	-0.00354839277490601
3163.0398	0.000866656283506761	-0.00317937330048301
2819.0986	0.000849338459742642	-0.00284476677653779
2512.4104	0.00083324296899896	-0.00254783310732811
2239.2869	0.000816392778051518	-0.00228350894391503
1995.6381	0.000805723119373822	-0.0020455193782844
1778.2897	0.000793249118789756	-0.00183415328507984
1584.4927	0.000780375530950498	-0.00164029061558283
1412.7418	0.000769298207311846	-0.00147362865818308
1258.7905	0.000757766527204299	-0.00132076836492204
1121.7966	0.000751596069040004	-0.00118540369051345
999.68164	0.000741293907347304	-0.00106264829691497
891.42474	0.000733608787420244	-0.000953088880369563
794.23932	0.000727237463799736	-0.000856187086869154
707.96161	0.000719307909502843	-0.000767038670789715
631.00977	0.000710870231639634	-0.000689322490140192
562.33929	0.000705289536977578	-0.000616644252774222
501.12231	0.000701565935031051	-0.000552845649145801
446.57214	0.00069380369050041	-0.000492439792863789
398.08899	0.000689613120961561	-0.000442511301917941
354.88681	0.000685406435766051	-0.000395466194022281
316.31589	0.000685262240959756	-0.000350198920568899
281.8942	0.000679800243935627	-0.000313860624938058
251.20601	0.000674211548150897	-0.000276222786106589
223.92496	0.000674931881220123	-0.000243605693692768
199.55338	0.000674292382918909	-0.000216908451379941
177.78128	0.000670696440158265	-0.000189324858705829
158.52898	0.000671891874525846	-0.00016504159258454
141.21979	0.000671875610677473	-0.000143031131998382
125.92673	0.000673150470503677	-0.000126605377354962
112.19009	0.000676419792291843	-0.000109886292558808
99.968163	0.000675019971880633	-8.76555761037652e-05
89.115646	0.000677087894670637	-7.57778209232968e-05
79.415741	0.000678602408683241	-6.18961675326706e-05
70.793182	0.000681321795766869	-5.23112228901303e-05
63.082279	0.000684699125294132	-4.19270819923424e-05
56.241825	0.000690844529923037	-3.31014076093916e-05
50.112232	0.00068850982952008	-2.2376586370123e-05
44.671223	0.000692836578101471	-1.86422013069462e-05
39.808899	0.00069855974504485	-1.23116378231203e-05
35.488308	0.000700848149174304	-6.76628494021668e-06
31.629578	0.00070268012101052	-4.27616252319375e-06
28.187037	0.000706439714986292	2.31592293166255e-07
25.120602	0.000709733009540831	2.70325336740879e-06
22.385418	0.000711825315634468	7.69599596190925e-06
19.955338	0.000713916233664073	8.67571478838692e-06
17.775894	0.000717183495736187	1.10574711123596e-05
15.846864	0.000719649229048844	1.27050935127122e-05
14.127493	0.000722710682799621	1.41929399004423e-05
12.587309	0.000724017429602694	1.41617191646403e-05
11.216775	0.000726170698180137	1.39136722583874e-05
9.9968166	0.000729730340302538	1.41243819223679e-05
8.9082127	0.000729892423228158	1.56255857067126e-05
7.9395623	0.000729139111832902	1.56819939217979e-05
7.0765615	0.000734030799258264	1.77512804023672e-05
6.3105822	0.000735582387219662	1.66774722816457e-05
5.6245475	0.000735329478235208	1.57310183689435e-05
5.0112233	0.000736238636390161	1.82216001807257e-05
4.4642835	0.000740127325367612	1.85132788769822e-05
3.9819033	0.000739751129038352	1.85195584695781e-05
3.5479143	0.000742515661380092	1.8444187234642e-05
3.1629577	0.000743040718062723	1.76025937915196e-05
2.818361	0.000744624991983728	1.83846031675867e-05
2.5112481	0.000745594272060304	1.70810800635802e-05
2.2398233	0.000744336616186441	1.63736771491294e-05
1.9950197	0.000746424834722533	1.7224444090702e-05
1.7775893	0.000747112012873686	1.77550439988167e-05
1.5846864	0.000752596777284477	1.63223296472983e-05
1.4122353	0.000749322556413257	1.82707315678109e-05
1.2582541	0.000751749229734323	1.92641258209281e-05
1.1224822	0.000752896573003461	1.90969653173306e-05
1.0000616	0.000753939548486709	2.0098479548889e-05
0.89082122	0.000755406189842775	1.91137177994648e-05
0.79444051	0.000756598549493457	1.99885531036526e-05
0.70784986	0.000758307197415427	2.22274945537949e-05
0.63126236	0.000759326047172772	2.32013485605328e-05
0.562536	0.00076018695057303	2.13679028994514e-05
0.50118715	0.000763662192136189	2.46127206728568e-05
0.44642836	0.00076435636972557	2.43482875491032e-05
0.39821118	0.000765003786829166	2.65141515093852e-05
0.35475865	0.000766589258045081	2.66681225116424e-05
0.31619295	0.000766753104655781	2.58147948843355e-05
0.2819173	0.000771433514844446	2.92936174607786e-05
0.25117323	0.00077199049815118	2.93072214643658e-05
0.22391155	0.000774569798602329	3.02803826934113e-05
0.19957349	0.000775605189524045	3.29476598055595e-05
0.17779917	0.000777063396767802	3.48350637926246e-05
0.15846863	0.000779809855944966	3.73055431205747e-05
0.14123619	0.000782530859060731	3.8311607542327e-05
0.12590662	0.000784061166506576	3.94538051866707e-05
0.1122199	0.000785169442980771	4.13072089450158e-05
0.10002181	0.000789356854374139	4.18503865460358e-05
