10002.226	0.00116147879475018	-0.00960773877266634
8914.9326	0.00112271455874993	-0.00860029377902934
7943.9951	0.0010832192325748	-0.00769746625037877
7081.583	0.00104866136501483	-0.00688999200351
6307.7358	0.00101568478428916	-0.00616647554588583
5622.5879	0.000984138507759081	-0.00552175229871584
5011.603	0.000958272324689454	-0.00494484011077948
4466.4292	0.000933300904137152	-0.00442472834820683
3981.2773	0.000908700592333526	-0.00396075779727819
3548.8679	0.000885573570182447	-0.00355175792192744
3163.0398	0.000869090556670463	-0.00317741620981792
2819.0986	0.000850276215564595	-0.00284340050348393
2512.4104	0.000832614839046229	-0.0025501072037424
2239.2869	0.000818085742535978	-0.00228211738864123
1995.6381	0.000805070289171655	-0.00204639566078257
1778.2897	0.000793232380359176	-0.00183206587571564
1584.4927	0.000780754367971228	-0.00164346244453621
1412.7418	0.000767083599534546	-0.0014719930224548
1258.7905	0.000760890861249419	-0.00131843855480818
1121.7966	0.000749595772038875	-0.00118496442921108
999.68164	0.000744134289506914	-0.001062939956937
891.42474	0.000732238280942145	-0.000951904691218254
794.23932	0.00072650461996223	-0.000857584568756436
707.96161	0.000718891303939378	-0.000765158427672518
631.00977	0.000710719059344627	-0.000686883456657454
562.33929	0.000704862604364816	-0.000617686961895155
501.12231	0.000700131663470969	-0.000553928655029624
446.57214	0.000694446947013097	-0.000494497940097032
398.08899	0.000688763488935041	-0.000441686343803526
354.88681	0.000684348117390843	-0.000395419204113662
316.31589	0.000684434691581466	-0.000348803098409711
281.8942	0.000677884513909393	-0.000313780249778822
251.20601	0.000673227194487107	-0.000277768453652774
223.92496	0.000674821616834974	-0.000244896778048885
199.55338	0.00067149273530356	-0.000217690678505117
177.78128	0.000671992080544458	-0.000188406315358541
158.52898	0.000669945543501785	-0.000164802993208386
141.21979	0.000669930015378541	-0.000142111262690718
125.92673	0.000673125951551029	-0.000123140556791643
112.19009	0.000675102831183572	-0.000106644317817122
99.968163	0.000675225946287549	-8.93145848599447e-05
89.115646	0.000676587121171188	-7.54108196920086e-05
79.415741	0.000680154286855665	-6.42693222525242e-05
70.793182	0.000680739756553402	-5.09841738072201e-05
63.082279	0.0006842976663311	-4.02303041550849e-05
56.241825	0.000687800231945935	-3.33196463186125e-05
50.112232	0.000689665912950432	-2.30315333141072e-05
44.671223	0.000692434922095467	-1.79607855150799e-05
39.808899	0.000697356955374582	-1.4045292036007e-05
35.488308	0.000701653455397241	-7.75758626745698e-06
31.629578	0.00070172374446212	-2.14503947487665e-06
28.187037	0.000705003296262413	1.77891918641968e-06
25.120602	0.00070780192102921	3.70990720571723e-06
22.385418	0.00071202403976079	9.18431293498098e-06
19.955338	0.000716776411686407	8.19243804873643e-06
17.775894	0.000719267656689306	1.01890701686871e-05
15.846864	0.000718153577630536	1.17959652975481e-05
14.127493	0.000724180156416	1.33332527242999e-05
12.587309	0.000722967608690562	1.50237235166983e-05
11.216775	0.000725018768398694	1.49615383300679e-05
9.9968166	0.000728244102913322	1.49270903912183e-05
8.9082127	0.000730129087321646	1.68586427862636e-05
7.9395623	0.000731164760375816	1.75844511448559e-05
7.0765615	0.000732521473592043	1.74547569495199e-05
6.3105822	0.000733391812624675	1.83119256937516e-05
5.6245475	0.000736109366168245	1.46521329613695e-05
5.0112233	0.000740563023337174	1.74679648788637e-05
4.4642835	0.000740940671506953	1.9360509388129e-05
3.9819033	0.000742454274152475	1.72704508438846e-05
3.5479143	0.000741078747614008	1.74470583022384e-05
3.1629577	0.000742111353555237	1.67801976608663e-05
2.818361	0.000745066550182426	1.75471158789929e-05
2.5112481	0.000744679929330703	1.60681701102096e-05
2.2398233	0.000745653391933368	1.82204404672311e-05
1.9950197	0.000744656554579198	1.78419589436342e-05
1.7775893	0.000748849112894771	1.72905008489045e-05
1.5846864	0.000750503489696209	1.88800580899461e-05
1.4122353	0.000752611993460993	1.99290990410641e-05
1.2582541	0.000750593751812519	1.9799837278763e-05
1.1224822	0.000752671971408007	1.81229954263077e-05
1.0000616	0.000751776613248672	2.12261297532097e-05
0.89082122	0.000754058138094996	1.97235122338779e-05
0.79444051	0.000757503629807953	2.06510460991617e-05
0.70784986	0.000759727677853622	2.07736023621595e-05
0.63126236	0.000759097469243933	2.24688650528066e-05
0.562536	0.000761707396095286	2.15613924022383e-05
0.50118715	0.000763817460992112	2.23878481205255e-05
0.44642836	0.000764729152645884	2.44403140477704e-05
0.39821118	0.000765852329623226	2.56425554751265e-05
0.35475865	0.00076725240005177	2.65697925897913e-05
0.31619295	0.000769166324922292	2.86000612362652e-05
0.2819173	0.000769437039243024	2.81337551710274e-05
0.25117323	0.000771601349281195	2.91802697523929e-05
0.22391155	0.000773787919956984	2.99358945366005e-05
0.19957349	0.000775449525265015	3.13818155790366e-05
0.17779917	0.000777067650614457	3.3417681449328e-05
0.15846863	0.000780775594564625	3.65473683318645e-05
0.14123619	0.000779676038149739	3.71126823450887e-05
0.12590662	0.000782827298687407	3.70391363749009e-05
0.1122199	0.00078509630920371	4.06102704583489e-05
0.10002181	0.000789278595882147	4.13944719814043e-05
