10002.226	0.00116160775200665	-0.00960687707133914
8914.9326	0.00112028511771863	-0.00859971233283572
7943.9951	0.00108365566818709	-0.00769762066437055
7081.583	0.00104727453927419	-0.00689260205563507
6307.7358	0.00101589764251203	-0.00616533385465246
5622.5879	0.00098531053151133	-0.00552216966880701
5011.603	0.000955424358035576	-0.00494483592959982
4466.4292	0.000933920890074454	-0.00442421887529324
3981.2773	0.0009076494669267	-0.00396247721192797
3548.8679	0.000886045886593645	-0.00354657310562676
3163.0398	0.000867769580478769	-0.00317873896647085
2819.0986	0.000849977520200403	-0.00284559164991943
2512.4104	0.000831985865616013	-0.00254678473202479
2239.2869	0.000817233658717804	-0.00228494058657931
1995.6381	0.000805063663731748	-0.00204505061386633
1778.2897	0.000792983200966764	-0.00183423624090538
1584.4927	0.000781110271813863	-0.00164144336321266
1412.7418	0.000769601600668838	-0.00147185438593907
1258.7905	0.00076037792372955	-0.00132142468006254
1121.7966	0.000751312537148865	-0.00118523718553034
999.68164	0.000742730012076731	-0.0010629215781076
891.42474	0.000732992689284762	-0.00095391976392113
794.23932	0.000727072968309779	-0.000855948333690512
707.96161	0.000718150686256294	-0.000764861991770947
631.00977	0.000713307352382628	-0.000688737153893483
562.33929	0.00070496682891572	-0.000617075221868915
501.12231	0.00070027705574965	-0.000552295530495594
446.57214	0.000693963583726502	-0.000493685602284334
398.08899	0.0006882320244803	-0.000443492677166375
354.88681	0.000683563814672569	-0.000393095992583459
316.31589	0.000682265067972708	-0.000350860655648611
281.8942	0.000677698755295216	-0.000314505003888765
251.20601	0.000675388283131808	-0.000278483475613491
223.92496	0.000672265683945416	-0.000245045575633277
199.55338	0.000672607818783685	-0.000216403771855877
177.78128	0.000671568154239039	-0.000187985848584169
158.52898	0.000672378424304572	-0.00016167685987954
141.21979	0.000673205507032294	-0.000145545713637087
125.92673	0.000671153031751386	-0.00012497209190514
112.19009	0.00067407075836105	-0.000107018328698282
99.968163	0.000675877885961337	-8.94599411763423e-05
89.115646	0.000678715276801482	-7.58950107223798e-05
79.415741	0.000679365784471444	-6.41224392763246e-05
70.793182	0.000680928032644988	-5.08282880083576e-05
63.082279	0.000683908238429469	-4.28186703328575e-05
56.241825	0.000688977196042799	-3.06341546390675e-05
50.112232	0.000691328070569537	-2.18314729523935e-05
44.671223	0.000693547413511199	-1.81025002209959e-05
39.808899	0.000698057238196094	-1.28262435777502e-05
35.488308	0.000699330543522819	-7.34781350733444e-06
31.629578	0.000703856360244337	-2.69194229649862e-06
28.187037	0.000705252263347256	-1.24537464830068e-06
25.120602	0.00070898555352378	4.05514268307538e-06
22.385418	0.000711958842601521	7.00663933531751e-06
19.955338	0.000714140857126673	8.20558028467708e-06
17.775894	0.000718963981528531	1.30295748154444e-05
15.846864	0.000720088900002076	8.68160807371649e-06
14.127493	0.00072065837966971	1.45650309167189e-05
12.587309	0.000723990952671395	1.38307437979833e-05
11.216775	0.000725437530098096	1.49147988680679e-05
9.9968166	0.000728060348150315	1.47433223449883e-05
8.9082127	0.000728857046941313	1.5360716129098e-05
7.9395623	0.00073026062885725	1.54924240317241e-05
7.0765615	0.000734801797957795	1.64775541619799e-05
6.3105822	0.000734894025643251	1.73070559875267e-05
5.6245475	0.000736594517084903	1.53548057377719e-05
5.0112233	0.000738476150617389	1.77652035168397e-05
4.4642835	0.000739778964999073	1.62452294597634e-05
3.9819033	0.000740295977363266	1.6854876676632e-05
3.5479143	0.000742186993104011	1.61123512043347e-05
3.1629577	0.000742303887417815	1.8008344078084e-05
2.818361	0.000745323229358464	1.83502282018474e-05
2.5112481	0.000744553934237319	1.56976711364005e-05
2.2398233	0.000743715788651209	1.85332523570272e-05
1.9950197	0.000746228872578649	1.68648270423727e-05
1.7775893	0.000746309493678152	1.86680944714966e-05
1.5846864	0.000750059269239529	1.83349937713463e-05
1.4122353	0.00075231428798442	1.75717583650263e-05
1.2582541	0.000750453846525154	1.92948802443832e-05
1.1224822	0.000752550574853009	1.99628838634162e-05
1.0000616	0.00075350346981404	1.94427091994741e-05
0.89082122	0.00075572826998693	2.183659600122e-05
0.79444051	0.000756564673877265	1.85370638670273e-05
0.70784986	0.000757158206751732	2.08108125273693e-05
0.63126236	0.000758998308798816	2.08006928672873e-05
0.562536	0.000760688191446255	2.25142976429639e-05
0.50118715	0.000762654913145048	2.42969951831126e-05
0.44642836	0.000765213152324875	2.41105608681415e-05
0.39821118	0.00076639854627291	2.50664281342078e-05
0.35475865	0.00076507759742004	2.51981881673877e-05
0.31619295	0.000767640102916215	2.92822883420734e-05
0.2819173	0.000770671684112509	2.85328794166518e-05
0.25117323	0.000773124066977698	2.83523112902366e-05
0.22391155	0.000772751140807349	3.07252956793143e-05
0.19957349	0.000775673883585394	3.30423019521135e-05
0.17779917	0.000775847696123485	3.40799334686389e-05
0.15846863	0.000781358780324915	3.54159334735584e-05
0.14123619	0.000780946352789816	3.64400720291083e-05
0.12590662	0.000783779233418734	3.99843601577111e-05
0.1122199	0.00078689444954674	4.06412832424185e-05
0.10002181	0.000789696300093347	4.35923937456036e-05
