10002.226	0.00116217968434303	-0.00960866204354092
8914.9326	0.00112009021399405	-0.00860129629092219
7943.9951	0.00108288077468026	-0.00769845538312486
7081.583	0.00104682093352361	-0.006893029380242
6307.7358	0.00101782011818305	-0.00616528216205615
5622.5879	0.000985718094418136	-0.00551826165008468
5011.603	0.000956117296792714	-0.00494483072241319
4466.4292	0.000930052998239084	-0.00442524716557422
3981.2773	0.000908259907021395	-0.00396243468646637
3548.8679	0.000885056323398748	-0.00354707638093146
3163.0398	0.000864910244720682	-0.0031775349978417
2819.0986	0.000849777912434146	-0.00284538904435028
2512.4104	0.000832410656421723	-0.00254677448010069
2239.2869	0.000817977632379098	-0.00228393986253159
1995.6381	0.000806644743621278	-0.00204553093625796
1778.2897	0.000791580341910327	-0.00183280574068667
1584.4927	0.000782187503717166	-0.00164392326829416
1412.7418	0.000768849369750872	-0.00147322969389461
1258.7905	0.000759103687543462	-0.00132284901485501
1121.7966	0.000750270915591818	-0.00118461881383795
999.68164	0.000741450657979282	-0.0010628306470363
891.42474	0.000731634040608144	-0.000951420502320744
794.23932	0.000723515627379666	-0.000854958574806723
707.96161	0.00071938833279426	-0.000766706067331629
631.00977	0.000711946336373957	-0.000688419097832757
562.33929	0.000705270254086328	-0.00061634909690248
501.12231	0.000700036196720001	-0.000553179625375766
446.57214	0.000693797382374312	-0.000493870439251886
398.08899	0.000687982562548824	-0.00044195604483108
354.88681	0.000684769899461844	-0.000392269400547303
316.31589	0.000683492081231457	-0.000349921021257776
281.8942	0.000678013027456204	-0.000313828294920754
251.20601	0.000674317447291083	-0.000275975596754754
223.92496	0.000674337933845648	-0.000243778166356107
199.55338	0.000672377653922678	-0.000214689581163619
177.78128	0.000672430044614424	-0.000188915504566023
158.52898	0.000670226676585817	-0.000163476464936038
141.21979	0.000671660996796727	-0.000144994237150261
125.92673	0.000671533738187906	-0.000124289344798811
112.19009	0.000675246728307168	-0.000106025157194033
99.968163	0.000676361769503776	-8.85373809535026e-05
89.115646	0.000677289101834417	-7.66224193978979e-05
79.415741	0.000678746642556209	-6.44603644254782e-05
70.793182	0.000682989047013976	-5.15767217779273e-05
63.082279	0.000684123401880393	-4.17458041642907e-05
56.241825	0.000688605768028422	-3.34929451522585e-05
50.112232	0.000689523063985639	-2.20724067502926e-05
44.671223	0.000692563798226983	-1.93137112691188e-05
39.808899	0.000697718834082468	-1.41370441492243e-05
35.488308	0.000700475095665803	-7.09446130828422e-06
31.629578	0.000703662371587344	-4.26237346378065e-06
28.187037	0.000707190324360268	1.95470302228576e-06
25.120602	0.000707308094582317	5.01609219434287e-06
22.385418	0.000711857435301813	5.64772799652157e-06
19.955338	0.00071413418637215	8.2807166640093e-06
17.775894	0.000716305056963466	1.09339362071295e-05
15.846864	0.000719791142958693	1.21060865742588e-05
14.127493	0.00072218930084655	1.14917575596337e-05
12.587309	0.000724459380190057	1.30565317755606e-05
11.216775	0.000725465078101949	1.36271749614934e-05
9.9968166	0.000729810308309294	1.36599746967505e-05
8.9082127	0.000730318785581433	1.54317978872585e-05
7.9395623	0.000729444821142065	1.56775412186724e-05
7.0765615	0.000734089231156394	1.67519774576557e-05
6.3105822	0.000733194305442582	1.86762996006143e-05
5.6245475	0.000736355695689874	1.51148409600626e-05
5.0112233	0.000739810903088653	1.76110965399201e-05
4.4642835	0.000741302962657503	1.59126545644902e-05
3.9819033	0.000739335906544155	1.77137966166871e-05
3.5479143	0.000741457099685863	1.83407443875938e-05
3.1629577	0.00074360723343164	1.75656893723355e-05
2.818361	0.000743750716507524	1.71586273080004e-05
2.5112481	0.000746237597146327	1.58493314419505e-05
2.2398233	0.000747996478347536	1.84514808525369e-05
1.9950197	0.000748510925929601	1.87352454810301e-05
1.7775893	0.00074759667396094	1.68620655720774e-05
1.5846864	0.000750656731456263	1.53593485769022e-05
1.4122353	0.000750013193707016	1.70927725861115e-05
1.2582541	0.000753108525010489	1.89571956665027e-05
1.1224822	0.000751593905229955	2.03856204978435e-05
1.0000616	0.00075536111862374	2.05622151348897e-05
0.89082122	0.000754013354802063	2.11845777060342e-05
0.79444051	0.000756088955678815	2.18479981413862e-05
0.70784986	0.000756985956392069	2.15402180571297e-05
0.63126236	0.000758855236096668	2.29451396065884e-05
0.562536	0.000761614524828832	2.16230026028697e-05
0.50118715	0.000761826322333299	2.0892159499746e-05
0.44642836	0.000763153947969956	2.34805321888155e-05
0.39821118	0.000765952866444302	2.65815511757567e-05
0.35475865	0.000767666065013683	2.72348266383635e-05
0.31619295	0.000769462479902264	2.78089972137003e-05
0.2819173	0.00077092228568509	2.86657180204823e-05
0.25117323	0.000772925028013007	3.10625662338779e-05
0.22391155	0.000774535683769815	3.17790157365022e-05
0.19957349	0.000775278658418691	3.23282604846376e-05
0.17779917	0.00077651890861763	3.44192383254313e-05
0.15846863	0.000779001254221664	3.52366592038855e-05
0.14123619	0.000782115686566737	3.59172766493911e-05
0.12590662	0.000783986754572598	3.91146549265207e-05
0.1122199	0.000785675682270364	4.09549399170912e-05
0.10002181	0.000787374133728748	4.09442527069236e-05
