10002.226	0.00116819810002145	-0.00952303701881158
8914.9326	0.00112875997502653	-0.00852469685673954
7943.9951	0.00108901554600637	-0.00762852985796684
7081.583	0.00105519001308118	-0.00683260420736297
6307.7358	0.00102355944185533	-0.0061127123507077
5622.5879	0.00099309141692452	-0.00547179914240811
5011.603	0.000961819735835106	-0.0048987528586608
4466.4292	0.000938670397843371	-0.00438804134642391
3981.2773	0.000915474939111061	-0.00392889619093007
3548.8679	0.000892307078143172	-0.00351884837923221
3163.0398	0.00087613073742577	-0.00314922953748188
2819.0986	0.000856376032338302	-0.00281957463764903
2512.4104	0.000840921595196359	-0.00252707386531874
2239.2869	0.000824613230609022	-0.0022630485655577
1995.6381	0.00081195693196691	-0.00202796182250098
1778.2897	0.000799067974203583	-0.00181733116069118
1584.4927	0.000788414774657128	-0.00162781885135696
1412.7418	0.000776117665718342	-0.00146143578728843
1258.7905	0.000764937158887038	-0.0013080325604771
1121.7966	0.000756448585317901	-0.00117681057956371
999.68164	0.000745802215099905	-0.00105146791074748
891.42474	0.000740067390055257	-0.000945379567524287
794.23932	0.000732602004942284	-0.000850981792634957
707.96161	0.000726325867488216	-0.000759050328861075
631.00977	0.000716969889847973	-0.000683074522477939
562.33929	0.000712032925363919	-0.000611499605701372
501.12231	0.000705151252665552	-0.000548782350487466
446.57214	0.000701580256742771	-0.000488224192411454
398.08899	0.000695841803269433	-0.000437433387419556
354.88681	0.000690969531258782	-0.000391665947132706
316.31589	0.000687887198433897	-0.000348476999507275
281.8942	0.00068673458937246	-0.00030970974330521
251.20601	0.000681458411421681	-0.00027464570754977
223.92496	0.000682678005476594	-0.000242701405316242
199.55338	0.000680628604118657	-0.000213574261679596
177.78128	0.000677562821065422	-0.000186710899260277
158.52898	0.000678493153790247	-0.000162148132756279
141.21979	0.000678625045999703	-0.000142399446947359
125.92673	0.000679407672082694	-0.000123002748065696
112.19009	0.000681703740263794	-0.000106387308044096
99.968163	0.000682230842025548	-8.99642110007936e-05
89.115646	0.000684225388739491	-7.4885762421878e-05
79.415741	0.000687186058823032	-6.27703154305968e-05
70.793182	0.000689871917362104	-5.01435285709287e-05
63.082279	0.000691158963041349	-4.10387804744643e-05
56.241825	0.000695448394599996	-3.01374527666286e-05
50.112232	0.000697502476712477	-2.36680513407766e-05
44.671223	0.000699533475398098	-1.97669030549241e-05
39.808899	0.000704276374115449	-1.38711155620691e-05
35.488308	0.000706363406331605	-8.21514663602783e-06
31.629578	0.000709860732736316	-1.87746420500135e-06
28.187037	0.000712738208849789	1.59761512293066e-06
25.120602	0.000714836302108302	5.3775437129582e-06
22.385418	0.000719784039770942	8.34615695115146e-06
19.955338	0.00072068925521627	9.51984088924963e-06
17.775894	0.000725989266766954	1.08285159045723e-05
15.846864	0.000726661936398858	9.69787678514202e-06
14.127493	0.00072997078511189	1.151455168972e-05
12.587309	0.000731716741882148	1.31165279955101e-05
11.216775	0.000733167367778088	1.4671281838064e-05
9.9968166	0.000736801113163372	1.35134595666548e-05
8.9082127	0.000737580775158	1.48227134992059e-05
7.9395623	0.000737659908536666	1.67128389019254e-05
7.0765615	0.00074194303941913	1.67110238900124e-05
6.3105822	0.00074244897285526	1.70495226948114e-05
5.6245475	0.000743367609911684	1.5272161682704e-05
5.0112233	0.000745174169050539	1.7626423345457e-05
4.4642835	0.00074626693428368	1.75164574413098e-05
3.9819033	0.000747503337403532	1.39738383937683e-05
3.5479143	0.000749092592468578	1.60358724305266e-05
3.1629577	0.000751037779877443	1.7488057312868e-05
2.818361	0.00075176700864056	1.56425712202922e-05
2.5112481	0.00075242988604788	1.69409522630777e-05
2.2398233	0.000752055567610707	1.83007238615233e-05
1.9950197	0.000754306605149526	1.50461310918815e-05
1.7775893	0.000756269184673842	1.91075388103354e-05
1.5846864	0.000755428665551716	1.98078480122351e-05
1.4122353	0.000757268420385971	1.61619517400401e-05
1.2582541	0.000757387707308211	1.84572526572718e-05
1.1224822	0.000759660833911643	1.93005846921009e-05
1.0000616	0.000761737212653662	2.14821526615103e-05
0.89082122	0.000762894189595989	1.99671704067108e-05
0.79444051	0.000762873191959774	2.26772224788877e-05
0.70784986	0.000765840285529985	1.9785007627755e-05
0.63126236	0.00076524261959642	2.10818435516717e-05
0.562536	0.000768649531102139	2.25684767009938e-05
0.50118715	0.000771781358372824	2.34292888461203e-05
0.44642836	0.000770309428437836	2.52322895465514e-05
0.39821118	0.000773792606315373	2.49989040751081e-05
0.35475865	0.000773794603892097	2.77908345749402e-05
0.31619295	0.000775601982912293	2.7928067833317e-05
0.2819173	0.0007779396967783	2.88514607304938e-05
0.25117323	0.00077920362495329	2.81467130639332e-05
0.22391155	0.000779071427447018	3.1882978481482e-05
0.19957349	0.000782315054909942	3.32390681176808e-05
0.17779917	0.000784179259815322	3.35789632657566e-05
0.15846863	0.00078639805365167	3.72432772052967e-05
0.14123619	0.000787766354581907	3.56778412872621e-05
0.12590662	0.000790057345908346	3.85092923335808e-05
0.1122199	0.000793244389695983	4.14228299321476e-05
0.10002181	0.000794870928785186	4.39609852525761e-05
