10002.226	0.00116909522539583	-0.00952545486976743
8914.9326	0.00112609161086922	-0.00852422150368638
7943.9951	0.00108995196528512	-0.00762986941080957
7081.583	0.00105443349372827	-0.00683257713326695
6307.7358	0.00102346785841382	-0.00611229746242406
5622.5879	0.000991554556951855	-0.00547347774707864
5011.603	0.000962838677078279	-0.00490209068909975
4466.4292	0.000939113002731386	-0.00438409547405321
3981.2773	0.000914844369060721	-0.00392748473852744
3548.8679	0.00089083338432381	-0.00351733987549971
3163.0398	0.000875038604764976	-0.00314939562636065
2819.0986	0.000854696863308866	-0.0028199169335378
2512.4104	0.000839552267005916	-0.00252673411028943
2239.2869	0.000825093443270219	-0.00226528150118902
1995.6381	0.00081286728361265	-0.00202852132741672
1778.2897	0.000797871681512052	-0.00181697733885038
1584.4927	0.000787767651523446	-0.00163031476985961
1412.7418	0.000775628562627893	-0.0014609173632593
1258.7905	0.000766660616673394	-0.0013101142072954
1121.7966	0.000758227943553089	-0.00117650790464289
999.68164	0.000747750718185013	-0.00105386654618867
891.42474	0.000739523928351306	-0.000944166129483643
794.23932	0.000733085771988056	-0.000847015548602279
707.96161	0.00072525867236427	-0.000761768248780129
631.00977	0.000719615250726295	-0.000680959200175629
562.33929	0.000711754550798176	-0.000610197901234255
501.12231	0.000706801382188172	-0.000548016377224509
446.57214	0.000702468481691732	-0.000490293053890309
398.08899	0.000696600387597511	-0.000437974722938566
354.88681	0.000690943054234267	-0.00039044907583332
316.31589	0.000689878567569427	-0.000345437664310436
281.8942	0.000683447856051109	-0.000311212474205265
251.20601	0.000681421888693111	-0.000273294378549347
223.92496	0.000679217782992055	-0.000242392182554749
199.55338	0.000678764642630341	-0.000215152912749466
177.78128	0.000679140741918219	-0.000186705755169321
158.52898	0.000679535435991811	-0.000164462656947678
141.21979	0.000678071579755714	-0.000142931774279564
125.92673	0.000679103537427048	-0.000123359452801612
112.19009	0.000679983866595518	-0.000106949915746529
99.968163	0.000680866196794804	-8.95913571030569e-05
89.115646	0.000686122348281297	-7.47107089221663e-05
79.415741	0.000686165169606787	-6.25205806655859e-05
70.793182	0.000690033792597605	-5.04461041824886e-05
63.082279	0.000692859975850875	-4.23777041811409e-05
56.241825	0.000696318083875601	-3.13194208802655e-05
50.112232	0.000697467870999672	-2.28966779886859e-05
44.671223	0.000699270290999807	-1.83137803780438e-05
39.808899	0.000703124824021154	-1.2779323899079e-05
35.488308	0.000706975401352837	-7.67325579906275e-06
31.629578	0.000710932599697943	-2.35887902546875e-06
28.187037	0.000713251848496491	1.30080531791804e-06
25.120602	0.000715839390504851	4.14110850702388e-06
22.385418	0.000718837999893673	6.36199758185939e-06
19.955338	0.000720986191301183	1.06963849612494e-05
17.775894	0.000725048446832273	1.04969752049013e-05
15.846864	0.00072761549715076	1.11109273152581e-05
14.127493	0.000729919402763342	1.2609379391469e-05
12.587309	0.000732491506383936	1.35630702284066e-05
11.216775	0.000731682756203223	1.50898041845875e-05
9.9968166	0.00073566401248844	1.48600434669937e-05
8.9082127	0.000736935342022572	1.61209054272081e-05
7.9395623	0.000737383344841046	1.5330729805251e-05
7.0765615	0.000740587354073232	1.74228502555503e-05
6.3105822	0.000743013617671867	1.64710756644918e-05
5.6245475	0.000743519911899979	1.39710192802653e-05
5.0112233	0.000747550974156476	1.85542117220309e-05
4.4642835	0.000745522984829069	1.41108696892609e-05
3.9819033	0.000747813233716676	1.69443823335275e-05
3.5479143	0.000747855328344631	1.90412437609779e-05
3.1629577	0.000750961049542021	1.72876499773723e-05
2.818361	0.000749589240136232	1.6433038220179e-05
2.5112481	0.000751750681873918	1.67858250852624e-05
2.2398233	0.000754698797819595	1.6865669077804e-05
1.9950197	0.000754103941217104	1.8641154603795e-05
1.7775893	0.0007559530840771	1.78934445064243e-05
1.5846864	0.000756626578397759	1.86229751624886e-05
1.4122353	0.000757595883191746	1.93331215342643e-05
1.2582541	0.000758810018782049	2.03128843416481e-05
1.1224822	0.000760758238493281	1.94286391233936e-05
1.0000616	0.000761533759580702	1.87320323590977e-05
0.89082122	0.000762118257373093	2.08777004448973e-05
0.79444051	0.000763298346389883	2.00267281571447e-05
0.70784986	0.000765946470679664	2.21552223164306e-05
0.63126236	0.000768549636809906	2.14290750656161e-05
0.562536	0.00076635147442322	2.34264366238286e-05
0.50118715	0.000769343033853305	2.38155983306533e-05
0.44642836	0.00077185906896162	2.31765884569665e-05
0.39821118	0.000771720158433954	2.576536019313e-05
0.35475865	0.000774981795675444	2.70281378963985e-05
0.31619295	0.000775518570219916	2.83084254513494e-05
0.2819173	0.000776532272803575	2.76502845997715e-05
0.25117323	0.000780534366766654	2.90592732719862e-05
0.22391155	0.000781170278104138	3.19608222380789e-05
0.19957349	0.000782617484960706	3.0991326663557e-05
0.17779917	0.000786000720592983	3.48138678863477e-05
0.15846863	0.000785885011556401	3.58868758673496e-05
0.14123619	0.000789069699111848	3.72698220317144e-05
0.12590662	0.000791252551021851	3.8153137391107e-05
0.1122199	0.000792481740970929	4.08689245970731e-05
0.10002181	0.000795704425200221	4.19986583061934e-05
