10002.226	0.0011923653803303	-0.00953999714770446
8914.9326	0.00115347650316578	-0.00853966785695589
7943.9951	0.00111658918998321	-0.00764283064124964
7081.583	0.00107938879835833	-0.00684279084915731
6307.7358	0.00104905683905523	-0.006124292710621
5622.5879	0.00101710003758569	-0.00548191130563847
5011.603	0.000987274804817607	-0.00491019383440621
4466.4292	0.000963764189178982	-0.00439338478211278
3981.2773	0.000939766395415553	-0.00393363232538673
3548.8679	0.000916065888964366	-0.00352180731901967
3163.0398	0.000898180306614818	-0.00315471855733481
2819.0986	0.00088214901442923	-0.00282564484243338
2512.4104	0.000866137795539114	-0.00253050272468664
2239.2869	0.000850113051469604	-0.00226858847289101
1995.6381	0.000836637719613282	-0.00203103696172905
1778.2897	0.000825454605349669	-0.00182052064540491
1584.4927	0.000812358357211093	-0.00163059590037512
1412.7418	0.00079916499694043	-0.00146161872496045
1258.7905	0.000791192201176578	-0.00131075246942701
1121.7966	0.000782263370449305	-0.00117719296419612
999.68164	0.000773612321935237	-0.00105492012903889
891.42474	0.000764225959633464	-0.000947396983725246
794.23932	0.00075787944063165	-0.00084780256889871
707.96161	0.000749093658799768	-0.000760396237595233
631.00977	0.000742405926383766	-0.000684589161836343
562.33929	0.000737420024126027	-0.000611424233217292
501.12231	0.00073118461253968	-0.000549428825206679
446.57214	0.000726951210996267	-0.000490912907125026
398.08899	0.000721558148054022	-0.000438958251517029
354.88681	0.00071670916610291	-0.000391142539186286
316.31589	0.000713290330638222	-0.000346870534763241
281.8942	0.000710200568244246	-0.000310684449428921
251.20601	0.00070604323355395	-0.000274261724165665
223.92496	0.000704600298851793	-0.000242932277410336
199.55338	0.000705470415106852	-0.000212917724950988
177.78128	0.00070272209038629	-0.00018799267903633
158.52898	0.000703554528828752	-0.000164318975798153
141.21979	0.000702129290346574	-0.000143665140045763
125.92673	0.0007016083341049	-0.000123226866777928
112.19009	0.000707116192567855	-0.000107419602998284
99.968163	0.000706224839806364	-8.98637931222827e-05
89.115646	0.000708461147170457	-7.70157328485636e-05
79.415741	0.000710729057851692	-6.23613273040732e-05
70.793182	0.000714546753157624	-4.89564773662639e-05
63.082279	0.000714891846471353	-3.95598218172723e-05
56.241825	0.00071952464107339	-3.21129333944421e-05
50.112232	0.000724136184937942	-2.26832417721636e-05
44.671223	0.000724808565513421	-1.91592667347891e-05
39.808899	0.000727326226803974	-1.16581996307434e-05
35.488308	0.000731231037058149	-8.68140173791804e-06
31.629578	0.000733368756475786	-2.03621450656103e-06
28.187037	0.000737692290404886	-7.58698568364144e-07
25.120602	0.000739237665342106	5.02475336505964e-06
22.385418	0.000742061348360308	6.23479435127974e-06
19.955338	0.000745283346357614	8.07065279539752e-06
17.775894	0.000749068492059632	1.12391842298069e-05
15.846864	0.000750862614646966	1.05973242306882e-05
14.127493	0.000753635697471325	1.26646929968451e-05
12.587309	0.000755808644341291	1.32563907425305e-05
11.216775	0.000755922168306022	1.39632123679755e-05
9.9968166	0.000761942217374147	1.25458017005379e-05
8.9082127	0.000761139395316295	1.50309824090392e-05
7.9395623	0.000761422530406553	1.57137888150731e-05
7.0765615	0.000765368044989089	1.64705253745824e-05
6.3105822	0.000767638735565445	1.67238064232863e-05
5.6245475	0.000768745574287009	1.59443754631354e-05
5.0112233	0.000771863912827556	1.77015941781945e-05
4.4642835	0.000771204644899162	1.51716194453946e-05
3.9819033	0.00077198116192567	1.69576995724869e-05
3.5479143	0.000772528671903443	1.73246926023004e-05
3.1629577	0.000773764110490567	1.80112922707704e-05
2.818361	0.000775116116576958	1.63104544702975e-05
2.5112481	0.000778214461417137	1.59051782934442e-05
2.2398233	0.000778009125898573	1.66291785458559e-05
1.9950197	0.000777539725270188	1.62526837710881e-05
1.7775893	0.000779512785146644	1.91237840506196e-05
1.5846864	0.000781901482281707	1.72752490032559e-05
1.4122353	0.000781365587752785	2.04200701219515e-05
1.2582541	0.000782587059718034	1.96685204324301e-05
1.1224822	0.000785844646760004	1.96537177284174e-05
1.0000616	0.000785018667571308	1.88916650485808e-05
0.89082122	0.000786456254796114	2.03092728618296e-05
0.79444051	0.000789913072119689	2.16995216840545e-05
0.70784986	0.000789288074984848	2.09646723740795e-05
0.63126236	0.000792512319130196	2.19131673378894e-05
0.562536	0.000792416575696239	2.16831539906334e-05
0.50118715	0.000793701670266109	2.36887248658634e-05
0.44642836	0.000797234658434268	2.26179377427933e-05
0.39821118	0.000799002277990393	2.40649214533508e-05
0.35475865	0.000798376988227362	2.68298334051797e-05
0.31619295	0.000800093827679355	2.74221556765877e-05
0.2819173	0.00080299057113869	2.65614377956914e-05
0.25117323	0.000802207542803029	3.0523684587677e-05
0.22391155	0.000805272225393699	3.02263682922273e-05
0.19957349	0.000806171626843316	3.05501253673214e-05
0.17779917	0.000807858451757537	3.4151340239893e-05
0.15846863	0.000810683254959747	3.49661757220561e-05
0.14123619	0.000813443904849123	3.60179888276582e-05
0.12590662	0.000814849549010958	3.92200946414583e-05
0.1122199	0.000818060870040288	3.91831125225342e-05
0.10002181	0.000818998714870209	4.17827065453524e-05
