10002.226	0.00119252713164644	-0.00954062314481622
8914.9326	0.00115342105484053	-0.00853853796682328
7943.9951	0.00111406361644443	-0.00764259938265649
7081.583	0.00108028848314904	-0.00684195846181843
6307.7358	0.00104899282863203	-0.0061223783238091
5622.5879	0.00101493925759366	-0.00548308486700106
5011.603	0.000990145677303348	-0.00490938072191033
4466.4292	0.000963163349127274	-0.00439469335721744
3981.2773	0.000939717660887434	-0.00393762745988719
3548.8679	0.000918501589243741	-0.00352492399232388
3163.0398	0.000899192959855813	-0.0031553882982489
2819.0986	0.00088191656821823	-0.0028249693491183
2512.4104	0.000864341748276404	-0.00253095515861024
2239.2869	0.000849588941011917	-0.00226825476597122
1995.6381	0.000834824604955471	-0.00203191974551381
1778.2897	0.000822782744227407	-0.00181769778945704
1584.4927	0.000811988155171825	-0.00163079632021548
1412.7418	0.000798746481170952	-0.00146422906867647
1258.7905	0.000792192726637425	-0.00131223660286084
1121.7966	0.000781131850158655	-0.00117725744110664
999.68164	0.000773561001425972	-0.0010550192489692
891.42474	0.000766179771359057	-0.000946639459056925
794.23932	0.000758397376871384	-0.00084783544388134
707.96161	0.000749732155832627	-0.00076104351217382
631.00977	0.000743230530307115	-0.000684027316806974
562.33929	0.000738143487026663	-0.000612184299137135
501.12231	0.000730734366605208	-0.000548094485970196
446.57214	0.000726269870753927	-0.000488633206428607
398.08899	0.00071897167324676	-0.000439650594487497
354.88681	0.00071708338785959	-0.000390939853166419
316.31589	0.000713340977415019	-0.000347192454333311
281.8942	0.000711213343455043	-0.000310039212864283
251.20601	0.000706886295543642	-0.000273218578327578
223.92496	0.000705586470590612	-0.000243637508365166
199.55338	0.000705179123205067	-0.000214850946654678
177.78128	0.00070325432159821	-0.000186445811169644
158.52898	0.000702832845702126	-0.000164694389819319
141.21979	0.0007008741809105	-0.000142195693861228
125.92673	0.000702205472210696	-0.000123508881666019
112.19009	0.000706178118145394	-0.000105827723017069
99.968163	0.000707523489967147	-8.9180740912254e-05
89.115646	0.000709733400416081	-7.65624273234952e-05
79.415741	0.000711516863379805	-6.4006535794857e-05
70.793182	0.000714459919247292	-5.17691080942658e-05
63.082279	0.000716347892006077	-4.21837658980536e-05
56.241825	0.000722315161917462	-3.27663928649857e-05
50.112232	0.00072137162633483	-2.4001501744302e-05
44.671223	0.000724348224466954	-1.81787567159324e-05
39.808899	0.000728139917656495	-1.2016338489282e-05
35.488308	0.000731332843113269	-7.86102725786611e-06
31.629578	0.000736425565076715	-2.89536116457782e-06
28.187037	0.000736832025566071	8.2762008350247e-07
25.120602	0.000739715506296839	4.65552484632921e-06
22.385418	0.00074303313907947	5.68349592069667e-06
19.955338	0.000744302981424862	7.05897052249138e-06
17.775894	0.000749697515056904	1.14118017717155e-05
15.846864	0.00075066675091931	1.19401085273408e-05
14.127493	0.000753942393919394	1.34843000914329e-05
12.587309	0.00075534907267645	1.35669648294592e-05
11.216775	0.000758122986017074	1.42588174878038e-05
9.9968166	0.00076024103605936	1.37634540453027e-05
8.9082127	0.000761117771363766	1.29868477825764e-05
7.9395623	0.000764403558961861	1.6750903088207e-05
7.0765615	0.000763130657219259	1.7507702836119e-05
6.3105822	0.000765550756276076	1.78551301225851e-05
5.6245475	0.000768090594849409	1.79793634284033e-05
5.0112233	0.000769139021607067	1.83242410774368e-05
4.4642835	0.000770110785989239	1.6424222737199e-05
3.9819033	0.000771867306657525	1.65774512346608e-05
3.5479143	0.00077322542360513	1.61130976850449e-05
3.1629577	0.000775177623662018	1.76947600267099e-05
2.818361	0.000776185318864944	1.66550094503605e-05
2.5112481	0.000778219986683194	1.59888744988098e-05
2.2398233	0.000776159035117691	1.61662975541345e-05
1.9950197	0.000777289266491442	1.71540098096607e-05
1.7775893	0.00077915270927209	1.75812436597218e-05
1.5846864	0.000782143411820815	1.81591929366405e-05
1.4122353	0.000781139971537435	1.78609280971422e-05
1.2582541	0.000782340397140198	1.88832304861348e-05
1.1224822	0.00078305734486237	2.04202883872276e-05
1.0000616	0.000784404203530217	1.95160402086815e-05
0.89082122	0.000786740770596418	1.9767366444406e-05
0.79444051	0.000787808261767217	2.2681856214275e-05
0.70784986	0.000788562468738719	2.11483401714589e-05
0.63126236	0.000789380700493949	2.23540099746587e-05
0.562536	0.000793644091356797	2.3590844365541e-05
0.50118715	0.000792540165693495	2.46452357017322e-05
0.44642836	0.000795750486403236	2.58495826877749e-05
0.39821118	0.000798958654342878	2.60204957963972e-05
0.35475865	0.000797307304612234	2.72210398123257e-05
0.31619295	0.000799749548915461	2.93911152012925e-05
0.2819173	0.000800424871553003	2.77869494156734e-05
0.25117323	0.000801791823312527	2.85302414922986e-05
0.22391155	0.000805231591891299	2.90937925398035e-05
0.19957349	0.000805737618654227	3.13426465516937e-05
0.17779917	0.000808193356188601	3.40373720657152e-05
0.15846863	0.000810477861200306	3.25229164991717e-05
0.14123619	0.000810948984586582	3.75994020766594e-05
0.12590662	0.000815855331799142	3.68330398438095e-05
0.1122199	0.000817280797720116	4.06281483751555e-05
0.10002181	0.000820529939362269	4.2503945947044e-05
