10002.226	0.00119337750576085	-0.00953771930781446
8914.9326	0.00115018913512007	-0.00853907537799734
7943.9951	0.00111156571315659	-0.00764342517964424
7081.583	0.00108042214844183	-0.00684195510925129
6307.7358	0.00104771643386005	-0.00612435278791603
5622.5879	0.00101741391121233	-0.0054825020000546
5011.603	0.000988602744795333	-0.00490891149726687
4466.4292	0.000964547968634421	-0.00439513939421738
3981.2773	0.000939915894988682	-0.00393457266862997
3548.8679	0.000916494883021844	-0.00352479295074353
3163.0398	0.000897497463630792	-0.00315690874621662
2819.0986	0.000881029895130474	-0.00282429335154984
2512.4104	0.00086658788213986	-0.0025292976752707
2239.2869	0.000850573894145537	-0.00226780050097432
1995.6381	0.000835711536912376	-0.00203065701843151
1778.2897	0.000822631087898855	-0.00182095616682212
1584.4927	0.000811546514355656	-0.00163100810454044
1412.7418	0.000800424826858789	-0.00146310558265734
1258.7905	0.000791024100820025	-0.00131057799449938
1121.7966	0.000781637117318689	-0.00117723479354082
999.68164	0.000773277590425696	-0.00105309308825163
891.42474	0.000763467165875194	-0.000948292125318763
794.23932	0.000757754213789493	-0.000848507721064913
707.96161	0.000749339230354432	-0.000761363259350827
631.00977	0.000743562200625281	-0.000683214781101531
562.33929	0.000735759412724075	-0.000611669322653829
501.12231	0.000732083931190387	-0.000548929445190673
446.57214	0.000726198547233472	-0.000489199949840903
398.08899	0.000719428140552675	-0.00043860504692603
354.88681	0.000715742488685086	-0.00039068258529642
316.31589	0.000714676356942391	-0.000347729871138687
281.8942	0.000708643607126363	-0.000307778257176326
251.20601	0.000706085402172002	-0.000275823817641713
223.92496	0.0007065068728559	-0.000242482842252247
199.55338	0.000706659037760753	-0.000214965360813024
177.78128	0.000702986666782711	-0.000187433606169177
158.52898	0.000703805101640355	-0.000164097950917816
141.21979	0.000703746689193099	-0.00014107472523438
125.92673	0.000704078674114337	-0.000123361589674436
112.19009	0.000705066119488102	-0.000107355319627781
99.968163	0.000706517048399668	-8.86641025513865e-05
89.115646	0.000709863721959717	-7.5782028886153e-05
79.415741	0.000709781452726635	-6.3766357329419e-05
70.793182	0.000713968621139202	-5.15222619036219e-05
63.082279	0.000715525494130166	-4.08661023862015e-05
56.241825	0.000718257117898277	-3.2319707922318e-05
50.112232	0.000723094772299584	-2.29970527549875e-05
44.671223	0.00072493209943852	-1.65127053867843e-05
39.808899	0.000728947403223131	-1.22572511245545e-05
35.488308	0.000730374566508835	-8.00592152725344e-06
31.629578	0.000732772971934926	-2.98843587595333e-06
28.187037	0.000737516342685131	5.33815958556038e-07
25.120602	0.000740387010707115	4.19865957709814e-06
22.385418	0.000743178642769685	7.09121848230112e-06
19.955338	0.000745707864337639	1.00834610419425e-05
17.775894	0.000749279919867342	1.15122154140976e-05
15.846864	0.000752570083864689	1.12007044540467e-05
14.127493	0.00075347660646691	1.31963320200961e-05
12.587309	0.000754825297913927	1.38425448621257e-05
11.216775	0.000758529094615671	1.54914788346861e-05
9.9968166	0.000760756486368261	1.3778787161419e-05
8.9082127	0.000760986146552331	1.59566693843714e-05
7.9395623	0.000763218973029648	1.64332698570412e-05
7.0765615	0.00076532735079304	1.63175394341244e-05
6.3105822	0.000765606126773172	1.77117642244996e-05
5.6245475	0.000768870154305875	1.66444814766362e-05
5.0112233	0.000770205793706461	1.59341904759858e-05
4.4642835	0.000772311621305963	1.62301858302491e-05
3.9819033	0.000771625913066481	1.73084723666081e-05
3.5479143	0.000772176267429581	1.77343180006391e-05
3.1629577	0.000774499409641238	1.94192873642036e-05
2.818361	0.00077480051871911	1.67997205597765e-05
2.5112481	0.000776640254887009	1.57582900854918e-05
2.2398233	0.000778728552169144	1.69380041989984e-05
1.9950197	0.000778628582064317	1.71517988611775e-05
1.7775893	0.000779698643391261	1.68551303059807e-05
1.5846864	0.000781752631070852	1.8409013902266e-05
1.4122353	0.000782081653514997	1.92976867527224e-05
1.2582541	0.000783057753166449	1.85846379347838e-05
1.1224822	0.000783874841743159	2.05079780427881e-05
1.0000616	0.000785782305260144	1.86892644374767e-05
0.89082122	0.000789150793965944	2.11910543091909e-05
0.79444051	0.000788022983879815	2.0484978196443e-05
0.70784986	0.000788894845799234	2.13660782655096e-05
0.63126236	0.000790068943099524	2.13885674138748e-05
0.562536	0.000793238196902722	2.11729731237048e-05
0.50118715	0.000792504054431566	2.34351975395742e-05
0.44642836	0.000797513820638815	2.39987456456738e-05
0.39821118	0.00079558886096433	2.63641864594286e-05
0.35475865	0.00079848918915067	2.49948754168147e-05
0.31619295	0.000799774605567108	2.73162898570709e-05
0.2819173	0.000801732718510723	2.92492838856604e-05
0.25117323	0.000804826568509191	2.87296565089498e-05
0.22391155	0.000806986201518293	2.97368614863599e-05
0.19957349	0.000807955542828726	3.15238848740161e-05
0.17779917	0.000807562238346993	3.34959944359051e-05
0.15846863	0.000811915516402331	3.64140802324271e-05
0.14123619	0.000810763587737066	3.82831352969238e-05
0.12590662	0.000817413290469099	3.88884474582319e-05
0.1122199	0.000817196188201744	3.82747616066061e-05
0.10002181	0.000819918966433725	4.09284517418929e-05
