10002.226	0.00119242131138111	-0.00953960763592272
8914.9326	0.00115425692265566	-0.00853854354706832
7943.9951	0.00111446629676252	-0.00764417494717646
7081.583	0.00108081912522551	-0.00684145914888686
6307.7358	0.00104918398586677	-0.00612318017523314
5622.5879	0.00101552676538151	-0.00548289431751096
5011.603	0.000987195508816404	-0.00490780391796453
4466.4292	0.000963893185574929	-0.00439203171476017
3981.2773	0.00093937890825445	-0.00393459193770433
3548.8679	0.000915764116993141	-0.00352394754014834
3163.0398	0.000898235879924296	-0.00315639397937445
2819.0986	0.000881382904980694	-0.00282429329226653
2512.4104	0.000864406554125934	-0.00253125625388353
2239.2869	0.000849569824049474	-0.0022673973586071
1995.6381	0.00083646888379056	-0.00202967927712451
1778.2897	0.000824109590122363	-0.00181893597253672
1584.4927	0.000811752827815053	-0.00162972032399778
1412.7418	0.000797597294278298	-0.0014624595751724
1258.7905	0.000790470408679427	-0.00131181986477212
1121.7966	0.000781710067316489	-0.00117639788153986
999.68164	0.000773292521369461	-0.00105478723180121
891.42474	0.000765167171175872	-0.000946096919198133
794.23932	0.00075730490008705	-0.00084920210968374
707.96161	0.00074985179633771	-0.000760375950213977
631.00977	0.000742864240403829	-0.000683151760606539
562.33929	0.00073792070056446	-0.000612625954391702
501.12231	0.000731582115449648	-0.000548132483840877
446.57214	0.000724277680276954	-0.000489719917563259
398.08899	0.000721397736214256	-0.000438671208014551
354.88681	0.000714454077978712	-0.000390275519132151
316.31589	0.000714205372448287	-0.000348319976676735
281.8942	0.000708529768908493	-0.00031102828251067
251.20601	0.000704464945995581	-0.000274005745985115
223.92496	0.000705108111190143	-0.000242330525501092
199.55338	0.000704805860023059	-0.000215451871266719
177.78128	0.000705487548852977	-0.000187026495500739
158.52898	0.000702827783722286	-0.000163841002089159
141.21979	0.00070332367814628	-0.000144134097907425
125.92673	0.000702844597121106	-0.000122852780709117
112.19009	0.00070590193629811	-0.000106568931317341
99.968163	0.000706653734872685	-8.87210281539555e-05
89.115646	0.000708676299349236	-7.45684877100423e-05
79.415741	0.00071092358090676	-6.27654489494574e-05
70.793182	0.000711950461106189	-4.99424581049349e-05
63.082279	0.000715946797280963	-4.17629053033095e-05
56.241825	0.000721560394180146	-3.13972953268155e-05
50.112232	0.000722229184099109	-2.35875635792146e-05
44.671223	0.000726783190465774	-2.00026294317173e-05
39.808899	0.000728039197633532	-1.38997151562112e-05
35.488308	0.000729953701090936	-6.993591938394e-06
31.629578	0.000734980293266651	-2.55481062461088e-06
28.187037	0.000737206389646309	9.74693081900365e-07
25.120602	0.000740290795799813	4.27127807870916e-06
22.385418	0.000742478127570245	6.24672656958834e-06
19.955338	0.00074655629954472	7.42968406440882e-06
17.775894	0.000748358930112252	1.10150209169568e-05
15.846864	0.000750403798479208	1.0884327795932e-05
14.127493	0.000754584211720143	1.34410719577629e-05
12.587309	0.000756476900623465	1.47022978421883e-05
11.216775	0.000758328305454851	1.3863270259404e-05
9.9968166	0.000759447717418296	1.43443685933162e-05
8.9082127	0.000759596712013754	1.43327637242209e-05
7.9395623	0.000762507800283824	1.48704600231663e-05
7.0765615	0.000763389041993649	1.79213219790767e-05
6.3105822	0.000767705980209574	1.64860253804041e-05
5.6245475	0.000768733671838875	1.51750899371419e-05
5.0112233	0.000769384178602876	1.63836765069487e-05
4.4642835	0.000771165755265271	1.61856379307308e-05
3.9819033	0.000773486769827295	1.78948642395166e-05
3.5479143	0.000772739515179516	1.72454721386763e-05
3.1629577	0.000774386017784198	1.71805917446823e-05
2.818361	0.00077662593614173	1.74803300209269e-05
2.5112481	0.000776129563055201	1.58154565517496e-05
2.2398233	0.000777223173526567	1.59352057629666e-05
1.9950197	0.000779037981162271	1.74156128073875e-05
1.7775893	0.000779828953943271	1.60234072703075e-05
1.5846864	0.000781790420211809	2.00821388914826e-05
1.4122353	0.000779784188729626	1.61079180024187e-05
1.2582541	0.0007833398923135	2.01670137571603e-05
1.1224822	0.00078540493979029	1.83995199006264e-05
1.0000616	0.000785995357797313	2.02867325586951e-05
0.89082122	0.000787647776633665	2.05136853115248e-05
0.79444051	0.000786471575284009	1.98166813808273e-05
0.70784986	0.000791544312194076	2.14596242468037e-05
0.63126236	0.00079365444904629	2.03593969694697e-05
0.562536	0.000791137642572607	2.22658624636007e-05
0.50118715	0.000794202552406611	2.43435575553685e-05
0.44642836	0.000796752450510812	2.49963117454063e-05
0.39821118	0.000796718591712055	2.60295148294864e-05
0.35475865	0.000796816414802439	2.67597669547953e-05
0.31619295	0.000798923128273501	2.73778241844305e-05
0.2819173	0.000802542442322301	2.78213292034642e-05
0.25117323	0.00080305094829764	3.00974559234809e-05
0.22391155	0.000804133116624863	3.11063295658353e-05
0.19957349	0.000807211460025217	3.21279975160032e-05
0.17779917	0.000807438548706703	3.2612062791126e-05
0.15846863	0.000809238705355866	3.35763994836636e-05
0.14123619	0.000810250576328498	3.72682852484092e-05
0.12590662	0.000814581598177887	3.85307851664613e-05
0.1122199	0.000816608556932179	3.96742140843118e-05
0.10002181	0.00081832460127631	4.13635359512292e-05
