10002.226	0.0011922261112126	-0.00946201624103031
8914.9326	0.00115073836247557	-0.00847148439083404
7943.9951	0.00111407088369867	-0.00758245745263597
7081.583	0.00107781443858321	-0.00678847068341372
6307.7358	0.00104815441674456	-0.00607200026895234
5622.5879	0.00101714737776139	-0.00543891348206999
5011.603	0.00098899014298504	-0.00486871172871749
4466.4292	0.000964078582712719	-0.00435840517212626
3981.2773	0.000939342278506113	-0.00390283273830308
3548.8679	0.000916044235990936	-0.00349510062664736
3163.0398	0.000898848507826794	-0.0031292703071633
2819.0986	0.000880879516322596	-0.00280462259585809
2512.4104	0.000864998895645351	-0.00251121545123739
2239.2869	0.000849620688706007	-0.00225103918102594
1995.6381	0.000836547397835585	-0.00201235191698202
1778.2897	0.000824074134707845	-0.00180525380788756
1584.4927	0.000810857861544465	-0.0016176412791404
1412.7418	0.000801451842038334	-0.00145114508524011
1258.7905	0.000792277946717022	-0.00129913111699469
1121.7966	0.000782348693667309	-0.00116804439943471
999.68164	0.000774101688744078	-0.00104536467568266
891.42474	0.000762960740406625	-0.000938532289420167
794.23932	0.000757979179118918	-0.000842010158469903
707.96161	0.000751070664823205	-0.000754074288229309
631.00977	0.000742420098349578	-0.000680501913270409
562.33929	0.000738732223969479	-0.000607371540122252
501.12231	0.000731285573130125	-0.000543751651644902
446.57214	0.000724404357946087	-0.000486525309695321
398.08899	0.000719397731616336	-0.00043574308281275
354.88681	0.000716399292534429	-0.000388607628002527
316.31589	0.000713809621311733	-0.000346016319081237
281.8942	0.000709836842383363	-0.000308673661325799
251.20601	0.000705087303182504	-0.000270695801889143
223.92496	0.000705448018770527	-0.000240622604302033
199.55338	0.000702720195016036	-0.00021379349273298
177.78128	0.000703478533436395	-0.000185389000960376
158.52898	0.000701692431430658	-0.000163397522878117
141.21979	0.000702162808881778	-0.000142672946765516
125.92673	0.000703398924962665	-0.000121213456829404
112.19009	0.000707308596428801	-0.000106682376071862
99.968163	0.000707216037980075	-8.98909941068256e-05
89.115646	0.000710659506161769	-7.57222019153049e-05
79.415741	0.00071212013862049	-6.18027294443608e-05
70.793182	0.000711856137383609	-5.21694261234169e-05
63.082279	0.000716203217484451	-4.05973205223866e-05
56.241825	0.000721106118958356	-3.16263232599761e-05
50.112232	0.000722805631443812	-2.28225141012755e-05
44.671223	0.00072424073072956	-1.72892850125212e-05
39.808899	0.000728716089279438	-1.23978265418091e-05
35.488308	0.000730569297824589	-6.95971638606265e-06
31.629578	0.000734915252872111	-2.93121938034601e-06
28.187037	0.00073777489507575	8.66879354078903e-07
25.120602	0.000738724440128521	4.25194998196717e-06
22.385418	0.000744259657064342	7.17059658841838e-06
19.955338	0.000747402547346977	9.38634204744427e-06
17.775894	0.000749301507602406	1.24034090541774e-05
15.846864	0.000752772642936304	1.12791836410208e-05
14.127493	0.000754053853270726	1.31527272207925e-05
12.587309	0.000755046683068746	1.19406363353805e-05
11.216775	0.000758422552959325	1.38489801359138e-05
9.9968166	0.000760338310721256	1.45800384344908e-05
8.9082127	0.000761741581836531	1.55685080358025e-05
7.9395623	0.000763337017259336	1.61518804794616e-05
7.0765615	0.0007644262976567	1.73984577829863e-05
6.3105822	0.000767394145457918	1.65302172869328e-05
5.6245475	0.000767560228637443	1.58839314062887e-05
5.0112233	0.000768815371478293	1.62644415581525e-05
4.4642835	0.000771763043670824	1.54851648172798e-05
3.9819033	0.000774001917188098	1.55705834982652e-05
3.5479143	0.000773792313500821	1.68144303265773e-05
3.1629577	0.000775697045623283	1.78148270759e-05
2.818361	0.000775071629043733	1.65307458571053e-05
2.5112481	0.000777026360459325	1.47775181429708e-05
2.2398233	0.000776831755968353	1.52304510533212e-05
1.9950197	0.000777221149718659	1.76178973796692e-05
1.7775893	0.000780051377782423	1.9987563656383e-05
1.5846864	0.000780534391709399	1.82613911707675e-05
1.4122353	0.000779526298415346	1.69437632096165e-05
1.2582541	0.000782668445104345	2.02331470591918e-05
1.1224822	0.000784961061904337	1.8912535955641e-05
1.0000616	0.0007858628812098	1.94420032305452e-05
0.89082122	0.000787460427734793	1.95953929272459e-05
0.79444051	0.000786868721819904	2.10637638249504e-05
0.70784986	0.000789371178115659	2.23768751321027e-05
0.63126236	0.000792274182434084	2.32785935547765e-05
0.562536	0.000792043112750571	2.37341252284393e-05
0.50118715	0.000791632000276783	2.22369380923176e-05
0.44642836	0.000794623663535238	2.45109870286627e-05
0.39821118	0.000798876701018007	2.40686703505817e-05
0.35475865	0.00079862413268737	2.61716656279999e-05
0.31619295	0.000800992082289884	2.77482170590228e-05
0.2819173	0.000800294935153519	2.89394096817059e-05
0.25117323	0.000802106011574956	3.03306137630899e-05
0.22391155	0.00080579290312095	3.09699410229229e-05
0.19957349	0.000806768701620836	3.13665506048794e-05
0.17779917	0.000808052232056789	3.08463169434458e-05
0.15846863	0.000811063039143233	3.52742154008312e-05
0.14123619	0.000813453909258873	3.49026695261669e-05
0.12590662	0.000815329151516068	3.68971193079671e-05
0.1122199	0.000818021736149289	3.75777805350068e-05
0.10002181	0.000821514844224201	4.22455863005151e-05
