10002.226	0.00119104464512662	-0.00946341724587745
8914.9326	0.00115056528537039	-0.00846905417870881
7943.9951	0.00111394454546684	-0.00758233296974234
7081.583	0.00108013678777386	-0.00678718365171093
6307.7358	0.00104727142084033	-0.00607323504214947
5622.5879	0.00101932864136873	-0.00543805165648321
5011.603	0.000987940785843469	-0.00487069691708904
4466.4292	0.000963081292464595	-0.0043569873659209
3981.2773	0.000939002303959992	-0.00390202011376651
3548.8679	0.000918836476028889	-0.00349620542903404
3163.0398	0.000898186584459241	-0.00312946944217746
2819.0986	0.000879766005854602	-0.00280109591642873
2512.4104	0.000863787100893042	-0.00251217834749371
2239.2869	0.00084964760538213	-0.00225081103120508
1995.6381	0.00083763759415413	-0.00201499298640485
1778.2897	0.000823311349363922	-0.00180633152080122
1584.4927	0.000808852541519399	-0.00161695719364871
1412.7418	0.000798580562296968	-0.00145128458886696
1258.7905	0.000792814804217592	-0.00130185901563753
1121.7966	0.000782420639660505	-0.00116787581071213
999.68164	0.00077379438192706	-0.00104607809358785
891.42474	0.000765045190558264	-0.000937416964249203
794.23932	0.000757585182154466	-0.000842885159938467
707.96161	0.000750040382698036	-0.000757039202015262
631.00977	0.000743871745729569	-0.000678144165953382
562.33929	0.000736368919079747	-0.000607435644451074
501.12231	0.000731943929442892	-0.00054398168022153
446.57214	0.000726950900241885	-0.000486507067493894
398.08899	0.000720366045428032	-0.00043585789574595
354.88681	0.000717410874692542	-0.000388192770752405
316.31589	0.000714236849683236	-0.000346270143550225
281.8942	0.000709528987664103	-0.000307975253272646
251.20601	0.000705726576212166	-0.000273806411110633
223.92496	0.00070534728166191	-0.000238671254320112
199.55338	0.000704638735381996	-0.000212276119020143
177.78128	0.000701928529601857	-0.000185301482575345
158.52898	0.000703335949411653	-0.000160965796740945
141.21979	0.000703800866988537	-0.000142200152923071
125.92673	0.000702882964569378	-0.000122338175876343
112.19009	0.000704794511897485	-0.000104294686335447
99.968163	0.000705985073731855	-8.61443938888196e-05
89.115646	0.000709786558745005	-7.46969699582549e-05
79.415741	0.000712357405584486	-6.21136097059433e-05
70.793182	0.000715282604094655	-5.06122820921026e-05
63.082279	0.000716798193806395	-4.12181739425219e-05
56.241825	0.000720594237352992	-3.13394863178826e-05
50.112232	0.000722854459915935	-2.45108305422949e-05
44.671223	0.000725880500951378	-1.81007626971144e-05
39.808899	0.000729727825745528	-1.35955590181227e-05
35.488308	0.000732452677477245	-6.31630968600013e-06
31.629578	0.00073386810989875	-2.68986909348837e-06
28.187037	0.000734764045948913	-7.73559592227892e-07
25.120602	0.000741321611110157	2.79259415715509e-06
22.385418	0.000742880957636737	7.73435689974919e-06
19.955338	0.000745220909464291	9.02985355340222e-06
17.775894	0.000747979132651205	1.03833907021864e-05
15.846864	0.000752994845222773	1.18303296776755e-05
14.127493	0.000753199044998208	1.18424118691058e-05
12.587309	0.000754540983250755	1.26192350084041e-05
11.216775	0.000757030186092057	1.24978708992289e-05
9.9968166	0.000758231093650381	1.39790914631065e-05
8.9082127	0.000761706722698106	1.49424104222676e-05
7.9395623	0.000762615886130732	1.53259041557689e-05
7.0765615	0.000763994379856837	1.80420356312086e-05
6.3105822	0.000765716836147609	1.72641252010503e-05
5.6245475	0.000768028234109701	1.55835384656816e-05
5.0112233	0.000770472222445337	1.66167485754227e-05
4.4642835	0.000771036622431656	1.47629014982777e-05
3.9819033	0.000772349099134229	1.80793236011222e-05
3.5479143	0.00077040547833718	1.65043412570619e-05
3.1629577	0.000773751817189932	1.85999497220065e-05
2.818361	0.0007768506831461	1.64453626007664e-05
2.5112481	0.000777570688292085	1.65212526599839e-05
2.2398233	0.000777440222559456	1.82075848857038e-05
1.9950197	0.000777951039200952	1.69669686852727e-05
1.7775893	0.000778552884439301	1.60462729542064e-05
1.5846864	0.000780076383873092	1.74787127056889e-05
1.4122353	0.000780926654081493	2.07746398631412e-05
1.2582541	0.000783719221443911	1.93276447730906e-05
1.1224822	0.000783852486865443	1.93186307310382e-05
1.0000616	0.000787735631199329	1.7873208573406e-05
0.89082122	0.00078635012454265	2.08867927232199e-05
0.79444051	0.000788625054270346	2.20520647016457e-05
0.70784986	0.000788852492940836	2.13854607613869e-05
0.63126236	0.0007900611391149	2.12250131134983e-05
0.562536	0.000791448742821513	2.38819570399044e-05
0.50118715	0.000792407261727211	2.14695451108294e-05
0.44642836	0.000794938126958091	2.47845184483591e-05
0.39821118	0.000797585142207134	2.46697333339361e-05
0.35475865	0.000797551343878694	2.52895917348038e-05
0.31619295	0.000798650372664937	2.74733530514682e-05
0.2819173	0.000800732345647303	2.77814911120719e-05
0.25117323	0.000802955447309919	2.89251901838924e-05
0.22391155	0.000804414583638369	3.0088341872492e-05
0.19957349	0.000807184712203288	3.26698169656179e-05
0.17779917	0.000807324514486057	3.19263228077672e-05
0.15846863	0.000808147216906257	3.38343005618056e-05
0.14123619	0.000812605112332027	3.80708979573029e-05
0.12590662	0.00081444950528031	3.91771324822559e-05
0.1122199	0.000818886296470739	4.01412968904471e-05
0.10002181	0.000818917004639235	4.29806567413246e-05
