10002.226	0.00119382971408932	-0.00946289317580722
8914.9326	0.00115159561059723	-0.00846936373097433
7943.9951	0.00111468192576578	-0.0075818231845671
7081.583	0.00107946686131533	-0.00678746380461841
6307.7358	0.00104747235049516	-0.0060728604182839
5622.5879	0.00101726617311713	-0.00543835166028213
5011.603	0.000987281490181011	-0.00486951694296794
4466.4292	0.0009637423805699	-0.00435793221782138
3981.2773	0.000937920009785375	-0.00390084825531334
3548.8679	0.000916172437535578	-0.00349312502240996
3163.0398	0.000897655995786746	-0.00312988631986941
2819.0986	0.000881246297657864	-0.0028033819872124
2512.4104	0.000866106069679989	-0.00251115146878802
2239.2869	0.000850929237857516	-0.00225034649357218
1995.6381	0.000835242074062732	-0.00201494963131512
1778.2897	0.000822728604769295	-0.00180471761258104
1584.4927	0.000811944232827045	-0.00161856630846732
1412.7418	0.00079936804375253	-0.00144989118985158
1258.7905	0.000792335861767902	-0.0013004230516132
1121.7966	0.000782711015721287	-0.0011662277890929
999.68164	0.000773365180287704	-0.00104397513862255
891.42474	0.000766880568144004	-0.000937066751429901
794.23932	0.00075677177600802	-0.000841693182788444
707.96161	0.000748983575014242	-0.000754954452767803
631.00977	0.000742753564704656	-0.000678020076492026
562.33929	0.000737777781385266	-0.000606325334027205
501.12231	0.000731635837380641	-0.000545537770168818
446.57214	0.000725935985881331	-0.000485752179815514
398.08899	0.000720119322720772	-0.000434075162127316
354.88681	0.000716229097050375	-0.000388329383917894
316.31589	0.000715454615822138	-0.000345463067779266
281.8942	0.000711744989636281	-0.000307766735848183
251.20601	0.000707368817251866	-0.000273027400895983
223.92496	0.000703374182837058	-0.000241496239452769
199.55338	0.00070412927858967	-0.000212655890218808
177.78128	0.000704469067488815	-0.00018592307125262
158.52898	0.000702618075973207	-0.00016240064735968
141.21979	0.000701727927646309	-0.000144030850646596
125.92673	0.000703931242236944	-0.000121382369912838
112.19009	0.000705728000977869	-0.000106860945142232
99.968163	0.000707249692014687	-8.78657206722124e-05
89.115646	0.000709646290356258	-7.44528737647476e-05
79.415741	0.000709854598921366	-6.39789128022795e-05
70.793182	0.000712542267928134	-5.0187776552619e-05
63.082279	0.000715641605732548	-4.07368874556988e-05
56.241825	0.000719722023315593	-3.32487749966941e-05
50.112232	0.00072179980067942	-2.05924286246335e-05
44.671223	0.00072281055000578	-1.77216145991592e-05
39.808899	0.000727838295144558	-1.26717352587226e-05
35.488308	0.00073166278998184	-6.27482071363576e-06
31.629578	0.000734585186402468	-2.25311212325529e-06
28.187037	0.000736497135834056	-3.51632955974289e-07
25.120602	0.000738610841899425	3.8910314359946e-06
22.385418	0.000744141576589075	6.88917913744467e-06
19.955338	0.000746724844919386	8.38734806859823e-06
17.775894	0.000745446684051369	1.1668963981642e-05
15.846864	0.000750880840452461	1.07471411047381e-05
14.127493	0.000754566831800978	1.40203983556793e-05
12.587309	0.000754911312499933	1.37649172320108e-05
11.216775	0.000757832453335585	1.45878838458652e-05
9.9968166	0.000761386251628698	1.34485893329636e-05
8.9082127	0.000762894354560836	1.50083814524145e-05
7.9395623	0.000762304369841849	1.71029499767242e-05
7.0765615	0.000766069418968614	1.76861509713547e-05
6.3105822	0.000765418952175081	1.55939827009438e-05
5.6245475	0.000768648734791069	1.62976409670546e-05
5.0112233	0.000769792562646278	1.74434860841324e-05
4.4642835	0.000770673800814861	1.71906115298979e-05
3.9819033	0.000771626101259828	1.73441210632634e-05
3.5479143	0.000772790602513926	1.45726598079753e-05
3.1629577	0.00077282651500501	1.7871076689177e-05
2.818361	0.000774849280613793	1.74668684982352e-05
2.5112481	0.000775424673357683	1.52122679658451e-05
2.2398233	0.000777572124464563	1.7657427599207e-05
1.9950197	0.000777721861360808	1.61854935571054e-05
1.7775893	0.000781430887506578	1.79553975062261e-05
1.5846864	0.000781581118467257	1.71184910563876e-05
1.4122353	0.000782977413587154	1.93836865701245e-05
1.2582541	0.00078466595633495	1.98052534274056e-05
1.1224822	0.000782346513626383	1.97895160161986e-05
1.0000616	0.000786809772525264	2.14995328712588e-05
0.89082122	0.000787523990934452	1.97298995050292e-05
0.79444051	0.000787563743890337	2.18116032107861e-05
0.70784986	0.000788428344016167	2.21719165126292e-05
0.63126236	0.000791817590767587	2.19975991422256e-05
0.562536	0.000792749944395766	2.22252346598836e-05
0.50118715	0.000793659262779989	2.34758808259346e-05
0.44642836	0.000795377376559875	2.44723354535732e-05
0.39821118	0.00079822989941506	2.47782077644284e-05
0.35475865	0.000798710535117781	2.4250258296614e-05
0.31619295	0.000800824966296775	2.78456925169588e-05
0.2819173	0.000801315994698471	2.87813062153941e-05
0.25117323	0.000803363395630571	2.96844185160747e-05
0.22391155	0.000805881095487713	3.2416326142313e-05
0.19957349	0.000804948088699493	3.17188112975814e-05
0.17779917	0.000807285549747921	3.55160039505887e-05
0.15846863	0.000810664740594963	3.63002863525906e-05
0.14123619	0.000812675234052748	3.7641261767398e-05
0.12590662	0.000815778348852915	3.9117283903529e-05
0.1122199	0.000816063832467654	3.90110489325051e-05
0.10002181	0.000820390634497382	4.09307134351837e-05
