10002.226	0.0011912798662282	-0.00946217673851207
8914.9326	0.00115176962379418	-0.00846940662079363
7943.9951	0.00111372151933914	-0.00758281027829002
7081.583	0.0010798730014719	-0.00678915806914823
6307.7358	0.00104895765144382	-0.00607258880090006
5622.5879	0.00101581890353372	-0.00543748826853027
5011.603	0.000988601738568601	-0.00486750400109051
4466.4292	0.000962677508919094	-0.00435660388036627
3981.2773	0.000939888466714457	-0.00390442964077857
3548.8679	0.000916697524097777	-0.00349526226382263
3163.0398	0.000898536054349306	-0.00313042617976902
2819.0986	0.000880625526346907	-0.00280265666736633
2512.4104	0.000864538362881664	-0.00251009611624473
2239.2869	0.000850439635718196	-0.00224897922888149
1995.6381	0.000838145109266309	-0.00201290529720315
1778.2897	0.000824719546136639	-0.00180783395543234
1584.4927	0.000811457084744602	-0.00161548759232696
1412.7418	0.000801120445553393	-0.00144970631392811
1258.7905	0.000790267753744923	-0.00130156368340342
1121.7966	0.000781823271025129	-0.00116730240363606
999.68164	0.000772255263271042	-0.00104497796413808
891.42474	0.000762252533817703	-0.000937531851707047
794.23932	0.000758692939017907	-0.000842285284400977
707.96161	0.000748852872663456	-0.000756576737367336
631.00977	0.000742828765782105	-0.000678805314306655
562.33929	0.000738464099315294	-0.000606499703219727
501.12231	0.000733080218453568	-0.000545551817460165
446.57214	0.000726548645678742	-0.000485616301162174
398.08899	0.000719843919436732	-0.000433255271789602
354.88681	0.000715960584927656	-0.000388890642686554
316.31589	0.000714891303200585	-0.00034327673308063
281.8942	0.000712053089252931	-0.000308755609032224
251.20601	0.000704800009078974	-0.000274175301244332
223.92496	0.000704437268596597	-0.000240877713149635
199.55338	0.000704972107095736	-0.000213843488944333
177.78128	0.000701838886262068	-0.000185734304057241
158.52898	0.000703100460721702	-0.000162472846296856
141.21979	0.000703691704511934	-0.000144121661471715
125.92673	0.000705346879118774	-0.000120366656300362
112.19009	0.000705200014419584	-0.000105535040652142
99.968163	0.000706605809493013	-8.68452005637297e-05
89.115646	0.000708567015038282	-7.35788529866096e-05
79.415741	0.000712620883768517	-6.26903487778144e-05
70.793182	0.000715008824958779	-4.9910874099663e-05
63.082279	0.000714975826757038	-4.14083496301902e-05
56.241825	0.000721086605774166	-3.25186659158786e-05
50.112232	0.000721812422347294	-2.40313318986644e-05
44.671223	0.000727110517953848	-1.88160642627803e-05
39.808899	0.000727821932158246	-1.23127688139583e-05
35.488308	0.000731821086767265	-7.63874692083198e-06
31.629578	0.000734743296602062	-1.60474964162934e-06
28.187037	0.000739110166856991	-2.91529375252264e-08
25.120602	0.000739727048032954	4.71173436060408e-06
22.385418	0.000744584730478599	7.57235136110432e-06
19.955338	0.000746083188172401	7.24489676999131e-06
17.775894	0.000748468980405407	1.14369367696932e-05
15.846864	0.000751583362401349	1.03808741194707e-05
14.127493	0.000754935859744137	1.23545145355978e-05
12.587309	0.000754920634369373	1.30252484651651e-05
11.216775	0.000756934681164337	1.336889905064e-05
9.9968166	0.000760328222841951	1.47953786381677e-05
8.9082127	0.000762016020250782	1.47891021754442e-05
7.9395623	0.000761142120275838	1.51024828281553e-05
7.0765615	0.000765939281464576	1.80948249320367e-05
6.3105822	0.0007688543685819	1.59214767662603e-05
5.6245475	0.00077019391073471	1.71325739036185e-05
5.0112233	0.000770352261387442	1.64861041033167e-05
4.4642835	0.00077372539887028	1.92400752819545e-05
3.9819033	0.000771686138444035	1.61863890778852e-05
3.5479143	0.000771835851820455	1.83278148815514e-05
3.1629577	0.000773361222430928	1.74459186433335e-05
2.818361	0.000775826223409657	1.59093267181101e-05
2.5112481	0.00077588351473286	1.80802662431065e-05
2.2398233	0.000777864995908334	1.61624367750882e-05
1.9950197	0.0007774863397149	1.74452613523783e-05
1.7775893	0.000779762106792167	1.84025929590657e-05
1.5846864	0.0007805336622369	1.79979162080334e-05
1.4122353	0.000780513447541834	1.86479170090592e-05
1.2582541	0.000781985891940766	1.98028160161276e-05
1.1224822	0.000784352282997648	2.02382857050948e-05
1.0000616	0.000783121621442652	2.04548476915983e-05
0.89082122	0.000786626546258277	2.05859695476948e-05
0.79444051	0.000787164819193007	2.09561927517757e-05
0.70784986	0.000788126430422341	2.11987044632464e-05
0.63126236	0.000791470509467165	2.16288600640817e-05
0.562536	0.000792057955114952	2.09731474904465e-05
0.50118715	0.000792436231541842	2.36937993482171e-05
0.44642836	0.000795116281228991	2.25660534240021e-05
0.39821118	0.000797091477523939	2.28210233758499e-05
0.35475865	0.000797461669884209	2.76837601307321e-05
0.31619295	0.000800247226945152	2.54960005770302e-05
0.2819173	0.000800773067296529	2.7275468977727e-05
0.25117323	0.000803933554464672	2.91014712750779e-05
0.22391155	0.000805349764524921	2.96128115708354e-05
0.19957349	0.000806428060309474	3.23633618809701e-05
0.17779917	0.000810455351292925	3.36835120699979e-05
0.15846863	0.000809416552777111	3.39453008169514e-05
0.14123619	0.000814297789580802	3.57265549736673e-05
0.12590662	0.000815088871050618	3.9998681545425e-05
0.1122199	0.000819813946720161	4.0504900890387e-05
0.10002181	0.000820506985802374	4.26076760056246e-05
