10002.226	0.00119289705095348	-0.00946178229221325
8914.9326	0.0011527477440903	-0.00847043195243342
7943.9951	0.00111546392398885	-0.00758115204825915
7081.583	0.00108071197195012	-0.00678656735620796
6307.7358	0.00104862772366729	-0.00607455094260743
5622.5879	0.00101591787107169	-0.00543679795245803
5011.603	0.000987462223908891	-0.00486892186305486
4466.4292	0.000963227774453121	-0.00435963910167583
3981.2773	0.000938708093597843	-0.0039023547316648
3548.8679	0.000916131493782098	-0.00349234720573884
3163.0398	0.000897679507365655	-0.00313133551132919
2819.0986	0.000880746950802289	-0.00280255581269334
2512.4104	0.000863684603541315	-0.00251059181463726
2239.2869	0.000848069226551615	-0.00224990220188499
1995.6381	0.000834923430619563	-0.00201595625905979
1778.2897	0.000821908879312233	-0.0018059647728757
1584.4927	0.000812678352115252	-0.00161590307277817
1412.7418	0.000799566341137907	-0.00145111936103091
1258.7905	0.000790836815617951	-0.00130207717656783
1121.7966	0.000781776657548145	-0.00116508643704188
999.68164	0.00077427250086166	-0.00104556462841114
891.42474	0.000764235827948377	-0.000937534267095211
794.23932	0.000756716339910424	-0.000843114069018223
707.96161	0.000749578843797111	-0.000753651283233161
631.00977	0.000742677716281886	-0.000676823577080099
562.33929	0.000737263611297497	-0.000608927684527619
501.12231	0.000733973658720972	-0.000544285510078254
446.57214	0.000725021314346651	-0.000487060490927
398.08899	0.000720722684363205	-0.000435162384326971
354.88681	0.000715266443285865	-0.000387614923718115
316.31589	0.000715184001266956	-0.00034440759285559
281.8942	0.00071133815358424	-0.000307381036147467
251.20601	0.000705730706965373	-0.000271473591561967
223.92496	0.000706135582137693	-0.000243464743600512
199.55338	0.000703756472884803	-0.000212270845646291
177.78128	0.000703185737284919	-0.000185752520015326
158.52898	0.0007032783534959	-0.000162014368955135
141.21979	0.000705149275990453	-0.000141565176824433
125.92673	0.000704201255819539	-0.000122763186744594
112.19009	0.000706191661283373	-0.00010693828903799
99.968163	0.000707905691350308	-8.77797889334478e-05
89.115646	0.000709692284183978	-7.54727915399405e-05
79.415741	0.00071127157438043	-6.22548434884067e-05
70.793182	0.000712581076563735	-5.29590514481972e-05
63.082279	0.000715647345853349	-3.85765594642852e-05
56.241825	0.000720542970863584	-3.06830891804159e-05
50.112232	0.000721474066184635	-2.21526389928544e-05
44.671223	0.000722950808798121	-1.71203540588187e-05
39.808899	0.000727490399182951	-1.21673161428779e-05
35.488308	0.00073117283465234	-5.83664708590805e-06
31.629578	0.000736661658560808	-2.87183280864646e-06
28.187037	0.000736693432037985	6.33018021894403e-07
25.120602	0.000739560866506039	5.95814209856525e-06
22.385418	0.000742243807953776	5.8560288431831e-06
19.955338	0.000745176364493866	7.42703405383921e-06
17.775894	0.00074829688299583	1.19200576729542e-05
15.846864	0.000750946875007182	1.15616978210705e-05
14.127493	0.000756188653763542	1.34542644783553e-05
12.587309	0.000754218360753179	1.29176863736791e-05
11.216775	0.000757736762900489	1.5174026227183e-05
9.9968166	0.000758626808125266	1.45148921519457e-05
8.9082127	0.000764751799499704	1.58246814199994e-05
7.9395623	0.000762213432263358	1.49191661358055e-05
7.0765615	0.00076466022492106	1.71747898150437e-05
6.3105822	0.000766025257405128	1.58993255280809e-05
5.6245475	0.000767432213247228	1.50173528401353e-05
5.0112233	0.000771784799647095	1.6473775254982e-05
4.4642835	0.000770518854128321	1.50758792784074e-05
3.9819033	0.000773020472915351	1.67200957593804e-05
3.5479143	0.000772768601821164	1.69456764104165e-05
3.1629577	0.000773561813608454	1.79456939516874e-05
2.818361	0.000774065641324767	1.81020681517827e-05
2.5112481	0.000777472847852581	1.50418607958134e-05
2.2398233	0.00077742374668401	1.81513060479209e-05
1.9950197	0.000778197803288505	1.84316552671419e-05
1.7775893	0.000779527041905748	1.711735374421e-05
1.5846864	0.000781124062471469	1.7532903336862e-05
1.4122353	0.000782444631505918	1.8679847989724e-05
1.2582541	0.000782499947497967	1.98291328094106e-05
1.1224822	0.000783667280953271	1.98678831167971e-05
1.0000616	0.000785174749859447	2.04844882248486e-05
0.89082122	0.00078708003783372	1.96491025786781e-05
0.79444051	0.000788863955264634	2.04626841135906e-05
0.70784986	0.000790687816370516	2.19027430963295e-05
0.63126236	0.000792542998622303	2.1664083028222e-05
0.562536	0.00079173525199363	2.41624288196783e-05
0.50118715	0.000794675688153892	2.19584467923985e-05
0.44642836	0.000795468012606248	2.29087250104311e-05
0.39821118	0.000797738200404986	2.53470874413068e-05
0.35475865	0.000799143673671614	2.80470350729039e-05
0.31619295	0.000799206124702746	2.80570681294342e-05
0.2819173	0.000804759477001849	2.79793854802255e-05
0.25117323	0.000802358563462403	3.09763830928851e-05
0.22391155	0.000804775406850511	3.17053743104228e-05
0.19957349	0.000806982666347878	3.24008204338822e-05
0.17779917	0.000810878929991142	3.26432947705903e-05
0.15846863	0.000811489715133302	3.33738204267144e-05
0.14123619	0.000812815821232794	3.78925440850808e-05
0.12590662	0.000816402773705258	3.94784649411253e-05
0.1122199	0.000816403520806192	3.94518222650097e-05
0.10002181	0.000820571472352571	4.3430426377481e-05
