10002.226	0.00119298202824845	-0.00946295305168581
8914.9326	0.00115180654207758	-0.00847008493522097
7943.9951	0.00111417236026054	-0.00758177157345311
7081.583	0.00107797338326476	-0.0067872187037064
6307.7358	0.00104692108823782	-0.0060725937088816
5622.5879	0.001018532274909	-0.00543925920219543
5011.603	0.000988817093354302	-0.00486953128999243
4466.4292	0.000964398236466073	-0.00435762322273066
3981.2773	0.000938881959301374	-0.00390284276428797
3548.8679	0.000916248570503597	-0.00349600988039088
3163.0398	0.000898354894275652	-0.00312957948805615
2819.0986	0.000878428675553051	-0.00280298217054186
2512.4104	0.000865176662940901	-0.00250971833670779
2239.2869	0.000850631516726349	-0.00224960695225333
1995.6381	0.00083646736880358	-0.00201552003172459
1778.2897	0.000822799014098482	-0.00180624659624371
1584.4927	0.000811846107552087	-0.00161635110940785
1412.7418	0.000799505777965736	-0.00145055354121049
1258.7905	0.000790421972261569	-0.00129993256352478
1121.7966	0.000781481531748562	-0.0011682684775447
999.68164	0.000773243569519308	-0.0010451716040287
891.42474	0.000764359184458909	-0.000939763515384314
794.23932	0.000758214231134201	-0.00084330866176852
707.96161	0.000749941809283382	-0.000754777252690716
631.00977	0.000744471658291962	-0.000679262061826217
562.33929	0.000734420284712272	-0.000608227159311752
501.12231	0.000731721593843166	-0.000543817674656055
446.57214	0.000726402367787164	-0.000485846382848114
398.08899	0.000720631362989196	-0.000434528339631005
354.88681	0.000716903072050913	-0.000386596450173986
316.31589	0.000714825248893233	-0.000346360173834743
281.8942	0.000711227105557823	-0.000307575670275399
251.20601	0.000706912504869738	-0.000272831605733561
223.92496	0.000704361697823807	-0.000241010754492449
199.55338	0.000704411005747702	-0.0002133960626606
177.78128	0.000703382236807068	-0.000186072287734799
158.52898	0.000702869948062413	-0.000163345783535059
141.21979	0.000701976078739922	-0.000142297388631396
125.92673	0.000703274528589387	-0.000121599828927713
112.19009	0.00070602894751871	-0.000105217069721124
99.968163	0.000706157704748619	-8.97467351571065e-05
89.115646	0.000710715974083454	-7.5717973518034e-05
79.415741	0.000711776729066047	-6.32966113158571e-05
70.793182	0.000714199328174941	-5.21357408378932e-05
63.082279	0.0007155557640764	-4.15486517950609e-05
56.241825	0.000721264020777982	-3.18801367895318e-05
50.112232	0.000722584421347379	-2.18760497311722e-05
44.671223	0.00072665660205816	-1.92675250812907e-05
39.808899	0.000726910043275632	-1.26052958913124e-05
35.488308	0.000732391926381982	-8.03601421931049e-06
31.629578	0.000734665444334914	-2.84136245870998e-06
28.187037	0.000735499082890864	-1.42339496649902e-07
25.120602	0.000741100506564455	5.75380692213112e-06
22.385418	0.000740349860893151	7.33672449195487e-06
19.955338	0.00074544787040263	8.1474810503522e-06
17.775894	0.000748545174316185	1.33358220947166e-05
15.846864	0.000750770056393686	1.26440603327458e-05
14.127493	0.000753437314134146	1.55637154334165e-05
12.587309	0.000756406542600916	1.25329953876676e-05
11.216775	0.000754366517074762	1.50751687470156e-05
9.9968166	0.000759247353543542	1.35688956716369e-05
8.9082127	0.000760964589684707	1.40597849829426e-05
7.9395623	0.000761685716652833	1.66370509951079e-05
7.0765615	0.000765292622470951	1.87803682576506e-05
6.3105822	0.000765495198619754	1.63360583925607e-05
5.6245475	0.00076937558956099	1.46062100527784e-05
5.0112233	0.000771034673478096	1.66451000334272e-05
4.4642835	0.000772407881715798	1.67140830130457e-05
3.9819033	0.000771151735848363	1.80858747902405e-05
3.5479143	0.000774920975208596	1.63754815434459e-05
3.1629577	0.000773713549691846	1.60463806418468e-05
2.818361	0.000778959854615361	1.73310979305279e-05
2.5112481	0.000777003726520023	1.68056540003619e-05
2.2398233	0.000776729567300499	1.5429890594328e-05
1.9950197	0.000779859501539348	1.73662677061533e-05
1.7775893	0.000778696831044267	1.75803008050795e-05
1.5846864	0.000782937816725898	1.73355471037761e-05
1.4122353	0.000783776487119413	1.77478892001014e-05
1.2582541	0.000782595700885156	2.01784310218526e-05
1.1224822	0.00078180086395877	1.84308697952001e-05
1.0000616	0.000784220521660676	1.97478773366715e-05
0.89082122	0.000787280420219126	2.06810379292662e-05
0.79444051	0.000789186897709676	2.07584913741611e-05
0.70784986	0.000790950123381359	2.22695103649722e-05
0.63126236	0.000792152060247694	2.12044083752505e-05
0.562536	0.000792704349805307	2.23492383259742e-05
0.50118715	0.0007937137619215	2.38652538331739e-05
0.44642836	0.000795301072680357	2.45578528571983e-05
0.39821118	0.000797638114022717	2.46716663382321e-05
0.35475865	0.000796342398663801	2.66674938814362e-05
0.31619295	0.000801475995287655	2.58614053929554e-05
0.2819173	0.00080299521315887	2.79319850144091e-05
0.25117323	0.000803468311420864	3.19338568007349e-05
0.22391155	0.00080644980688532	3.22753062276199e-05
0.19957349	0.000807706582732428	3.28482577722108e-05
0.17779917	0.000807980262587907	3.16263765568478e-05
0.15846863	0.00081140478620234	3.5398352131873e-05
0.14123619	0.000812956235549478	3.62663445845334e-05
0.12590662	0.000813396983569493	3.71914462034697e-05
0.1122199	0.000817216951742165	4.07864674482084e-05
0.10002181	0.000820417646699039	4.08797225487064e-05
