10002.226	0.00119361304299969	-0.00946322024204476
8914.9326	0.00115171187321253	-0.00847008172920552
7943.9951	0.0011139011761217	-0.00758042767914195
7081.583	0.0010805476935716	-0.00678692765766356
6307.7358	0.00104569293654904	-0.00607353241751254
5622.5879	0.00101760203147623	-0.00543741088644383
5011.603	0.00098722008493057	-0.00486796229032121
4466.4292	0.000964366685927388	-0.00435892367608412
3981.2773	0.000939904917446652	-0.00390132737859398
3548.8679	0.000916808353994925	-0.00349733011528306
3163.0398	0.000897609199680047	-0.00313041480474648
2819.0986	0.000881273852125831	-0.00280241961554381
2512.4104	0.000865915192943143	-0.00251114951899167
2239.2869	0.000849744213593744	-0.00224889116199956
1995.6381	0.000837011455025072	-0.00201491114122467
1778.2897	0.000823307617393282	-0.00180386745453098
1584.4927	0.000810933067520441	-0.0016169013808567
1412.7418	0.000798765957103627	-0.0014507548620169
1258.7905	0.00079215820479582	-0.00130073249934348
1121.7966	0.000779988265629566	-0.00116726034890816
999.68164	0.000772611419775328	-0.00104503951970102
891.42474	0.000763540697706062	-0.000938606223212984
794.23932	0.000756308831654955	-0.000845087063962435
707.96161	0.00075094867185427	-0.000756773420787967
631.00977	0.000743066344337386	-0.000676553921218141
562.33929	0.000736735514795605	-0.00060560489503687
501.12231	0.000733533150012403	-0.000543330412315502
446.57214	0.000725148187044888	-0.000485550208804154
398.08899	0.00072013917519303	-0.000435246211895446
354.88681	0.000713495040154723	-0.000388273105752131
316.31589	0.000714309571365156	-0.000344998959321477
281.8942	0.000708524363498312	-0.000307639918736739
251.20601	0.000706977315373494	-0.000272191532699527
223.92496	0.000706269784122952	-0.000239057428048958
199.55338	0.000704537529696599	-0.000212765813176729
177.78128	0.000704742139409302	-0.000186370320750801
158.52898	0.000704561405554894	-0.000162649635880764
141.21979	0.000703157724752726	-0.000141299556174287
125.92673	0.000702884830542808	-0.000122050216246601
112.19009	0.000705882082953267	-0.000107617860273741
99.968163	0.000705811860910764	-8.84388780979248e-05
89.115646	0.000708979437790644	-7.6196486015904e-05
79.415741	0.000709682413877581	-6.24464481052875e-05
70.793182	0.000713821084265736	-5.18845834922447e-05
63.082279	0.000717356426209026	-4.20805870053882e-05
56.241825	0.000720311889518654	-2.91764442007611e-05
50.112232	0.000721272495318268	-2.52846901587597e-05
44.671223	0.000725490554750661	-1.67708492081328e-05
39.808899	0.000729249533197648	-1.44657588661017e-05
35.488308	0.0007315113766242	-6.3183863707305e-06
31.629578	0.000733506123560009	-1.28415464453991e-06
28.187037	0.000736533215474728	1.36612271117094e-06
25.120602	0.000740474854908743	4.04088061257252e-06
22.385418	0.000743459203645215	7.01658300757943e-06
19.955338	0.000743822335740913	9.24798762845493e-06
17.775894	0.000749967446881633	1.05158621170153e-05
15.846864	0.000750606856948181	1.07839791166764e-05
14.127493	0.000753784887194723	1.31299808012417e-05
12.587309	0.000754812632632507	1.46746537567154e-05
11.216775	0.000757547122865069	1.30466501472242e-05
9.9968166	0.000760067619670332	1.42217467319263e-05
8.9082127	0.000760004750853967	1.71117535963968e-05
7.9395623	0.000762304837930007	1.58102634669429e-05
7.0765615	0.000766192165711636	1.56405282147872e-05
6.3105822	0.000765164988979499	1.55458341655541e-05
5.6245475	0.000768445237159623	1.56249555686013e-05
5.0112233	0.000769879529210952	1.77886193915025e-05
4.4642835	0.000771405432968435	1.6944164511187e-05
3.9819033	0.00077060548717071	1.79786783811135e-05
3.5479143	0.000772318489104599	1.62037985021925e-05
3.1629577	0.00077668540387749	1.85202309759283e-05
2.818361	0.000777497514345325	1.70421250240643e-05
2.5112481	0.000776077874705941	1.38731706517972e-05
2.2398233	0.000777079526139198	1.83259553261945e-05
1.9950197	0.000778433842618267	1.70300587858135e-05
1.7775893	0.000780441478149495	1.8132053211963e-05
1.5846864	0.000780942406088647	1.90337592279364e-05
1.4122353	0.000781469541438446	1.72224144934458e-05
1.2582541	0.000785240524369639	1.7438725644911e-05
1.1224822	0.000783997389279055	1.76638109119641e-05
1.0000616	0.000786441874939151	1.95832495766581e-05
0.89082122	0.000786797291516524	1.73455896589299e-05
0.79444051	0.000787455822365601	2.06286782750918e-05
0.70784986	0.000789949324755487	2.24910643535295e-05
0.63126236	0.000791311713943235	2.23298424654932e-05
0.562536	0.00079187086687802	2.16389702102553e-05
0.50118715	0.00079389699955142	2.31229118983307e-05
0.44642836	0.000796156087098032	2.47063550804195e-05
0.39821118	0.000797917231029105	2.41650086419512e-05
0.35475865	0.000799453417185493	2.7012970848843e-05
0.31619295	0.000798832751177624	2.69531547407279e-05
0.2819173	0.00080062068064162	2.78504907021647e-05
0.25117323	0.000802036332840074	2.92881180577486e-05
0.22391155	0.000804252652331423	2.93735094170111e-05
0.19957349	0.000806916794543877	3.2776566731452e-05
0.17779917	0.00080732314506336	3.41670325176627e-05
0.15846863	0.000811586073606936	3.53443525235753e-05
0.14123619	0.000811718212115131	3.80950914845306e-05
0.12590662	0.000816355291163128	3.77780249694918e-05
0.1122199	0.000816844572458993	4.07649400879978e-05
0.10002181	0.000821567406498687	4.37457428017832e-05
