10002.226	0.00119279110412453	-0.00946234266052022
8914.9326	0.00115018396675468	-0.00847006261686159
7943.9951	0.00111511400019851	-0.00758157356289899
7081.583	0.00108087356844692	-0.00678894844551867
6307.7358	0.00104965722378649	-0.00607360353831012
5622.5879	0.0010150021088535	-0.00543890479284345
5011.603	0.000988154914576836	-0.00486984559510262
4466.4292	0.000962226740695746	-0.0043561874459085
3981.2773	0.000941291858101275	-0.00390097614096327
3548.8679	0.000917268436000053	-0.00349463869069405
3163.0398	0.000898376273224683	-0.00312951250636349
2819.0986	0.000880796728730149	-0.00280216692938677
2512.4104	0.000866628381584893	-0.00251022678688685
2239.2869	0.000850047349455397	-0.0022500902576978
1995.6381	0.000837000165219101	-0.00201457146806039
1778.2897	0.000824185853565407	-0.00180419984455386
1584.4927	0.000812590159983023	-0.00161789481619309
1412.7418	0.000798574708641748	-0.0014495762102864
1258.7905	0.000792916373939095	-0.0013008276433544
1121.7966	0.00078277988386044	-0.00116675579160353
999.68164	0.000773859063532284	-0.00104448314349031
891.42474	0.000765263776972791	-0.000939390162877963
794.23932	0.000756991860212389	-0.000841690150527896
707.96161	0.000748386575650149	-0.000755286551301967
631.00977	0.000742178689324651	-0.000678331598233392
562.33929	0.000737226241102915	-0.000608222811820853
501.12231	0.000730684118347555	-0.000544902819330897
446.57214	0.000727208353503945	-0.000486079972660144
398.08899	0.000720788272463896	-0.000433614939379544
354.88681	0.000716481917865436	-0.000387928131929158
316.31589	0.000714211296623104	-0.000345982356482093
281.8942	0.000710402977519398	-0.000307576730899607
251.20601	0.000704449182787848	-0.000272188508586824
223.92496	0.000706125056999383	-0.000239941569536936
199.55338	0.0007032948662052	-0.000212747113027328
177.78128	0.00070226358576812	-0.000185855126493975
158.52898	0.000703132358919071	-0.000161964804321179
141.21979	0.000702913432964038	-0.000140800831844649
125.92673	0.000702768235274108	-0.00012101385376754
112.19009	0.000707156924318313	-0.000105033378983857
99.968163	0.000706331863973359	-8.88335087686719e-05
89.115646	0.000709755634104911	-7.45146357526775e-05
79.415741	0.000711443217166651	-6.28534929637891e-05
70.793182	0.000713404108371412	-5.05525992764353e-05
63.082279	0.000716744984494244	-4.06720111077962e-05
56.241825	0.000721373697727913	-3.176757779623e-05
50.112232	0.000720832067831102	-2.39044322236095e-05
44.671223	0.000722898117969783	-1.79933900023239e-05
39.808899	0.000730055571753683	-1.33295912711014e-05
35.488308	0.000733028683059851	-7.4707774367605e-06
31.629578	0.000733890220536661	-2.80664553540325e-06
28.187037	0.000737198955812458	-5.8414360362609e-07
25.120602	0.000738216875958357	5.84846313104722e-06
22.385418	0.000744193878351634	8.6647514048983e-06
19.955338	0.000745781054176005	7.61442792477695e-06
17.775894	0.000749335069588141	1.17333836898273e-05
15.846864	0.000752148401231063	1.13405783100722e-05
14.127493	0.000754507481768735	1.40277122092789e-05
12.587309	0.000756043617843247	1.44248766767086e-05
11.216775	0.000757585425431234	1.45710045431146e-05
9.9968166	0.000760494756571901	1.40649332199176e-05
8.9082127	0.000762360514156632	1.47847274261795e-05
7.9395623	0.000762461078698305	1.49638434010484e-05
7.0765615	0.000764958841573756	1.71862391409729e-05
6.3105822	0.000765205207514703	1.77377933413867e-05
5.6245475	0.000769215865163917	1.62485340285038e-05
5.0112233	0.000769821806552285	1.64071934968219e-05
4.4642835	0.000771043330528748	1.66953000722743e-05
3.9819033	0.000771322048822593	1.59647565820153e-05
3.5479143	0.000771611443289182	1.66170656821469e-05
3.1629577	0.000775814068720784	1.75517341993594e-05
2.818361	0.000774542637832395	1.72039557786567e-05
2.5112481	0.000775189364300841	1.8251456024994e-05
2.2398233	0.000777974940708107	1.71678226574487e-05
1.9950197	0.000778142536292723	1.70304708209487e-05
1.7775893	0.000779221102526682	1.78959597774553e-05
1.5846864	0.000781812448874708	2.03239429516403e-05
1.4122353	0.000781306040516978	1.89881781472356e-05
1.2582541	0.000783477489220638	2.0652968801055e-05
1.1224822	0.00078481766178807	1.83763861289797e-05
1.0000616	0.000785446842470346	1.93673653809998e-05
0.89082122	0.000785946730555239	2.01884846770968e-05
0.79444051	0.000787368112057988	2.05244209380226e-05
0.70784986	0.000788270092844621	2.09796163349126e-05
0.63126236	0.000791237494644156	2.13767609423044e-05
0.562536	0.000792790338632729	2.45286513899558e-05
0.50118715	0.000793948342844796	2.38868223082279e-05
0.44642836	0.000796537600784847	2.5485059225958e-05
0.39821118	0.000796207563925095	2.34341105274746e-05
0.35475865	0.000799143907000008	2.43921510329208e-05
0.31619295	0.000801497058261472	2.95640249454001e-05
0.2819173	0.000800341015050559	2.90379789200164e-05
0.25117323	0.000802787984236024	3.04606869512953e-05
0.22391155	0.000804819648766361	3.08109304199557e-05
0.19957349	0.000808067296778654	3.30657743540252e-05
0.17779917	0.000809036641283016	3.14419832938017e-05
0.15846863	0.000808727426670016	3.53609620443554e-05
0.14123619	0.000811743175113873	3.62238713321988e-05
0.12590662	0.000815674166945137	3.81851027469393e-05
0.1122199	0.000817650912224648	3.90052174221745e-05
0.10002181	0.000819099331111255	4.25522721896762e-05
