10002.226	0.0012016957439442	-0.00959051179382008
8914.9326	0.00116148495249163	-0.00858191816085936
7943.9951	0.00112265209111232	-0.00768158495235148
7081.583	0.00108519498874079	-0.00687657458430193
6307.7358	0.00105669089134788	-0.00615229744732751
5622.5879	0.00102283532889313	-0.00550936708748503
5011.603	0.00099585964668343	-0.00493323116005462
4466.4292	0.000970951664755695	-0.00441722505610612
3981.2773	0.000946557156787857	-0.00395464096223821
3548.8679	0.000925632742315896	-0.00354188506401319
3163.0398	0.000907057291794856	-0.00317233261070032
2819.0986	0.000890114146471017	-0.00283710685332606
2512.4104	0.000873211565322274	-0.00254369512873473
2239.2869	0.000859870732551263	-0.00227779396615291
1995.6381	0.000844361627874951	-0.00204067698410314
1778.2897	0.000833236999973291	-0.00182916147838872
1584.4927	0.000819506150161763	-0.00164042720495655
1412.7418	0.000807995953073946	-0.00147001884102093
1258.7905	0.000800503632257553	-0.00131759797026901
1121.7966	0.000788724866238782	-0.001181752758075
999.68164	0.000781904254896363	-0.00105990870991556
891.42474	0.000774158947185277	-0.000952026876377346
794.23932	0.000768899621282518	-0.000854787787414405
707.96161	0.000758310426769922	-0.000763739548010173
631.00977	0.00075035477820049	-0.000688249785016349
562.33929	0.000746799783553545	-0.000615267228319685
501.12231	0.000738391412306519	-0.000551460174953123
446.57214	0.000734794024727335	-0.000491715506488667
398.08899	0.000730705891521472	-0.000439989986214106
354.88681	0.00072431553306336	-0.000391539793840364
316.31589	0.000720916484385605	-0.0003498045015407
281.8942	0.000718051468108478	-0.000311113418711335
251.20601	0.000713511751447117	-0.000276884812277114
223.92496	0.000714074696084598	-0.000244085238757532
199.55338	0.000711454071438464	-0.000216471712772192
177.78128	0.000713526031989089	-0.000186123438089261
158.52898	0.000713130474580372	-0.000162328800375187
141.21979	0.000711404927294092	-0.00014248867816599
125.92673	0.000713051470046866	-0.000124402759820327
112.19009	0.000713760402330457	-0.000109112567609484
99.968163	0.000716545380100322	-8.97880239398326e-05
89.115646	0.000716953463346728	-7.65612305403495e-05
79.415741	0.000718427320126796	-6.37029947073249e-05
70.793182	0.000720205889548526	-5.28122186250607e-05
63.082279	0.000722238629430524	-4.21303179233477e-05
56.241825	0.000728871729244925	-3.24586272105182e-05
50.112232	0.000730103907550314	-2.2606032308846e-05
44.671223	0.000733371351483426	-1.71423582362593e-05
39.808899	0.000735712039445271	-1.20559038327027e-05
35.488308	0.000741074387943873	-8.6259287516467e-06
31.629578	0.000742782836181641	-3.37145611215842e-06
28.187037	0.000745636731322272	9.14509672365883e-07
25.120602	0.000747148587918709	4.10101444019026e-06
22.385418	0.000751657855457027	7.04831725216309e-06
19.955338	0.00075466827204109	8.23834427979424e-06
17.775894	0.000756637242348033	1.08642021993118e-05
15.846864	0.000758986014770502	1.08622840608286e-05
14.127493	0.000761413506402098	1.2320282328639e-05
12.587309	0.000763142886221246	1.19129617406714e-05
11.216775	0.000765985348612787	1.39897646785829e-05
9.9968166	0.000769580336565311	1.29142366540475e-05
8.9082127	0.000769996514505525	1.5465001074023e-05
7.9395623	0.000770993802035326	1.36675399662099e-05
7.0765615	0.000772050962172513	1.70870931967259e-05
6.3105822	0.000775855602940229	1.5760724179509e-05
5.6245475	0.000777027268140005	1.52187297494184e-05
5.0112233	0.000780152218569894	1.9695539234419e-05
4.4642835	0.000780202251540513	1.58787840255196e-05
3.9819033	0.000779201579496895	1.53446297423211e-05
3.5479143	0.000780219605367022	1.90675330054449e-05
3.1629577	0.000784628307340494	1.85147843126137e-05
2.818361	0.000785136616448254	1.91609846524e-05
2.5112481	0.000786971200784897	1.59539175459251e-05
2.2398233	0.000784361291283692	1.93406078265927e-05
1.9950197	0.000786879892076478	1.72831479204976e-05
1.7775893	0.000787356150340655	1.67431623427765e-05
1.5846864	0.000790447348936873	1.74522987920502e-05
1.4122353	0.000790433523345593	1.8923583923004e-05
1.2582541	0.00079132035022458	1.8205633054639e-05
1.1224822	0.000793827259903816	2.04030094852059e-05
1.0000616	0.000793642321732181	2.00005350148915e-05
0.89082122	0.000795163943724707	2.11527095071468e-05
0.79444051	0.000795534637870254	2.22225348648146e-05
0.70784986	0.00079944242621874	2.09095407718128e-05
0.63126236	0.0007992963920394	2.26506971659061e-05
0.562536	0.000800317999235279	2.28030166265956e-05
0.50118715	0.000803655078687227	2.39988114326489e-05
0.44642836	0.000803957362937085	2.635061420207e-05
0.39821118	0.000805706836027061	2.70912340887938e-05
0.35475865	0.000807626102689779	2.76273916467352e-05
0.31619295	0.000809054757660879	2.92686304322468e-05
0.2819173	0.000810669238008471	2.86509232193585e-05
0.25117323	0.000811080645388235	3.05441514457599e-05
0.22391155	0.000811458867285819	3.01687301934638e-05
0.19957349	0.00081674633434183	3.29549912585054e-05
0.17779917	0.000816101764968187	3.53613892756543e-05
0.15846863	0.000819355989007522	3.50918635061253e-05
0.14123619	0.000822379592966351	3.73541137959971e-05
0.12590662	0.000822365130920992	4.04463885226591e-05
0.1122199	0.000824691347380999	4.00638523316969e-05
0.10002181	0.000827627125644437	4.23047449388633e-05
