10002.226	0.00120059282101699	-0.00958670516240392
8914.9326	0.00116180123745234	-0.00858346226418322
7943.9951	0.00112177977828725	-0.00768339509104129
7081.583	0.00108672652125287	-0.00687785570753217
6307.7358	0.00105600508620758	-0.00615448354429462
5622.5879	0.0010249170076075	-0.00550988961371486
5011.603	0.000996862418701947	-0.00493441978161186
4466.4292	0.000971969062078167	-0.00441643932119905
3981.2773	0.000947112845709839	-0.00395489232804902
3548.8679	0.000924651330166685	-0.00354019517487217
3163.0398	0.000905880633185087	-0.00317211326718915
2819.0986	0.00088905423920963	-0.00283786684737382
2512.4104	0.000872175471520881	-0.00254241530893092
2239.2869	0.000856592802790189	-0.00228146643669845
1995.6381	0.000843811490390894	-0.00204159911006232
1778.2897	0.000831923421056047	-0.00183001322558589
1584.4927	0.000820212392870649	-0.00163802621324634
1412.7418	0.000805886836976866	-0.00147088699166369
1258.7905	0.000799459194276415	-0.00131856394799388
1121.7966	0.000790967637021513	-0.00118337956554171
999.68164	0.000782786292467264	-0.00105965009399798
891.42474	0.000774180717727906	-0.00095163848044258
794.23932	0.000766629444579696	-0.000853715163934689
707.96161	0.000759005800110933	-0.000766054683361033
631.00977	0.00075081852462386	-0.000687703108166857
562.33929	0.000746300235004659	-0.000615195416709477
501.12231	0.000738512922716739	-0.000551279974736957
446.57214	0.000735449437737011	-0.000490957918161677
398.08899	0.000729421996761964	-0.000441395414293747
354.88681	0.00072450132963844	-0.000393921557639682
316.31589	0.00072184502820284	-0.000348593769892091
281.8942	0.000718087976857709	-0.000313047346841971
251.20601	0.000713062214341025	-0.000276437053701406
223.92496	0.000713114328948305	-0.000244436145100511
199.55338	0.000712207602926002	-0.000215287539575455
177.78128	0.000711715064415537	-0.000187218088093631
158.52898	0.000712798267868551	-0.000164261846259855
141.21979	0.000710538277292283	-0.000143260497727842
125.92673	0.000711884376207308	-0.000123955889720049
112.19009	0.000714041912491039	-0.000108730356575971
99.968163	0.000714887191991211	-8.96355000250344e-05
89.115646	0.000717928185080792	-7.47449610642615e-05
79.415741	0.000718707163423005	-6.28696671174481e-05
70.793182	0.000723519295655019	-5.24164542426826e-05
63.082279	0.000724384007935599	-4.19506699269081e-05
56.241825	0.000729041040101619	-3.18478457760982e-05
50.112232	0.00072897723660323	-2.36620450353008e-05
44.671223	0.000732903916427205	-1.66057725572281e-05
39.808899	0.000737917948178303	-1.2160183984418e-05
35.488308	0.000740652540930786	-7.60680177202373e-06
31.629578	0.000741963826386464	-3.22465785202865e-06
28.187037	0.000745586427731279	1.68219601439437e-07
25.120602	0.000747024918424647	4.62603134802801e-06
22.385418	0.000752026247206173	6.1730507365115e-06
19.955338	0.000754684692947212	9.21460172527685e-06
17.775894	0.000757782645977927	1.2399546704612e-05
15.846864	0.000760474384692716	1.24010465932634e-05
14.127493	0.000761788122565836	1.30728845263176e-05
12.587309	0.000764139545226739	1.41831279694856e-05
11.216775	0.000765651407091846	1.38282730459799e-05
9.9968166	0.00076895334948516	1.43239367618358e-05
8.9082127	0.000769183662037391	1.63319742746519e-05
7.9395623	0.000772432009779651	1.46673065861627e-05
7.0765615	0.00077329547777393	1.85525777056335e-05
6.3105822	0.00077450979857932	1.52354182691111e-05
5.6245475	0.000775906018671985	1.72339304047346e-05
5.0112233	0.000778993253688187	1.59557351625907e-05
4.4642835	0.000780172209474259	1.67177132631628e-05
3.9819033	0.000779606378059093	1.69431253093806e-05
3.5479143	0.000781266503703412	1.90355906384262e-05
3.1629577	0.000783918026154651	1.76090781734156e-05
2.818361	0.00078376885270185	1.79015118341791e-05
2.5112481	0.000786538130678006	1.6508523954878e-05
2.2398233	0.00078469111617464	1.62289314966919e-05
1.9950197	0.000786837652666957	1.69962623607966e-05
1.7775893	0.000788578278175666	1.80700964701008e-05
1.5846864	0.00079085831153855	1.71453230989102e-05
1.4122353	0.000790000584674641	1.85932517242659e-05
1.2582541	0.000791936992115981	1.85980972271737e-05
1.1224822	0.00079347970320695	1.72144905923434e-05
1.0000616	0.000793355326372603	2.05982461641514e-05
0.89082122	0.000795952452836933	2.03488252939158e-05
0.79444051	0.000796519166624983	2.12974131882948e-05
0.70784986	0.000798125524200243	2.20896147267112e-05
0.63126236	0.0007994092778025	2.42341256325943e-05
0.562536	0.000800262953430383	2.27463750523526e-05
0.50118715	0.000801051176912073	2.30206251409299e-05
0.44642836	0.000803127995731889	2.36707587922525e-05
0.39821118	0.00080633178289928	2.64152702586052e-05
0.35475865	0.000806519774916995	2.52640618873269e-05
0.31619295	0.000808489810044978	2.81656995713587e-05
0.2819173	0.000810389668333472	2.94049146001069e-05
0.25117323	0.000812027722237479	2.98256548791686e-05
0.22391155	0.000812927624858661	2.93912092986242e-05
0.19957349	0.000815979185892973	3.11909814510462e-05
0.17779917	0.000817191667913041	3.28334904682947e-05
0.15846863	0.000818756357050922	3.80025050772548e-05
0.14123619	0.000820887823426338	3.41920222177322e-05
0.12590662	0.000822135216429691	3.90968144896732e-05
0.1122199	0.000826561481547798	4.00734325635651e-05
0.10002181	0.00082859535206931	4.1365189139823e-05
