10002.226	0.00117854497596124	-0.00948957357362031
8914.9326	0.00113679256961589	-0.00849677124092243
7943.9951	0.0010999214559499	-0.00760431597115771
7081.583	0.00106543405872005	-0.00680651507735901
6307.7358	0.00103157975352795	-0.00609196661957501
5622.5879	0.00100321154069109	-0.00545395249548672
5011.603	0.000972314549025645	-0.00488432315898183
4466.4292	0.000949464432736488	-0.004370482694779
3981.2773	0.000923431642658788	-0.00391561412336366
3548.8679	0.000902331611744792	-0.00350406076707845
3163.0398	0.000883391861451988	-0.00313916690024995
2819.0986	0.000865836669218322	-0.00281088894479978
2512.4104	0.000851677683892272	-0.00251771807624995
2239.2869	0.000837106140129639	-0.00225740217686693
1995.6381	0.00082232561792794	-0.00202089981485061
1778.2897	0.000809312136629905	-0.00181095840015452
1584.4927	0.000798062947529566	-0.00162270212730106
1412.7418	0.000783948972495331	-0.00145590699443197
1258.7905	0.000776227510048466	-0.00130383092618687
1121.7966	0.000766862087292511	-0.00116852394776961
999.68164	0.000758877511302804	-0.00104963444404103
891.42474	0.0007510691217265	-0.00094189196005496
794.23932	0.000743885757088146	-0.000845413187968206
707.96161	0.000736384327692551	-0.000757114237398541
631.00977	0.000728369444915084	-0.000680110220890069
562.33929	0.000723467695196662	-0.000608672738182261
501.12231	0.000717365358325534	-0.000545137042580484
446.57214	0.000712176477087887	-0.000488182395744901
398.08899	0.000707111219184608	-0.000435764445065273
354.88681	0.000702423733834443	-0.000390913361649173
316.31589	0.000700474284040655	-0.000344548956008571
281.8942	0.000695527435673498	-0.000308250366183625
251.20601	0.000691640542671517	-0.000273151840544886
223.92496	0.000690947227128612	-0.000239399565147316
199.55338	0.000690385538358602	-0.000213150359117121
177.78128	0.000690336140478376	-0.000186444467317732
158.52898	0.000689525988587293	-0.000162293646918212
141.21979	0.000689020489413366	-0.000142158888603349
125.92673	0.000689519887161428	-0.00012292822855474
112.19009	0.000691740144601947	-0.00010405299762422
99.968163	0.000693125034676391	-8.89577599538585e-05
89.115646	0.000693221811311938	-7.55113293805285e-05
79.415741	0.000698082061694073	-6.38545810495762e-05
70.793182	0.000697369904058375	-5.18909543048927e-05
63.082279	0.000700880160048243	-3.99186349748973e-05
56.241825	0.000704518768228663	-3.28915436905594e-05
50.112232	0.000707901448246217	-2.21649966016076e-05
44.671223	0.000711157434447324	-1.88595109658841e-05
39.808899	0.00071548299186196	-1.30394908764075e-05
35.488308	0.000719174454895735	-8.09271313860237e-06
31.629578	0.000718792349463132	-8.20186637973772e-07
28.187037	0.000720300955572098	1.56877073629055e-06
25.120602	0.000727569494533121	4.72544184264779e-06
22.385418	0.000727279485914359	7.73840953159268e-06
19.955338	0.000732112513499021	7.85858779577361e-06
17.775894	0.000735256219669864	1.26029892185928e-05
15.846864	0.000738041306136614	1.01704553114328e-05
14.127493	0.000738946433609575	1.10689043274203e-05
12.587309	0.000739582916503066	1.42598736328605e-05
11.216775	0.000743688104231493	1.2943629386122e-05
9.9968166	0.000744483598311743	1.27051158068176e-05
8.9082127	0.000748577134772562	1.38627750552352e-05
7.9395623	0.000745634433186736	1.44112708403423e-05
7.0765615	0.000750015975894841	1.66194989152928e-05
6.3105822	0.000753186218190509	1.6278132507554e-05
5.6245475	0.000752976804752924	1.55027220726438e-05
5.0112233	0.000754861831711033	1.78199711550538e-05
4.4642835	0.000757001709011559	1.68378476108069e-05
3.9819033	0.0007577657904987	1.83436947924637e-05
3.5479143	0.000759262214657749	1.63994246994264e-05
3.1629577	0.000759506557763962	1.70337020916866e-05
2.818361	0.000760895629647915	1.77277624452251e-05
2.5112481	0.000761767387456368	1.6035546364704e-05
2.2398233	0.00076105187289404	1.66262441302921e-05
1.9950197	0.00076426392524434	1.6895900499908e-05
1.7775893	0.000764875265490051	1.8461869397827e-05
1.5846864	0.000764391139604159	1.82166753292979e-05
1.4122353	0.00076680564624991	1.93504972492487e-05
1.2582541	0.000767757551554223	1.82186620856507e-05
1.1224822	0.000770372583205834	1.91340514693917e-05
1.0000616	0.000769301895664159	1.97533798985935e-05
0.89082122	0.000773040787267453	1.93638463859833e-05
0.79444051	0.000773657375587528	2.04712229592506e-05
0.70784986	0.000777141241078683	2.10770575273223e-05
0.63126236	0.000777381846618204	2.30079246816668e-05
0.562536	0.000778176477338286	2.255600152283e-05
0.50118715	0.000780184266288905	2.1791487707245e-05
0.44642836	0.000781756350325056	2.18213142366144e-05
0.39821118	0.000782726066948987	2.63480896845435e-05
0.35475865	0.000784145971875219	2.57145687746632e-05
0.31619295	0.000783692923778226	2.83924596366749e-05
0.2819173	0.000785898034032563	2.67615752835037e-05
0.25117323	0.000788246729026968	2.72570700736451e-05
0.22391155	0.00078975632254217	3.15725365908508e-05
0.19957349	0.000792955647747464	3.30378767487296e-05
0.17779917	0.000793676243760016	3.38924773456623e-05
0.15846863	0.000798057839245923	3.41287673376387e-05
0.14123619	0.000799043614773513	3.68340327894796e-05
0.12590662	0.000800445282103147	3.93320772067566e-05
0.1122199	0.000802868375017883	4.08784798756361e-05
0.10002181	0.000806877484624765	4.17583646186577e-05
