10002.226	0.0011773697646147	-0.00949043639527261
8914.9326	0.00113539126343982	-0.00849633137696392
7943.9951	0.00110083533137109	-0.00760368579929563
7081.583	0.00106630783509535	-0.00680686047704062
6307.7358	0.0010347092986959	-0.00609232668312884
5622.5879	0.00100404809716579	-0.00545453342392618
5011.603	0.000971128196602136	-0.00488251191392381
4466.4292	0.000948000515206657	-0.00437237004376654
3981.2773	0.000925856067380404	-0.00391475543026832
3548.8679	0.000902703747326737	-0.00350544671709715
3163.0398	0.000886293318328663	-0.00313960974498588
2819.0986	0.000865889880515109	-0.00281289679217613
2512.4104	0.000850749818721969	-0.00251791627316647
2239.2869	0.000833431407111574	-0.00225632774947292
1995.6381	0.000822331766497016	-0.00202103874095173
1778.2897	0.000811157305257308	-0.00181189645185427
1584.4927	0.000796421080089424	-0.00161952999178174
1412.7418	0.000785605140264895	-0.00145554591801549
1258.7905	0.000777524923546022	-0.00130470737500072
1121.7966	0.000768658931955048	-0.00117174836909007
999.68164	0.000759398482465146	-0.00104978932910241
891.42474	0.000749346665531969	-0.000942055938190577
794.23932	0.000742402385932484	-0.000846519308015683
707.96161	0.000734246212489292	-0.000757685129972263
631.00977	0.000728944786584925	-0.000682187014042556
562.33929	0.000720875768866057	-0.000609309153648532
501.12231	0.000717907003431804	-0.000545541020314188
446.57214	0.000709922632116605	-0.000487079136904811
398.08899	0.000704544680604853	-0.000436938374487911
354.88681	0.000700324914504654	-0.000391146030147765
316.31589	0.000698364447164671	-0.000345824619947656
281.8942	0.000693354906907052	-0.000307896421893116
251.20601	0.000691249287005143	-0.000273170112039555
223.92496	0.000692103407017325	-0.000242162422176299
199.55338	0.000687920907453286	-0.000212781739488454
177.78128	0.000687435872326576	-0.000187279749105708
158.52898	0.000688720592158761	-0.000163084660730327
141.21979	0.000689055294119123	-0.000143106651726245
125.92673	0.000688517531803306	-0.000121673766137882
112.19009	0.000691218702970743	-0.00010539885274371
99.968163	0.000690385089990762	-8.91576093557528e-05
89.115646	0.000694884605632621	-7.4781625836077e-05
79.415741	0.000697634920213036	-6.12660425469107e-05
70.793182	0.00069932932580393	-5.18985617718499e-05
63.082279	0.000701110401413971	-4.13998977298293e-05
56.241825	0.000706075568322428	-3.06655946095774e-05
50.112232	0.000706878880274075	-2.26316350413051e-05
44.671223	0.000710013393164177	-1.74797607331051e-05
39.808899	0.00071474571700426	-1.31839380443384e-05
35.488308	0.000717622980199857	-7.7027057374708e-06
31.629578	0.000720518178518463	-1.52473173650293e-06
28.187037	0.000722342112524598	1.59902824662644e-06
25.120602	0.000724223388248725	4.96792287014177e-06
22.385418	0.000729832018598654	6.81325406449568e-06
19.955338	0.000733249447145162	8.44104961844457e-06
17.775894	0.000736304804673971	1.01684753550562e-05
15.846864	0.000739762004960821	1.04662668403086e-05
14.127493	0.000739001995701424	1.31135480445522e-05
12.587309	0.000741088561610697	1.33505001555173e-05
11.216775	0.000742720790309725	1.44355052818906e-05
9.9968166	0.000745054074804031	1.42818252695318e-05
8.9082127	0.000746943604346827	1.68702520368002e-05
7.9395623	0.000747580832575017	1.68690600940999e-05
7.0765615	0.00074930486732574	1.82844775226702e-05
6.3105822	0.000751977946008546	1.55476535804102e-05
5.6245475	0.000754539397445754	1.72941831358599e-05
5.0112233	0.00075499294563421	1.76022446526704e-05
4.4642835	0.000757232246859672	1.58279531413858e-05
3.9819033	0.000756568271796642	1.6562989035757e-05
3.5479143	0.000758733438373737	1.7779082916871e-05
3.1629577	0.000759419814360713	1.69912465105163e-05
2.818361	0.000762222655214095	1.69428640648629e-05
2.5112481	0.000762505577645243	1.50081698853197e-05
2.2398233	0.000761530315561612	1.69184235111979e-05
1.9950197	0.000765095540794823	1.92500687321615e-05
1.7775893	0.00076557669383202	1.7600349100872e-05
1.5846864	0.000765999899478989	1.65481180681173e-05
1.4122353	0.000767715040204356	1.76872725270474e-05
1.2582541	0.000769689613872994	1.82777166413468e-05
1.1224822	0.000771533029674247	1.80588048816068e-05
1.0000616	0.000771153785800169	1.84613461937195e-05
0.89082122	0.000773172990444901	2.00452344936966e-05
0.79444051	0.000773165430427887	2.08550007481515e-05
0.70784986	0.000776516502049432	1.97023473062954e-05
0.63126236	0.00077578429546037	2.21361960919157e-05
0.562536	0.000779155782218802	2.19755498657406e-05
0.50118715	0.00077872928720601	2.27025369123259e-05
0.44642836	0.000781053368307268	2.29939368596459e-05
0.39821118	0.000783536961775065	2.38724500592357e-05
0.35475865	0.000783395954912064	2.59442304146272e-05
0.31619295	0.000783775347768876	2.86120551209348e-05
0.2819173	0.000788096054282578	2.7820677069603e-05
0.25117323	0.000790385254107449	2.98447418371663e-05
0.22391155	0.000789810640848057	3.02312852420438e-05
0.19957349	0.000791500715003805	3.28077612217065e-05
0.17779917	0.000793461300423437	3.33868304754509e-05
0.15846863	0.000797301499590854	3.4738074744188e-05
0.14123619	0.000800093072300343	3.7408376891642e-05
0.12590662	0.000801580517733322	3.76530091016517e-05
0.1122199	0.00080097370276539	3.9231611554532e-05
0.10002181	0.000804008469895858	4.19051577419564e-05
