10002.226	0.00117787545212671	-0.00948948962406842
8914.9326	0.00113799521126344	-0.00849702256222839
7943.9951	0.00109986416069318	-0.00760523242585068
7081.583	0.00106438688653942	-0.00680928428971928
6307.7358	0.00103374167352981	-0.00609075483221876
5622.5879	0.000999447291659429	-0.00545368598921452
5011.603	0.000973111501233125	-0.00488250758259523
4466.4292	0.000948553084338556	-0.00437093352536927
3981.2773	0.000925318379254648	-0.00391377077323975
3548.8679	0.000901415705246435	-0.0035039854446415
3163.0398	0.000884062705302661	-0.00314059149947963
2819.0986	0.00086912344166825	-0.00281083323231086
2512.4104	0.000848496521061126	-0.00251892955440537
2239.2869	0.000835076179194534	-0.00225516278988054
1995.6381	0.000822261501871724	-0.0020189178458554
1778.2897	0.00080934009908358	-0.00180868165696299
1584.4927	0.000797505327783507	-0.00162137372542609
1412.7418	0.000783805573754901	-0.00145399348340672
1258.7905	0.000778910470166631	-0.00130449274557025
1121.7966	0.000765731869666163	-0.00117052813329061
999.68164	0.000759781432924756	-0.00104740416558468
891.42474	0.000750903862182687	-0.000942055363722889
794.23932	0.000743650818938741	-0.00084633189024056
707.96161	0.000736097845103385	-0.000755493979096957
631.00977	0.000729082302444599	-0.000681753252585319
562.33929	0.000723230756219059	-0.00060735312719923
501.12231	0.000716743884174802	-0.000545308501890589
446.57214	0.000710339404493373	-0.000488280843748844
398.08899	0.000706414892684261	-0.000437463393814276
354.88681	0.000701633416080738	-0.000388940528982155
316.31589	0.000700546467033807	-0.000345487570713726
281.8942	0.000695108115132802	-0.000311320798874483
251.20601	0.000690271727439573	-0.000274719250813438
223.92496	0.000690900334503826	-0.000242159024253657
199.55338	0.000689624550186504	-0.000211834462019566
177.78128	0.000688157732022034	-0.000187759927081216
158.52898	0.000689712363623366	-0.000162735098891926
141.21979	0.000688565742308098	-0.000142433409184806
125.92673	0.000690793736868836	-0.000123169895760257
112.19009	0.000689465906048962	-0.000107047553260654
99.968163	0.000691329248855856	-8.94734121804712e-05
89.115646	0.000695784228285916	-7.36932925018025e-05
79.415741	0.000697660622911321	-6.17994798607695e-05
70.793182	0.000698120997111187	-4.97951251856738e-05
63.082279	0.000702010724858886	-4.12838331953597e-05
56.241825	0.000706305860791419	-3.07234306609582e-05
50.112232	0.000707422345727211	-2.31829054070585e-05
44.671223	0.000709645587204855	-1.98440661267903e-05
39.808899	0.000714870227893071	-1.15149973264629e-05
35.488308	0.000718882837214354	-7.10020199479135e-06
31.629578	0.000719628444504576	-2.37137043170247e-06
28.187037	0.000724521212843764	-1.33629549112871e-07
25.120602	0.000726158172336389	5.35152771367721e-06
22.385418	0.00072943933697187	8.77528816088477e-06
19.955338	0.000731412404588405	8.03761332602696e-06
17.775894	0.0007338804608192	1.00818130831376e-05
15.846864	0.000737062579860447	1.0736023657193e-05
14.127493	0.000741190734412519	1.24001785220737e-05
12.587309	0.000741960351145602	1.2858074685032e-05
11.216775	0.000742974071018785	1.49740359763712e-05
9.9968166	0.000745729910850429	1.45460840070294e-05
8.9082127	0.000748093269419222	1.5706227150998e-05
7.9395623	0.000747324282784357	1.55939075458801e-05
7.0765615	0.000750231924209976	1.68436391684654e-05
6.3105822	0.000752708476051511	1.47249207703814e-05
5.6245475	0.000753041764529615	1.65813557427545e-05
5.0112233	0.000755472102803591	1.6833804826605e-05
4.4642835	0.000757571625285905	1.66607941319111e-05
3.9819033	0.000757589898844543	1.60751193996736e-05
3.5479143	0.00075989759372756	1.58194661785826e-05
3.1629577	0.000761723072158039	1.79827067631647e-05
2.818361	0.000760215579134856	1.65514255199087e-05
2.5112481	0.000762338889641697	1.62061785932861e-05
2.2398233	0.0007622707840451	1.7555467217376e-05
1.9950197	0.000764153130943934	1.8105430743858e-05
1.7775893	0.000765584028986708	1.74107756094629e-05
1.5846864	0.000767187383093231	1.78851978015804e-05
1.4122353	0.000768531670267435	1.84181963943902e-05
1.2582541	0.000770406028749489	1.85438557302651e-05
1.1224822	0.000771297571017966	1.90045549185441e-05
1.0000616	0.000771053486473908	2.01111557545762e-05
0.89082122	0.000772881060950698	2.10488996719675e-05
0.79444051	0.00077145015210192	2.1458906666911e-05
0.70784986	0.000774720135458971	2.06618823331373e-05
0.63126236	0.000776356796558776	2.47754558501644e-05
0.562536	0.000776962753207279	2.37310182476911e-05
0.50118715	0.000780712898582964	2.23553376593612e-05
0.44642836	0.000781489394711565	2.62645825097306e-05
0.39821118	0.00078311304940031	2.50490984839392e-05
0.35475865	0.000783499899799685	2.53041338577646e-05
0.31619295	0.000784807206748392	2.73281467980422e-05
0.2819173	0.000786719729806531	2.81361361115277e-05
0.25117323	0.000788455877818128	3.02986688251821e-05
0.22391155	0.000790925539229978	3.11451276496019e-05
0.19957349	0.000793739903299563	3.18555399429504e-05
0.17779917	0.000794697715287616	3.46690119073513e-05
0.15846863	0.000795462151680705	3.54960697072152e-05
0.14123619	0.000798625900762621	3.44068841662766e-05
0.12590662	0.000800064372067885	3.85561660085181e-05
0.1122199	0.000802694623953193	4.22952497722879e-05
0.10002181	0.00080622253682541	4.31462882863133e-05
