10002.226	0.00118613910093632	-0.00952810742721815
8914.9326	0.00114589822338997	-0.00853088859313748
7943.9951	0.00110753560514753	-0.00763592448762924
7081.583	0.00107621189275979	-0.00683706979295135
6307.7358	0.00104206611251681	-0.00611500623596649
5622.5879	0.00100927104948727	-0.00547661976867787
5011.603	0.000983312094817201	-0.00490125014440095
4466.4292	0.000958225174437244	-0.00439105091681099
3981.2773	0.000935194536203561	-0.00393153097114924
3548.8679	0.000911004063453684	-0.00351912738802702
3163.0398	0.000892669291906517	-0.00315211238252375
2819.0986	0.000874220258725578	-0.00282166713755268
2512.4104	0.000858572320146899	-0.00252739188106362
2239.2869	0.000842624038105169	-0.00226590746748915
1995.6381	0.000829231681741316	-0.00203102824120717
1778.2897	0.00081897964851641	-0.00181877224420887
1584.4927	0.000805087165000052	-0.00162911130078313
1412.7418	0.000794443421738547	-0.00146071599146522
1258.7905	0.00078502075645333	-0.00130976915963342
1121.7966	0.000777180019764779	-0.00117594877500094
999.68164	0.000767757995724221	-0.00105371723071975
891.42474	0.000759246364878968	-0.000946219521775207
794.23932	0.000751278472246027	-0.000849957929611171
707.96161	0.000742809786151553	-0.000761083869487677
631.00977	0.000738364155371857	-0.000684413986156052
562.33929	0.000731446701669698	-0.00060926026913918
501.12231	0.000724635208576255	-0.000549477218335083
446.57214	0.00071971041965027	-0.000488325614504593
398.08899	0.000715663719232312	-0.00043755288012053
354.88681	0.000708306308845536	-0.000391968612948529
316.31589	0.000709512384473448	-0.000348031705678935
281.8942	0.000704686555910407	-0.000309719923191014
251.20601	0.000700543927847801	-0.000277057890804722
223.92496	0.000700611429290239	-0.00024178292787299
199.55338	0.000698986094609463	-0.000214498523234951
177.78128	0.000696989370762959	-0.000188496794692367
158.52898	0.000698154841579452	-0.000162249858788071
141.21979	0.000698394206266969	-0.000143079798113277
125.92673	0.000697731223849452	-0.000121690578040865
112.19009	0.000701210967836815	-0.000105832776932009
99.968163	0.00070081458456576	-8.80694667820415e-05
89.115646	0.000703675615332609	-7.40614258134723e-05
79.415741	0.00070653566552302	-6.32502966824585e-05
70.793182	0.000707501001190676	-5.15835861269999e-05
63.082279	0.000710160467224078	-4.2154394142093e-05
56.241825	0.000714225953551331	-3.17431333668741e-05
50.112232	0.000716108341374756	-2.41374598216914e-05
44.671223	0.000718905227093785	-1.82329834720337e-05
39.808899	0.000721193341234812	-1.22379828942204e-05
35.488308	0.000724746867848826	-7.28542996293389e-06
31.629578	0.000729265500050206	-2.12222590267103e-06
28.187037	0.00073119836984607	-1.35227629772049e-07
25.120602	0.000735115958969581	4.47532979043385e-06
22.385418	0.000737600080604641	8.7047116241874e-06
19.955338	0.00073985028773436	8.53794049079045e-06
17.775894	0.000743618725534729	1.1357178375652e-05
15.846864	0.000744697683767883	1.09953518080378e-05
14.127493	0.000748999829101884	1.3475770637232e-05
12.587309	0.000751699055584937	1.44752966603065e-05
11.216775	0.000750963409333923	1.45919263022593e-05
9.9968166	0.00075458737063778	1.42109374796541e-05
8.9082127	0.000756260861737795	1.61298241591992e-05
7.9395623	0.000757561063951756	1.74508722237467e-05
7.0765615	0.000760944232158227	1.63412928788589e-05
6.3105822	0.000761927251063475	1.68481523078531e-05
5.6245475	0.000762365995511635	1.65548700936403e-05
5.0112233	0.000764366199344344	1.55036737808725e-05
4.4642835	0.000765690387031741	1.63461682760726e-05
3.9819033	0.000766803635236702	1.70245966493158e-05
3.5479143	0.000764994488402349	1.71885307545002e-05
3.1629577	0.000770495447944062	1.59660886570916e-05
2.818361	0.00077111736566193	1.72139745327447e-05
2.5112481	0.00077029259501587	1.76688311758735e-05
2.2398233	0.000773178542181195	1.60490158632674e-05
1.9950197	0.000771628497990389	1.68183014005501e-05
1.7775893	0.000774076067928268	1.7032693631542e-05
1.5846864	0.000775387371345089	1.90759735352695e-05
1.4122353	0.000774646386818722	1.95166290089571e-05
1.2582541	0.00077714803537181	1.99086005199899e-05
1.1224822	0.000777983225769567	1.89946431557367e-05
1.0000616	0.000779711680589555	1.93986488099073e-05
0.89082122	0.000780947778603694	1.92944280172529e-05
0.79444051	0.000780135690179007	2.17369847431738e-05
0.70784986	0.000784948823713	2.19049616839251e-05
0.63126236	0.000786529770178044	2.24566058978806e-05
0.562536	0.000786096439620342	2.19391995997401e-05
0.50118715	0.000787547458151508	2.34651140294004e-05
0.44642836	0.000789279390543315	2.33452684280625e-05
0.39821118	0.000791335781710817	2.56736474966792e-05
0.35475865	0.000794609676948523	2.70877282927063e-05
0.31619295	0.000795348780466384	2.82494441893289e-05
0.2819173	0.000795944260793203	2.8026388422903e-05
0.25117323	0.000796125864003062	2.76950118364167e-05
0.22391155	0.000799133954815291	3.03262191439473e-05
0.19957349	0.000802256867596738	3.2772578631988e-05
0.17779917	0.000802404832166027	3.5466651982096e-05
0.15846863	0.000806138578012422	3.40129627762449e-05
0.14123619	0.000806557816939403	3.65172317630667e-05
0.12590662	0.000808582876069208	3.96895147918462e-05
0.1122199	0.000812287797874075	4.15642350867836e-05
0.10002181	0.000813586635847478	4.35690050770371e-05
