10002.226	0.00118564240649713	-0.00952877831541741
8914.9326	0.00114742684385619	-0.00853002738331636
7943.9951	0.00110768217221065	-0.00763494660041608
7081.583	0.00107365442660557	-0.00683657883079613
6307.7358	0.00104242973847673	-0.00611543463085136
5622.5879	0.00101079518342451	-0.00547737827821249
5011.603	0.000980576635691623	-0.00490323461560546
4466.4292	0.000956406756993375	-0.00439146079995105
3981.2773	0.000933819435491759	-0.00393065044822799
3548.8679	0.000910049012737695	-0.00351916378112513
3163.0398	0.000893165382183474	-0.00315264193608806
2819.0986	0.000875320992987786	-0.00282309422895728
2512.4104	0.000859847909991172	-0.00252838041400165
2239.2869	0.000842975518789204	-0.00226467930376914
1995.6381	0.000831295136557185	-0.00202944130210058
1778.2897	0.000817491977176402	-0.00181796558763902
1584.4927	0.000805282600120967	-0.00163040013523039
1412.7418	0.00079316549348098	-0.00146123233592969
1258.7905	0.000785864817938011	-0.0013102378112057
1121.7966	0.000775071217758953	-0.00117540753484123
999.68164	0.000767498158948333	-0.0010532608251512
891.42474	0.000757768384829903	-0.000945062984557496
794.23932	0.000751882718829854	-0.000849413492356782
707.96161	0.000743042918469809	-0.000759998916958277
631.00977	0.000736824389516365	-0.000682387678822703
562.33929	0.000732026021699091	-0.000611409774541254
501.12231	0.000725184399959254	-0.00054676054105706
446.57214	0.000720845838654881	-0.000489117184340513
398.08899	0.000717826371470401	-0.000438996850199149
354.88681	0.00070936160416639	-0.000391990322898351
316.31589	0.000707928986008108	-0.000347209666029012
281.8942	0.000703792045930647	-0.000310708269127745
251.20601	0.000700724748581902	-0.000275858790418622
223.92496	0.000699984941437801	-0.000243986331975187
199.55338	0.000699058503388645	-0.000214080823155154
177.78128	0.000696670038834632	-0.000188138276388936
158.52898	0.000698031974903959	-0.000162318790174557
141.21979	0.000696804232085227	-0.000142143177204097
125.92673	0.000698019520934197	-0.00012282898697598
112.19009	0.000700488905393278	-0.000106499960716549
99.968163	0.000700790148430788	-8.88066172110619e-05
89.115646	0.000702521296963972	-7.72379448238314e-05
79.415741	0.00070475678401772	-6.22039834306548e-05
70.793182	0.000707608856275486	-5.08049238135727e-05
63.082279	0.000710679231247654	-4.1431553605875e-05
56.241825	0.000715901750907315	-3.16256024762833e-05
50.112232	0.000717775630169732	-2.46823093958029e-05
44.671223	0.0007195555872118	-1.78018544775547e-05
39.808899	0.000721884974247816	-1.48225085309984e-05
35.488308	0.000726110478998638	-7.89088092121727e-06
31.629578	0.000727026482626375	-1.87245134253883e-06
28.187037	0.000731532696128524	-3.7897610484914e-07
25.120602	0.000734749312151481	2.48943831829948e-06
22.385418	0.000738445834656991	6.23650595841682e-06
19.955338	0.000740358062506953	7.04654024710555e-06
17.775894	0.000743891454795188	1.17400462424523e-05
15.846864	0.000743859593233774	1.13850897555075e-05
14.127493	0.000748543649310945	1.36713740229482e-05
12.587309	0.00074862640898442	1.37271259673432e-05
11.216775	0.000754200749774874	1.28083929756841e-05
9.9968166	0.000754997492975428	1.2471487722096e-05
8.9082127	0.000754201430944692	1.52616315158225e-05
7.9395623	0.000756761738698849	1.39312999848879e-05
7.0765615	0.000761463796241932	1.97940740975192e-05
6.3105822	0.00076184167739887	1.63586426272065e-05
5.6245475	0.000761402971915265	1.47542449568246e-05
5.0112233	0.000765272011471879	1.70484989800078e-05
4.4642835	0.000765351781889495	1.59718470701148e-05
3.9819033	0.000766304978434006	1.5439801081654e-05
3.5479143	0.000768156899159399	1.52671303318566e-05
3.1629577	0.000769702199102789	1.79797633546423e-05
2.818361	0.00077146357036739	1.643113593653e-05
2.5112481	0.000772058524948277	1.66700021881096e-05
2.2398233	0.00077161263865087	1.63014485664822e-05
1.9950197	0.000772438287741872	1.67658553150243e-05
1.7775893	0.000774277669337322	1.69648158674528e-05
1.5846864	0.000776300437874593	1.77029174168394e-05
1.4122353	0.000777012172302162	1.74453949179309e-05
1.2582541	0.000776473880952207	2.03168399640886e-05
1.1224822	0.000777788098051801	1.91129163134807e-05
1.0000616	0.000779594203128764	2.05740987813187e-05
0.89082122	0.000780538850013942	2.20223246623838e-05
0.79444051	0.00078073399369878	2.09902836831491e-05
0.70784986	0.000785351465380515	2.1695884926392e-05
0.63126236	0.000785935824491576	2.29858092583143e-05
0.562536	0.00078799451546492	2.27381450924375e-05
0.50118715	0.00078671677210978	2.33389282527931e-05
0.44642836	0.00079142837876776	2.33606976051698e-05
0.39821118	0.000791058586149184	2.66602434339716e-05
0.35475865	0.000791850178036669	2.44048638979546e-05
0.31619295	0.000794422782043892	2.73313409278607e-05
0.2819173	0.000794755349879279	2.82966481924293e-05
0.25117323	0.000797712333035518	2.88362288365665e-05
0.22391155	0.000799803264427464	2.99074634525631e-05
0.19957349	0.000802199102430844	3.22974318423009e-05
0.17779917	0.000804513699267688	3.51427755800947e-05
0.15846863	0.000804974628993181	3.55413412193974e-05
0.14123619	0.000806032136827497	3.80523989323589e-05
0.12590662	0.000809954692584049	3.89080011378364e-05
0.1122199	0.000812502046225061	3.92402532818436e-05
0.10002181	0.000813741811163518	4.40103809717941e-05
