10002.226	0.00118716530153011	-0.00952785569030489
8914.9326	0.00114662883859876	-0.00852974784881589
7943.9951	0.00110872300087263	-0.0076350063270873
7081.583	0.00107451073343904	-0.00683291579421969
6307.7358	0.00104199099843599	-0.00611606663221847
5622.5879	0.00101126599269631	-0.00547703799936547
5011.603	0.00098021812181791	-0.00490454298199011
4466.4292	0.000957777776003536	-0.0043890850943535
3981.2773	0.000935108687520678	-0.00392937661961837
3548.8679	0.00091104484038983	-0.00352042776444502
3163.0398	0.000892977276909586	-0.00315220859671872
2819.0986	0.000873856877338721	-0.00282262899304519
2512.4104	0.000861187822330348	-0.00252713673994276
2239.2869	0.000842182022019329	-0.00226599783604968
1995.6381	0.000832258098861114	-0.00202954616886748
1778.2897	0.000818390012067072	-0.00181788150126725
1584.4927	0.000806930621510805	-0.001628273032917
1412.7418	0.000792608128262026	-0.00146191508389513
1258.7905	0.000784919178301321	-0.00131027969802498
1121.7966	0.000776633796555426	-0.00117610502081259
999.68164	0.000768607243350196	-0.00105244528249058
891.42474	0.000759102718805006	-0.000946383337465328
794.23932	0.000753238908082484	-0.000848920293747492
707.96161	0.000744542226312743	-0.000760443880424145
631.00977	0.000736071897416853	-0.000683084278281892
562.33929	0.000731042867413555	-0.000610237133916272
501.12231	0.000726190919305807	-0.000547852849577624
446.57214	0.000720138809177337	-0.000489506341851194
398.08899	0.00071479203279087	-0.00043749547272973
354.88681	0.000711390163804475	-0.000390046014763942
316.31589	0.000708989792714726	-0.000347893008577611
281.8942	0.000705870361293616	-0.000308834838622872
251.20601	0.000700910890845999	-0.000275627231322852
223.92496	0.000699156005529143	-0.000244787900723401
199.55338	0.000699983768884143	-0.000216256902944303
177.78128	0.000696996855541416	-0.000186708710869745
158.52898	0.000698125630079342	-0.00016243874799067
141.21979	0.000697816406520424	-0.000142314602663947
125.92673	0.000698938956937615	-0.000124628513842846
112.19009	0.000697293361237725	-0.000105170602670293
99.968163	0.000703397863958599	-8.97787155089731e-05
89.115646	0.000703624270026582	-7.60659090651152e-05
79.415741	0.000706764707206164	-6.36761115392893e-05
70.793182	0.000707967850691482	-5.20439073837455e-05
63.082279	0.000711092265698683	-4.08888407926053e-05
56.241825	0.000715093687973238	-3.02580345822597e-05
50.112232	0.000717552556627844	-2.37412123702687e-05
44.671223	0.000718248213805292	-1.88076426301267e-05
39.808899	0.000723693696968648	-1.26030052943596e-05
35.488308	0.000724947732030621	-8.64825063202573e-06
31.629578	0.000730472911763652	-9.15585427215134e-07
28.187037	0.000731160395788318	-1.29186093581276e-06
25.120602	0.000734433841490791	5.01681144646177e-06
22.385418	0.000735974704363987	7.76249315913472e-06
19.955338	0.000741448490271458	8.18588747314696e-06
17.775894	0.000742678873706353	1.27978349140236e-05
15.846864	0.000745699711392747	1.16310186859954e-05
14.127493	0.000748116325030385	1.23595461620195e-05
12.587309	0.000749801106939464	1.37516357196256e-05
11.216775	0.000751066746114896	1.44623987149468e-05
9.9968166	0.000755227523225969	1.52564555754924e-05
8.9082127	0.000755160874581042	1.43627580764397e-05
7.9395623	0.000755836218024492	1.52086589592301e-05
7.0765615	0.000759252718738826	1.90488676443052e-05
6.3105822	0.000761158907320207	1.63708483511646e-05
5.6245475	0.000763124640662823	1.42348174380855e-05
5.0112233	0.000762673255061975	1.80140775242217e-05
4.4642835	0.000764934517404033	1.69698278542354e-05
3.9819033	0.000766056089775136	1.62839938074099e-05
3.5479143	0.000766215609564354	1.77868077242977e-05
3.1629577	0.000767792597354465	1.83071070545725e-05
2.818361	0.000770641493807357	1.80789562105425e-05
2.5112481	0.000773585805131075	1.59711161710382e-05
2.2398233	0.000770144400124893	1.82914260565933e-05
1.9950197	0.000773092545850476	1.71000185167618e-05
1.7775893	0.000772991190393541	1.73632471529179e-05
1.5846864	0.000776216311983941	1.79544747741646e-05
1.4122353	0.000777331074698585	1.82451408819434e-05
1.2582541	0.000774835484270441	2.06788983856768e-05
1.1224822	0.000777494732456941	1.77680642397475e-05
1.0000616	0.000778536934121603	1.91107492858489e-05
0.89082122	0.00078068627982127	2.06209984463839e-05
0.79444051	0.000782986832364688	1.99506467048784e-05
0.70784986	0.00078325548611352	1.98118107866357e-05
0.63126236	0.000783727029844814	2.15692726855577e-05
0.562536	0.000786651797484869	2.15388033259208e-05
0.50118715	0.000788478411033077	2.21628588826594e-05
0.44642836	0.000789058045627801	2.30092848535389e-05
0.39821118	0.000792008228506498	2.54036593273376e-05
0.35475865	0.000792409255928511	2.66892629433247e-05
0.31619295	0.000793290416885221	2.6945927001238e-05
0.2819173	0.000794834392346982	2.91215750090003e-05
0.25117323	0.000796577021905053	3.10186084792606e-05
0.22391155	0.000800518014243705	3.02541626113727e-05
0.19957349	0.000801746843558046	3.24398978244377e-05
0.17779917	0.000802118648365495	3.4017142737809e-05
0.15846863	0.000805814497456794	3.56050831829597e-05
0.14123619	0.000807706689567098	3.67019184857218e-05
0.12590662	0.000810416258046361	3.90988393544339e-05
0.1122199	0.00081225623577447	3.9217304187242e-05
0.10002181	0.000812797265972685	4.15934715354528e-05
