10002.226	0.00118764137377094	-0.00952891370468846
8914.9326	0.00114626946730068	-0.0085276943160343
7943.9951	0.00110898627146236	-0.00763730638155269
7081.583	0.00107117956035897	-0.00683695014759998
6307.7358	0.00104343911685394	-0.00611652113124354
5622.5879	0.00100920822190753	-0.00547500878009059
5011.603	0.000983116767328049	-0.00490369499437666
4466.4292	0.000959240772773407	-0.00439045390413414
3981.2773	0.000932859631243581	-0.00393087999876201
3548.8679	0.000910233187734093	-0.0035190730301676
3163.0398	0.00089175057173748	-0.00315248098236994
2819.0986	0.000876250747475644	-0.00282363144057603
2512.4104	0.000857797837458162	-0.00252634549082069
2239.2869	0.000842295254850876	-0.00226726809811563
1995.6381	0.000833489062102688	-0.00202742354064341
1778.2897	0.00081860936324876	-0.00181771826730686
1584.4927	0.000808037050980564	-0.0016284970364193
1412.7418	0.000791776130139243	-0.00146143792416658
1258.7905	0.000783409589433738	-0.00131040505551582
1121.7966	0.000777057786919364	-0.00117463694843347
999.68164	0.000766767431732366	-0.00105158479730987
891.42474	0.000758350426454945	-0.000945632487380205
794.23932	0.000752651478836628	-0.000850253575337779
707.96161	0.000745182658190444	-0.000761131133281842
631.00977	0.00073622627025508	-0.00068222707501246
562.33929	0.00073154313707654	-0.000609517591805033
501.12231	0.000726451462125517	-0.000549340109794521
446.57214	0.000720428006706916	-0.000489734995115213
398.08899	0.000715300118070196	-0.000439229122350451
354.88681	0.000710721087053416	-0.000390187378954533
316.31589	0.000710377853789514	-0.00034804905434598
281.8942	0.000704892301990462	-0.00031059492128874
251.20601	0.000699667777643182	-0.000276315037953701
223.92496	0.000699457838188267	-0.000242286099796931
199.55338	0.000697853194414526	-0.000215895384011408
177.78128	0.000696961371431301	-0.000186607833348485
158.52898	0.000696635042534996	-0.000163589629930656
141.21979	0.000696970341025272	-0.000144043180670808
125.92673	0.000697469231521773	-0.000122727801457638
112.19009	0.000700715664063691	-0.00010764562213546
99.968163	0.00070160324702396	-8.80146685597217e-05
89.115646	0.000703424895295871	-7.61675271903102e-05
79.415741	0.000704318463298137	-6.20154278438635e-05
70.793182	0.000708134297974382	-5.08981546421211e-05
63.082279	0.000710361420138955	-4.25022680239285e-05
56.241825	0.000717594258661739	-3.06224108768015e-05
50.112232	0.000716027872536217	-2.25559340114299e-05
44.671223	0.000718828324150636	-1.64650233988495e-05
39.808899	0.000720808704641974	-1.50054592210878e-05
35.488308	0.000726291024649917	-5.73011415432634e-06
31.629578	0.0007291424676457	-2.2136663752805e-06
28.187037	0.000730598346673159	4.95698859092249e-07
25.120602	0.000735223327560785	1.19308945964479e-06
22.385418	0.00073852931364036	5.89081604370267e-06
19.955338	0.000740599393484731	7.57996745508337e-06
17.775894	0.000741461220953743	1.0201945090983e-05
15.846864	0.000745784121880754	9.54103585014298e-06
14.127493	0.000747896030789704	1.27467504107217e-05
12.587309	0.000751150207794194	1.4363106934447e-05
11.216775	0.000750633665767892	1.09334559623352e-05
9.9968166	0.000752842135035227	1.46361729906171e-05
8.9082127	0.000757547929647674	1.59438640063842e-05
7.9395623	0.000755870797061371	1.67286003476023e-05
7.0765615	0.000759619913389895	1.84178596227373e-05
6.3105822	0.00076037883946475	1.75881569301034e-05
5.6245475	0.000762135601450059	1.5376997814869e-05
5.0112233	0.0007646724634695	1.76021930964112e-05
4.4642835	0.000765038440150651	1.81691271205263e-05
3.9819033	0.000765766898444976	1.80254384454372e-05
3.5479143	0.000766662814111543	1.6408587335947e-05
3.1629577	0.00076978025994182	1.89544749619909e-05
2.818361	0.000768848707396246	1.79986095296465e-05
2.5112481	0.00077023541805174	1.73781374081212e-05
2.2398233	0.000772759218392021	1.91349269380583e-05
1.9950197	0.00077185253239154	1.89513445185096e-05
1.7775893	0.000774787062023342	1.87293575472105e-05
1.5846864	0.000776191700998378	1.71509344741452e-05
1.4122353	0.000776124001694092	1.91408921968897e-05
1.2582541	0.000777935745247199	1.95630476923895e-05
1.1224822	0.000778162852488278	1.86364703655354e-05
1.0000616	0.000779385956863156	1.97569735645236e-05
0.89082122	0.000781045613082089	2.11886355432952e-05
0.79444051	0.00078227244855587	2.1590462008256e-05
0.70784986	0.000784108099080799	2.03386129737816e-05
0.63126236	0.000786659604314499	2.19665741638391e-05
0.562536	0.000786036154575235	2.25578381331002e-05
0.50118715	0.000788513147589509	2.25816745599419e-05
0.44642836	0.000790031570059986	2.48320306967636e-05
0.39821118	0.000792429173448844	2.66880230125745e-05
0.35475865	0.00079158112721024	2.83730083173727e-05
0.31619295	0.000793369279091295	2.7711414310621e-05
0.2819173	0.00079658985876012	2.70811791451131e-05
0.25117323	0.000797341528076413	2.76859075683692e-05
0.22391155	0.00079841782246955	3.05257222913319e-05
0.19957349	0.000799409799452723	3.11171796914073e-05
0.17779917	0.000802925756339344	3.32328727099461e-05
0.15846863	0.000806799758570612	3.37988659377781e-05
0.14123619	0.000808062004844186	3.53431276759131e-05
0.12590662	0.000809572871164745	3.71598120517963e-05
0.1122199	0.000814049406707943	4.07368210269737e-05
0.10002181	0.000814520077602363	4.35678715114508e-05
