10002.226	0.00118730452853625	-0.00952961737687375
8914.9326	0.00114631178393481	-0.00852951660642945
7943.9951	0.00110910740967668	-0.00763425063860874
7081.583	0.00107241402771943	-0.00683498785553118
6307.7358	0.00104205019793942	-0.00611625797072224
5622.5879	0.00100996356100046	-0.00547602634190507
5011.603	0.000981165379622131	-0.00490228398366681
4466.4292	0.000958556558075818	-0.0043889379253206
3981.2773	0.000931693336832975	-0.00393153627276513
3548.8679	0.000911186367937134	-0.00351861942382014
3163.0398	0.00089208241234298	-0.00315160453706714
2819.0986	0.000875338800918657	-0.00282011186523699
2512.4104	0.000860149405570275	-0.002529509984077
2239.2869	0.000844267437146215	-0.00226366069915736
1995.6381	0.000830874364161024	-0.00203038466463749
1778.2897	0.000819322480579398	-0.0018187518466502
1584.4927	0.000803996199860171	-0.00162815620468855
1412.7418	0.000793855879637802	-0.00146103538686627
1258.7905	0.000784835958651869	-0.00130977271893879
1121.7966	0.000777075015667525	-0.00117571121992014
999.68164	0.000769002809481871	-0.00105345767948746
891.42474	0.000760432851269092	-0.000946079323704099
794.23932	0.000753244901967228	-0.000848759981167268
707.96161	0.00074350592402983	-0.000758231044054716
631.00977	0.00073706360451096	-0.000685018267195107
562.33929	0.000731856953113114	-0.000611422934680386
501.12231	0.000725142719637059	-0.000547860905141888
446.57214	0.000720531484914758	-0.0004892832065596
398.08899	0.000715883740251841	-0.000438119737441393
354.88681	0.000709787221607565	-0.000389640562008952
316.31589	0.000708250432790705	-0.000347071286900413
281.8942	0.000703154943784493	-0.000309426835288922
251.20601	0.000696449433374221	-0.000275779771266251
223.92496	0.000699083133754292	-0.000243712982115272
199.55338	0.000698879887876799	-0.000214169300751658
177.78128	0.000696442327778951	-0.000186520386024879
158.52898	0.000697242675772601	-0.000163759110260731
141.21979	0.00069804903068019	-0.000142314576733758
125.92673	0.000698604463036045	-0.000122595869082779
112.19009	0.000698751833598237	-0.000106213649818508
99.968163	0.000700838813469588	-8.95837535512612e-05
89.115646	0.000702302478739853	-7.51818063719458e-05
79.415741	0.000705065886080536	-6.36883103376195e-05
70.793182	0.000707494010030882	-5.18941113618913e-05
63.082279	0.000710218171302648	-4.09733664320026e-05
56.241825	0.00071472912745618	-3.04103386184383e-05
50.112232	0.000715584287305343	-2.43544851490828e-05
44.671223	0.000719211235796306	-1.77306356480451e-05
39.808899	0.000724111467808695	-1.1680530087901e-05
35.488308	0.000725995563750086	-9.99112852436611e-06
31.629578	0.000729097872057852	-1.5517798414783e-06
28.187037	0.000731640467902378	6.94162882054608e-07
25.120602	0.000733587364759885	4.62570233443006e-06
22.385418	0.000737297121409327	6.70104798085951e-06
19.955338	0.000739591103901601	8.46038048075957e-06
17.775894	0.000742656693332932	1.00063985359217e-05
15.846864	0.000746259929680989	9.6566832400165e-06
14.127493	0.000746889631423855	1.11377931274133e-05
12.587309	0.000749398465648792	1.41164838666972e-05
11.216775	0.00075127288430683	1.49354508842529e-05
9.9968166	0.000753529556797518	1.45051229068415e-05
8.9082127	0.000757437019699123	1.55509892469229e-05
7.9395623	0.000756512781189939	1.59284825604296e-05
7.0765615	0.000759315046937678	1.78116026256655e-05
6.3105822	0.000760536813450555	1.50850045427155e-05
5.6245475	0.000762265789232572	1.55145176232286e-05
5.0112233	0.000763004303576218	1.81470203792265e-05
4.4642835	0.000765020354425097	1.72562741757739e-05
3.9819033	0.000767222937074967	1.67541853754199e-05
3.5479143	0.000768780846239002	1.66486297705893e-05
3.1629577	0.000770403823952758	1.83715781550322e-05
2.818361	0.00076964869212311	1.72673129717715e-05
2.5112481	0.000770556407917662	1.5478085748321e-05
2.2398233	0.000773757540068236	1.72096045725511e-05
1.9950197	0.000771650534068834	2.01539597384464e-05
1.7775893	0.000772959524022934	1.78479957699908e-05
1.5846864	0.000776306395720899	1.65824569586333e-05
1.4122353	0.00077579641357931	1.8631955171334e-05
1.2582541	0.000778160983306947	2.02011810722394e-05
1.1224822	0.000778328903570909	1.89298873887965e-05
1.0000616	0.000780219091805225	1.94632891696886e-05
0.89082122	0.000780554187862834	1.88439363414648e-05
0.79444051	0.000785218373990023	2.17299469685528e-05
0.70784986	0.000784905055061727	2.35309234053632e-05
0.63126236	0.000785236139213172	2.09551840419499e-05
0.562536	0.00078697006137429	2.3656064095293e-05
0.50118715	0.000786854996986396	2.48303875497701e-05
0.44642836	0.000787651840721169	2.36607452133917e-05
0.39821118	0.000791446625629277	2.44528132332423e-05
0.35475865	0.00079279633332986	2.6253965248494e-05
0.31619295	0.000795065918812559	2.55998759656526e-05
0.2819173	0.000795635551896328	2.85332360574773e-05
0.25117323	0.00079630725649155	2.98990491754753e-05
0.22391155	0.000799165753485986	2.94855919361481e-05
0.19957349	0.000802160563720985	3.18743178091691e-05
0.17779917	0.000802935050343823	3.28279423957393e-05
0.15846863	0.000805896091760624	3.58528438704552e-05
0.14123619	0.000807922444955001	3.51980483897087e-05
0.12590662	0.000810959555179858	3.99372420852224e-05
0.1122199	0.000811884945409922	3.94984337422311e-05
0.10002181	0.000813316682314862	4.21650204866917e-05
