10002.226	0.00119835127975632	-0.00955174381510209
8914.9326	0.00115789980539532	-0.00854840707742427
7943.9951	0.00112203695777622	-0.00765157646237948
7081.583	0.00108578551677325	-0.00685222570231256
6307.7358	0.00105563617399745	-0.00612987999991397
5622.5879	0.0010233255488961	-0.00548708290098654
5011.603	0.000995002256502994	-0.00491400795639222
4466.4292	0.000969689348675588	-0.00439844482116943
3981.2773	0.000944690726095357	-0.00393841308954468
3548.8679	0.000922088572806557	-0.00352738523017978
3163.0398	0.000904359412142256	-0.00316034301201374
2819.0986	0.00088555103803769	-0.0028283476289287
2512.4104	0.000872232618922663	-0.00253371140384619
2239.2869	0.000855748271298897	-0.00227040219978359
1995.6381	0.00084324198087232	-0.00203440745695955
1778.2897	0.000829084284085883	-0.0018227962990029
1584.4927	0.000820196436500511	-0.00163315688491212
1412.7418	0.000804944188532046	-0.00146431411815861
1258.7905	0.00079788449295121	-0.00131226969364755
1121.7966	0.000787310471404263	-0.00117659242769285
999.68164	0.000778791150557482	-0.00105565823674322
891.42474	0.000770608322068371	-0.000947468044679472
794.23932	0.000764954188859363	-0.000849184108004873
707.96161	0.00075511586269702	-0.000761549334804355
631.00977	0.00074859847943494	-0.000684652801282769
562.33929	0.000741082641547069	-0.000612981875140854
501.12231	0.000738122832641979	-0.000548661390562722
446.57214	0.000731844267627151	-0.000490654002422517
398.08899	0.000727642779104565	-0.000440082312511346
354.88681	0.00072014033539143	-0.00039360192557548
316.31589	0.000719150540214121	-0.000348973372059032
281.8942	0.00071626764277614	-0.000310019222310222
251.20601	0.000712991367098088	-0.000275729880069037
223.92496	0.000711802923790357	-0.000243666261909101
199.55338	0.000709694337745239	-0.000214414160170958
177.78128	0.000709252481580976	-0.00018653739486706
158.52898	0.000709395389238928	-0.000163932201396059
141.21979	0.000709483917315335	-0.000143529376260921
125.92673	0.0007089062412927	-0.000125448567387971
112.19009	0.000710732158414026	-0.000106090205006053
99.968163	0.000713282073831204	-8.9571128230437e-05
89.115646	0.000714855452977085	-7.58358095361619e-05
79.415741	0.000716763942596322	-6.34977913754451e-05
70.793182	0.000718840375267621	-5.12797045990725e-05
63.082279	0.000722137553996304	-4.22773710309181e-05
56.241825	0.000727162333443028	-3.35811357879651e-05
50.112232	0.000726588635631564	-2.148417734607e-05
44.671223	0.00073021442467001	-1.75132680375688e-05
39.808899	0.000733506823587516	-1.20374975553623e-05
35.488308	0.000738796264134627	-7.16150072593638e-06
31.629578	0.000741640194284997	-3.05122450072335e-06
28.187037	0.000741394046207423	8.88034998915259e-07
25.120602	0.000746606854837903	4.59717101079595e-06
22.385418	0.000747353459033512	6.50851154538502e-06
19.955338	0.000750848947169905	8.76411280492935e-06
17.775894	0.000756671371753793	1.16179923718731e-05
15.846864	0.000756032232125674	1.09917384877614e-05
14.127493	0.000759812240749425	1.2899454036348e-05
12.587309	0.000762125479493469	1.42468831588123e-05
11.216775	0.000764388780852743	1.57027512058753e-05
9.9968166	0.000767595921256958	1.36373083114395e-05
8.9082127	0.000765979212807278	1.53033101638255e-05
7.9395623	0.000768089727380031	1.36976858900355e-05
7.0765615	0.00076948890502246	1.79162254703628e-05
6.3105822	0.000773430495087234	1.93186409770934e-05
5.6245475	0.000772241492948083	1.76146525793402e-05
5.0112233	0.000776745131375792	1.98002771682744e-05
4.4642835	0.000778383777584737	1.65460554068453e-05
3.9819033	0.000777594652603648	1.50706543008599e-05
3.5479143	0.000779924022339239	1.70825172014052e-05
3.1629577	0.000780328638148603	1.71275262350079e-05
2.818361	0.000782493435047642	1.8315062662092e-05
2.5112481	0.00078252882767411	1.65613964593039e-05
2.2398233	0.000783860884445135	1.70761188816964e-05
1.9950197	0.000786157896051666	1.61125085697622e-05
1.7775893	0.000784594101438078	1.55488721575278e-05
1.5846864	0.000788411929085555	1.81550498762338e-05
1.4122353	0.000788436421189527	1.91993565203176e-05
1.2582541	0.000789986155997971	1.85118842664119e-05
1.1224822	0.000792254084356456	1.88205155005362e-05
1.0000616	0.000793569486752949	2.14764863706632e-05
0.89082122	0.000795480781063914	1.97058999056261e-05
0.79444051	0.000793764823573384	2.01834438230873e-05
0.70784986	0.00079666941745019	1.9625682504226e-05
0.63126236	0.00079718237595604	2.22858087613764e-05
0.562536	0.000797664952208709	2.3829759858151e-05
0.50118715	0.000800564036592717	2.44589397585098e-05
0.44642836	0.000801949810205853	2.21701683231154e-05
0.39821118	0.000804105739526464	2.4641665687975e-05
0.35475865	0.000805470657820413	2.67853651782132e-05
0.31619295	0.000804827787227907	2.89935817330954e-05
0.2819173	0.000807745257001722	2.73115738895429e-05
0.25117323	0.000808562542149537	2.94114579298441e-05
0.22391155	0.000811906159605787	3.06626035170092e-05
0.19957349	0.000813386376699504	3.20511915458486e-05
0.17779917	0.000813231966074585	3.5397736516827e-05
0.15846863	0.000818628040474162	3.47473716571254e-05
0.14123619	0.000818534882105164	3.87396947912434e-05
0.12590662	0.000822986322379225	3.76830240310945e-05
0.1122199	0.000823337535730092	3.87537699467412e-05
0.10002181	0.00082474563863219	4.35839713620537e-05
