10002.226	0.00119783712029478	-0.00954857281778647
8914.9326	0.00115715500044333	-0.00854899637211584
7943.9951	0.00112235011205321	-0.00765107206443882
7081.583	0.00108692210231824	-0.00685135342705463
6307.7358	0.00105372928757188	-0.00613058102672228
5622.5879	0.00102179592273003	-0.0054878578687805
5011.603	0.00099394246702879	-0.00491285318522622
4466.4292	0.000969472961479287	-0.00439961278545897
3981.2773	0.00094796973957861	-0.0039398523231054
3548.8679	0.000924044844031564	-0.0035271799512169
3163.0398	0.000905413807150464	-0.00315837626456002
2819.0986	0.000887861791533963	-0.00282826859754453
2512.4104	0.000869483746224774	-0.00253279242990798
2239.2869	0.000854557903009086	-0.00227083307343746
1995.6381	0.000841135895709319	-0.00203235964168149
1778.2897	0.000830916213353801	-0.00182108079893095
1584.4927	0.000816978133886671	-0.00163353195434286
1412.7418	0.000805468831566457	-0.00146482326530303
1258.7905	0.000796418118193731	-0.00131354968722959
1121.7966	0.000788134294771654	-0.00117644787092385
999.68164	0.000779575233482472	-0.00105577122154114
891.42474	0.000770452779457785	-0.00094692662257862
794.23932	0.000764722434806443	-0.000849660711743864
707.96161	0.000755650633223858	-0.000761561586417541
631.00977	0.000748148408247444	-0.000685712323935323
562.33929	0.00074179422318565	-0.000614756641848017
501.12231	0.000734990648069395	-0.000549524967492628
446.57214	0.000731571833016769	-0.000490988383438081
398.08899	0.000727426827998016	-0.000439984875360677
354.88681	0.000723058775870698	-0.000391162018511287
316.31589	0.000720515428611646	-0.000346113779362529
281.8942	0.000715621615296735	-0.000312193825458691
251.20601	0.00071259151309293	-0.000273964462650173
223.92496	0.000712748867073453	-0.0002431298276734
199.55338	0.000710036237156695	-0.000216977062291787
177.78128	0.000708047242753114	-0.000188803836291532
158.52898	0.00070981842175123	-0.000163628261739836
141.21979	0.000707425076803901	-0.000140125735908243
125.92673	0.000708939437974347	-0.000122554310655925
112.19009	0.000711540940454796	-0.000107300981242757
99.968163	0.000713965950857859	-8.94890170803349e-05
89.115646	0.000717472831608425	-7.55289458221923e-05
79.415741	0.000719368544552522	-6.32168225332825e-05
70.793182	0.000718134332390801	-4.82378400553628e-05
63.082279	0.000721178244890981	-4.07528445902404e-05
56.241825	0.000727744251734868	-3.18132554171406e-05
50.112232	0.000729460834196479	-2.3741727043448e-05
44.671223	0.000730720895050884	-1.79265955350934e-05
39.808899	0.00073347469552628	-1.3303793079303e-05
35.488308	0.0007401410222704	-6.42931710521008e-06
31.629578	0.000739179578071617	-3.29250315980309e-06
28.187037	0.000743761456490897	-9.25006340442792e-08
25.120602	0.000745737437286231	3.97491146748217e-06
22.385418	0.000748928909235993	7.67187276266138e-06
19.955338	0.00075334242152669	9.59283497515624e-06
17.775894	0.000754698615722572	1.10968917696312e-05
15.846864	0.000757450009317133	1.01604134519426e-05
14.127493	0.000758576157929578	1.17358007562714e-05
12.587309	0.000760133108334336	1.30496151421092e-05
11.216775	0.000764980382649689	1.52288168471084e-05
9.9968166	0.000764905706642112	1.38951670495981e-05
8.9082127	0.000767164059602092	1.52056960523771e-05
7.9395623	0.000768647670317981	1.53875733151024e-05
7.0765615	0.000770515321500016	1.63996414964763e-05
6.3105822	0.000773026854978742	1.72902060787522e-05
5.6245475	0.00077391125195044	1.55388721423631e-05
5.0112233	0.000775872348340958	1.84355730549464e-05
4.4642835	0.000777506606629575	1.86561941090334e-05
3.9819033	0.000777338055347077	1.64216297642975e-05
3.5479143	0.000779911369403212	1.74746935062913e-05
3.1629577	0.00078282452190005	1.60121775660551e-05
2.818361	0.000780611577557146	1.55586882986304e-05
2.5112481	0.000782809471005995	1.46804052661295e-05
2.2398233	0.000784371395206327	1.76400682140754e-05
1.9950197	0.000785288719515642	1.91017048210255e-05
1.7775893	0.000786598192652016	1.71204660310995e-05
1.5846864	0.000787026389883875	1.93343925635861e-05
1.4122353	0.000788652598202388	1.91355666893036e-05
1.2582541	0.000789402345349513	2.04542619179373e-05
1.1224822	0.000790746896554185	1.95630646289005e-05
1.0000616	0.000793271078607974	2.19218154180269e-05
0.89082122	0.000792103103561683	2.32094160900596e-05
0.79444051	0.000795687810931183	2.19972239970478e-05
0.70784986	0.00079480915696571	2.23953967567306e-05
0.63126236	0.000796340576141792	2.22277174476044e-05
0.562536	0.000799182201751591	2.35328700274764e-05
0.50118715	0.000800121702824953	2.35390092282337e-05
0.44642836	0.000803914693515548	2.20501960379326e-05
0.39821118	0.000802437292852611	2.51463364519993e-05
0.35475865	0.000803904138561486	2.48445530885736e-05
0.31619295	0.00080554626689038	2.83041443642869e-05
0.2819173	0.000808110415818169	2.88628341166621e-05
0.25117323	0.000807956666818449	3.00802414705742e-05
0.22391155	0.000812957101616691	3.22760822598368e-05
0.19957349	0.000815068434005755	3.25113817859022e-05
0.17779917	0.000814990466329888	3.37323216664755e-05
0.15846863	0.000817494609340485	3.47300624234011e-05
0.14123619	0.000818885261217563	3.73949359378922e-05
0.12590662	0.000821789119041795	3.98095220287331e-05
0.1122199	0.000823605985938293	4.06414700237596e-05
0.10002181	0.000825671733301622	4.16862075323436e-05
