10002.226	0.00119951588367741	-0.00954867168730623
8914.9326	0.00115717174628496	-0.0085478579107643
7943.9951	0.00112099873745482	-0.00765233983091467
7081.583	0.00108587112970608	-0.00685101967642028
6307.7358	0.00105523314245543	-0.00613029723922697
5622.5879	0.00102275741314052	-0.00548827457071645
5011.603	0.000995323101887027	-0.00491575295508988
4466.4292	0.000969575546734938	-0.00439872165322526
3981.2773	0.000944480643881573	-0.00393928701000414
3548.8679	0.000922756208871736	-0.0035288795774028
3163.0398	0.000904992576576839	-0.00315854565509285
2819.0986	0.000887424956690493	-0.00282713748623524
2512.4104	0.000871600192108993	-0.00253341602574414
2239.2869	0.000855920269773709	-0.00227017235296371
1995.6381	0.000841801296636264	-0.00203296556153913
1778.2897	0.000830403631041797	-0.00182284797943772
1584.4927	0.000817740210268616	-0.0016314448863281
1412.7418	0.000804251302228705	-0.00146391501499229
1258.7905	0.000798241786854084	-0.0013128701874942
1121.7966	0.000787556867758669	-0.0011776416163743
999.68164	0.000780185471672957	-0.00105344241861273
891.42474	0.000770296753053612	-0.000947969215197448
794.23932	0.00076325247824326	-0.000852453070694816
707.96161	0.000756437775165686	-0.000762403035866763
631.00977	0.000747897600237566	-0.000685502254951528
562.33929	0.00074353145284816	-0.000611939193975029
501.12231	0.000738027543330294	-0.000548741505640372
446.57214	0.000731438102859263	-0.000491469433153668
398.08899	0.000728827437557764	-0.000438937994699115
354.88681	0.000721758490749866	-0.00039289028156321
316.31589	0.000720997080618458	-0.000349055359224566
281.8942	0.000716597737562427	-0.00030950943432306
251.20601	0.000712820763295252	-0.000275076505815469
223.92496	0.000712827034630788	-0.000245024569393506
199.55338	0.000710101389330969	-0.000216492251195281
177.78128	0.00070933653653089	-0.000187242232522266
158.52898	0.000708933415675898	-0.00016435037787308
141.21979	0.000709109916718244	-0.000142558584125688
125.92673	0.000709769352300487	-0.000125091396467279
112.19009	0.000709934124355986	-0.000106789618539459
99.968163	0.000711804561983802	-8.85426604799459e-05
89.115646	0.000715739347200134	-7.60413361696911e-05
79.415741	0.000717775327473978	-6.35307276371364e-05
70.793182	0.000718975281091256	-5.25912124303661e-05
63.082279	0.000721021276683096	-4.06248266800904e-05
56.241825	0.000726019292837681	-3.13334664512937e-05
50.112232	0.000727690134383628	-2.40492410279132e-05
44.671223	0.000729392180245194	-1.81270365994585e-05
39.808899	0.000732185940165096	-1.25575660936505e-05
35.488308	0.00073817626265907	-6.86661781509283e-06
31.629578	0.000740462144730416	-1.7057356885321e-06
28.187037	0.000743266500766208	7.08255572948354e-07
25.120602	0.000745990615760506	4.49907738103999e-06
22.385418	0.000750546232004023	6.83135852130083e-06
19.955338	0.000751006092040495	6.9764890877797e-06
17.775894	0.000754303481046299	1.08307515937087e-05
15.846864	0.00075790763722033	1.19141591506296e-05
14.127493	0.00075909865925243	1.45828819178121e-05
12.587309	0.000760138219725434	1.52725595452943e-05
11.216775	0.000763505472710991	1.51878845108049e-05
9.9968166	0.000766197465695865	1.32563193306436e-05
8.9082127	0.000765917224127537	1.76590424037829e-05
7.9395623	0.000769356670779128	1.63137674030336e-05
7.0765615	0.000771488120901531	1.71683564394108e-05
6.3105822	0.000773841606837265	1.68761743990944e-05
5.6245475	0.000773785130064149	1.61555024319599e-05
5.0112233	0.000775061071026742	1.6425441770905e-05
4.4642835	0.000777288293006254	1.66455033376048e-05
3.9819033	0.000777088931435291	1.60962090056421e-05
3.5479143	0.000780460311198443	1.76369414741148e-05
3.1629577	0.000780564686347171	1.79382727010799e-05
2.818361	0.00078097878512523	1.78957142464093e-05
2.5112481	0.000781798519127089	1.4987824668702e-05
2.2398233	0.000783109611898534	1.80357819404481e-05
1.9950197	0.00078408287153253	1.57625897004922e-05
1.7775893	0.000785939905124292	1.73180901271767e-05
1.5846864	0.000786970594173885	1.78042483757518e-05
1.4122353	0.000789135871550502	1.8781355576452e-05
1.2582541	0.000789419523003855	1.89003883497696e-05
1.1224822	0.000790962947767896	1.83885663005132e-05
1.0000616	0.000791702488369582	1.8046210271768e-05
0.89082122	0.000793003159889319	2.00331519896955e-05
0.79444051	0.000794054457530898	2.09079008226475e-05
0.70784986	0.000796485362099926	2.15673367631969e-05
0.63126236	0.000794403491484772	2.14118237405962e-05
0.562536	0.000799385608392468	2.30127302367424e-05
0.50118715	0.000799633742615888	2.30286156183286e-05
0.44642836	0.000802465725559574	2.41794557338146e-05
0.39821118	0.00080225758582232	2.50375583002473e-05
0.35475865	0.000804938442957714	2.78617357623697e-05
0.31619295	0.000806162952257248	2.7722810249458e-05
0.2819173	0.000807566605987946	2.80389665149193e-05
0.25117323	0.00080781236604453	3.16529111423401e-05
0.22391155	0.000812610442391575	3.05700108982855e-05
0.19957349	0.000812763567138798	3.03844222464882e-05
0.17779917	0.000814898964805525	3.40382452324644e-05
0.15846863	0.000816362117945611	3.49370220452017e-05
0.14123619	0.000817512536250848	3.62260176244265e-05
0.12590662	0.00082274678785405	3.82162232909578e-05
0.1122199	0.000823834075118017	4.18199167513294e-05
0.10002181	0.000827007882718223	4.28241409728939e-05
