10002.226	0.001200779826889	-0.00954893483298014
8914.9326	0.00115879753570924	-0.00854768198032894
7943.9951	0.00112050961788588	-0.0076514143653091
7081.583	0.00108601623733771	-0.0068495924682094
6307.7358	0.00105362716313555	-0.00613039229240364
5622.5879	0.00102271613929811	-0.00548857567016347
5011.603	0.00099427701082447	-0.0049146121660682
4466.4292	0.000970277738727187	-0.00439750858283781
3981.2773	0.00094703392114569	-0.00393859488599449
3548.8679	0.000922778712480227	-0.00352773764042277
3163.0398	0.000905370392836256	-0.00315910869008082
2819.0986	0.000886029718839077	-0.00282890418356135
2512.4104	0.000871330697135773	-0.00253384828408063
2239.2869	0.000855672764587495	-0.00227124064393304
1995.6381	0.000843106969838184	-0.00203334027596636
1778.2897	0.000832440679684462	-0.00182268449846039
1584.4927	0.000817550928504643	-0.00163236466567951
1412.7418	0.000805173434275649	-0.00146357246482662
1258.7905	0.00079800891638542	-0.00131364192992288
1121.7966	0.000788633453159336	-0.00117720974434746
999.68164	0.00077955640147325	-0.00105542284062824
891.42474	0.000769923534023404	-0.000946430321397689
794.23932	0.000762157456000592	-0.00085128760939465
707.96161	0.000756865544441897	-0.000763010691531122
631.00977	0.000748327153532863	-0.000684879607504559
562.33929	0.000741962262783913	-0.000613519471225381
501.12231	0.000737165591121829	-0.000548237013639145
446.57214	0.000732792114259401	-0.000491557351341599
398.08899	0.000727166740812832	-0.000440268997472071
354.88681	0.000722194964992648	-0.000393738190098231
316.31589	0.000719456079611689	-0.000348492019515902
281.8942	0.000716046893274552	-0.000310368514061697
251.20601	0.000710712162137241	-0.000274306700131684
223.92496	0.000713086097138889	-0.000243825265142621
199.55338	0.000710940733110717	-0.000214496023966892
177.78128	0.000708755636415757	-0.000187599110254913
158.52898	0.000708301610848507	-0.000163832432697766
141.21979	0.000709261134432135	-0.000142342710383409
125.92673	0.000708948824271412	-0.000124520797291489
112.19009	0.000713644429578565	-0.00010590773610751
99.968163	0.000713355891892257	-8.87476741275166e-05
89.115646	0.000714175600642276	-7.55299702646601e-05
79.415741	0.000716581605973835	-6.28607217890033e-05
70.793182	0.000718380608505055	-5.13434883410427e-05
63.082279	0.000721350671491739	-4.11335558886981e-05
56.241825	0.0007276799980897	-3.02387237547104e-05
50.112232	0.000727895567143093	-2.14119129577086e-05
44.671223	0.00072939034698655	-1.73462085980362e-05
39.808899	0.000736972828477195	-1.22853250086952e-05
35.488308	0.000737726295256493	-6.29291278139153e-06
31.629578	0.000740742222942795	-2.30310409130968e-06
28.187037	0.000742889210872114	-4.02511555258393e-07
25.120602	0.000746134270017303	5.26733787572613e-06
22.385418	0.000748531961136447	6.70895986649976e-06
19.955338	0.000753927885079942	8.06283925120615e-06
17.775894	0.000754085916405292	1.36610178417484e-05
15.846864	0.00075633501147117	1.12535828808698e-05
14.127493	0.000761796609961064	1.40129796019335e-05
12.587309	0.000759951746604546	1.41532740166983e-05
11.216775	0.000762764558951986	1.37809243720328e-05
9.9968166	0.000766823102772014	1.3616169140949e-05
8.9082127	0.000766076477817049	1.57846201437284e-05
7.9395623	0.000768239457875249	1.60386850232348e-05
7.0765615	0.000771973210467499	1.69739860514585e-05
6.3105822	0.00077216108028141	1.6722612475278e-05
5.6245475	0.000774393925040525	1.47111093685424e-05
5.0112233	0.000776199486017599	1.7907389600599e-05
4.4642835	0.000774954251904058	1.58419788839438e-05
3.9819033	0.000777769358052444	1.676818204095e-05
3.5479143	0.000779336561069443	1.61834468242049e-05
3.1629577	0.000781276273824855	1.6605861041399e-05
2.818361	0.000783061939191757	1.63366177740149e-05
2.5112481	0.000782639704902775	1.69448618162714e-05
2.2398233	0.000782039008464094	1.87300602229631e-05
1.9950197	0.000786466573654809	1.66559740198982e-05
1.7775893	0.000784542482234215	1.7739557676824e-05
1.5846864	0.000787066688130382	1.96158785858267e-05
1.4122353	0.000787589778596113	1.77861081060084e-05
1.2582541	0.000789394178839128	1.96455001551618e-05
1.1224822	0.000789581092506023	1.76526951105022e-05
1.0000616	0.000793354287096861	1.96061961672043e-05
0.89082122	0.000793765253869845	2.1197099578383e-05
0.79444051	0.00079630717509512	2.09795364872985e-05
0.70784986	0.000795497396382258	2.09834842063769e-05
0.63126236	0.000796353756157848	2.18608971613032e-05
0.562536	0.000799121874205935	1.9636252797583e-05
0.50118715	0.000798919568102157	2.26993814564614e-05
0.44642836	0.00080251544045163	2.49562289665818e-05
0.39821118	0.000804425020685516	2.51875728100467e-05
0.35475865	0.000805237943533767	2.61265519573789e-05
0.31619295	0.000806010558919484	2.84750485386615e-05
0.2819173	0.000806987666641608	2.92123823601955e-05
0.25117323	0.000808481004769189	2.91898611729091e-05
0.22391155	0.000812211360641891	3.07450709370646e-05
0.19957349	0.000812527097649853	3.32926921116467e-05
0.17779917	0.000816024493381379	3.30648663563653e-05
0.15846863	0.000817934172095325	3.39578189348218e-05
0.14123619	0.000818453940459827	3.67649828783445e-05
0.12590662	0.000821694816865841	3.71494145112767e-05
0.1122199	0.000824504231246456	4.07541207791265e-05
0.10002181	0.000826679657173967	4.22254104794926e-05
