10002.226	0.00119668885662511	-0.00954930162838184
8914.9326	0.00115767533574579	-0.00854680100227518
7943.9951	0.0011204387154181	-0.00765057312165424
7081.583	0.00108512789322677	-0.00685075982279506
6307.7358	0.00105481895137196	-0.00612916942898264
5622.5879	0.00102182743670184	-0.0054889285446058
5011.603	0.000994795272096974	-0.00491275226703915
4466.4292	0.000971315650304477	-0.00439980725326641
3981.2773	0.000946059758259627	-0.00393915701482231
3548.8679	0.000922579186739908	-0.00352718786797054
3163.0398	0.000904259675610012	-0.00315788843202295
2819.0986	0.000887682378497751	-0.00282861284748978
2512.4104	0.000870299979097939	-0.00253512581764923
2239.2869	0.000854078726370203	-0.00227081519789112
1995.6381	0.000844655382162254	-0.00203263179682676
1778.2897	0.000830751342684339	-0.00182205304337191
1584.4927	0.000817341114144365	-0.00163194606539473
1412.7418	0.000805250316265642	-0.00146433960764681
1258.7905	0.000797880803606042	-0.00131453400673642
1121.7966	0.000788601902256127	-0.00117852743522923
999.68164	0.000780450168429025	-0.0010564980057274
891.42474	0.000770024940479947	-0.000947760333858099
794.23932	0.000760614559183796	-0.000850482253826901
707.96161	0.000757832696666229	-0.000760612313860435
631.00977	0.000747466942714483	-0.000684692089092782
562.33929	0.000742258635511884	-0.000612910603305375
501.12231	0.000736844553991214	-0.000550108398102372
446.57214	0.000732081226783702	-0.000489690853184488
398.08899	0.000726174353111137	-0.000439262456846068
354.88681	0.000724425431330816	-0.000390642725610142
316.31589	0.000720796467629456	-0.000349015595906634
281.8942	0.000715401920519026	-0.000312135311018009
251.20601	0.000711883868271351	-0.000275915897401376
223.92496	0.000710408853223533	-0.000245666709169631
199.55338	0.000711445431544155	-0.000215314375784284
177.78128	0.000709313757321481	-0.000187298352101286
158.52898	0.000707875971792593	-0.000164046651419072
141.21979	0.000708664269543471	-0.000144316672856686
125.92673	0.000709112724228637	-0.000125093331478808
112.19009	0.00071215041529503	-0.0001085118563194
99.968163	0.00071304437485159	-8.92619677723653e-05
89.115646	0.000714976451747714	-7.60441968408204e-05
79.415741	0.000719189949139013	-6.38995633191917e-05
70.793182	0.000721151591928769	-5.07973752166565e-05
63.082279	0.000722201347519665	-4.15974275613049e-05
56.241825	0.000726051934111725	-3.31783133935938e-05
50.112232	0.000728830133108827	-2.35667923812839e-05
44.671223	0.000732103940473672	-1.82373573710634e-05
39.808899	0.000736009077652941	-1.24272818594732e-05
35.488308	0.000737618602527616	-8.31806401151095e-06
31.629578	0.000740149257082568	-1.35970757160767e-06
28.187037	0.000744763593652859	1.114278490907e-07
25.120602	0.000747590939307224	3.63174716544538e-06
22.385418	0.000749941155945533	7.62985378219148e-06
19.955338	0.000750470123047535	8.32990870941602e-06
17.775894	0.000753946884618943	1.06549300247984e-05
15.846864	0.000759684161586111	1.08596128402718e-05
14.127493	0.00075991081212366	1.31962023152306e-05
12.587309	0.000764019825840073	1.39375472752565e-05
11.216775	0.000763315480987689	1.53816024994405e-05
9.9968166	0.000765181611588329	1.40393910348329e-05
8.9082127	0.000766559877688606	1.66338017192081e-05
7.9395623	0.000770447044563227	1.44069390135703e-05
7.0765615	0.000771667287307426	2.07079071654263e-05
6.3105822	0.00077327164811613	1.76326919381758e-05
5.6245475	0.00077512708225285	1.59410167221492e-05
5.0112233	0.000777639268958677	1.93634054437779e-05
4.4642835	0.000776584933311853	1.75478396612788e-05
3.9819033	0.000779479780937998	1.61569777101333e-05
3.5479143	0.000780454624230479	1.7323556768294e-05
3.1629577	0.000779529198433284	1.8474106953256e-05
2.818361	0.000781737040086928	1.84345577701228e-05
2.5112481	0.000781462088005325	1.62789631843481e-05
2.2398233	0.000784406344000992	1.73910773657175e-05
1.9950197	0.000783829212167844	1.8103416327113e-05
1.7775893	0.000786240721597438	1.89420807330299e-05
1.5846864	0.000785800304865106	1.83699052024605e-05
1.4122353	0.000786015803474629	1.8318103562699e-05
1.2582541	0.000787432126384752	1.87814136108605e-05
1.1224822	0.000788926050295609	2.10893944953788e-05
1.0000616	0.000793413057883839	1.96463973016776e-05
0.89082122	0.000794294270655559	2.13612801587682e-05
0.79444051	0.000794403018466161	2.17967859127372e-05
0.70784986	0.000795580058345257	2.15088140721246e-05
0.63126236	0.000795861881938993	2.1655384563395e-05
0.562536	0.000798633680390281	2.28118188515915e-05
0.50118715	0.000799886365127761	2.32061651279094e-05
0.44642836	0.000800595718303449	2.36983543398813e-05
0.39821118	0.000803470139561037	2.48171315115906e-05
0.35475865	0.000804573110590826	2.72607956322016e-05
0.31619295	0.000806887574606112	2.88355714303413e-05
0.2819173	0.000809224034130791	2.80003507335727e-05
0.25117323	0.000809697862828834	3.02860660943034e-05
0.22391155	0.000808135452824675	3.01128944450754e-05
0.19957349	0.000813432059736395	3.18572407068094e-05
0.17779917	0.000815032964764968	3.15498741048929e-05
0.15846863	0.000816258479075024	3.41092170579107e-05
0.14123619	0.000818330799935605	3.81414617870665e-05
0.12590662	0.000820604814228848	3.90148967438e-05
0.1122199	0.000823780385247823	4.00293778047929e-05
0.10002181	0.000826583749683018	4.32888221729956e-05
