10002.226	0.00119950162899391	-0.0095500189144657
8914.9326	0.00115747123107569	-0.00854875666936164
7943.9951	0.00111951534656283	-0.00765227208032998
7081.583	0.00108554940240949	-0.00684996998029041
6307.7358	0.00105367469570748	-0.0061295516545339
5622.5879	0.00102299311085988	-0.00548993861929716
5011.603	0.000994186729102699	-0.00491309580355132
4466.4292	0.000970616202846622	-0.00439746581694063
3981.2773	0.000945823378344814	-0.00393908819880036
3548.8679	0.000923158516634126	-0.00352685046684394
3163.0398	0.000905463659938529	-0.00315880245878777
2819.0986	0.00088610751728721	-0.00282817978412003
2512.4104	0.000870565599726419	-0.00253245351832943
2239.2869	0.000854954536630201	-0.00227129057889005
1995.6381	0.000842983093144245	-0.00203386440491366
1778.2897	0.000829488360981405	-0.00182118991819764
1584.4927	0.00081587232457186	-0.00163348745233079
1412.7418	0.000806150243072796	-0.00146314278907779
1258.7905	0.000796440618866842	-0.0013129984938518
1121.7966	0.000789240621172943	-0.00117785846606221
999.68164	0.000779660679768318	-0.00105399925383803
891.42474	0.000770531240787211	-0.000948299492442404
794.23932	0.000764586187939298	-0.000850931972125913
707.96161	0.000756622143937898	-0.000762001393328712
631.00977	0.00074909291198932	-0.000686027411375494
562.33929	0.000744378587353381	-0.000613661904129516
501.12231	0.000735979244990684	-0.000548589559843763
446.57214	0.000731906907556041	-0.000491282002815442
398.08899	0.000727610388886495	-0.000439105999832498
354.88681	0.000722733226725449	-0.000392948337141812
316.31589	0.000721293190015986	-0.000349458506204027
281.8942	0.000717109083492334	-0.000310306496088544
251.20601	0.000711548451902181	-0.000275368267698596
223.92496	0.000711133688054716	-0.000242898590348898
199.55338	0.00071078540306327	-0.000214398914168756
177.78128	0.000709201940324942	-0.000187154228993212
158.52898	0.000710756553309777	-0.000163920744427939
141.21979	0.000708294541329333	-0.000141692615879517
125.92673	0.000710929402472403	-0.000124555896651215
112.19009	0.000711542011652369	-0.000105849020252573
99.968163	0.000712408271094417	-8.88679741921726e-05
89.115646	0.000715107602470873	-7.41882069858323e-05
79.415741	0.000715125279004034	-6.40872047283501e-05
70.793182	0.00072009204114526	-5.05713035454592e-05
63.082279	0.0007199897850284	-4.16891246502364e-05
56.241825	0.000725137947252571	-3.13593257329055e-05
50.112232	0.000728042420032837	-2.38958434319452e-05
44.671223	0.000732019404753855	-1.82218722877978e-05
39.808899	0.000735834439880816	-1.24341570430878e-05
35.488308	0.000738300269102694	-6.36274754693144e-06
31.629578	0.000739470566050923	-2.50240295138589e-06
28.187037	0.000741629891263072	-1.13969742580825e-06
25.120602	0.000746075903525144	3.55552814354939e-06
22.385418	0.000749600754927856	7.66730334897254e-06
19.955338	0.000751465626154879	7.3731975624291e-06
17.775894	0.000756301249975129	1.11844703882647e-05
15.846864	0.000758225703404491	1.17352930088396e-05
14.127493	0.00075975931984886	1.42174195879639e-05
12.587309	0.000761672698322265	1.38438628877575e-05
11.216775	0.000764436065624343	1.46515864681601e-05
9.9968166	0.000765342711636949	1.45066295387582e-05
8.9082127	0.000765444546045025	1.16579602218999e-05
7.9395623	0.000769104431223937	1.62114508486722e-05
7.0765615	0.000772217268436335	1.77052975365553e-05
6.3105822	0.000774233609477412	1.77689933608905e-05
5.6245475	0.000775518296069279	1.7031185192658e-05
5.0112233	0.000775536198467111	1.72936392249129e-05
4.4642835	0.00077584568119075	1.65499324193237e-05
3.9819033	0.000778186296669727	1.53725590498209e-05
3.5479143	0.000779926888894491	1.70136415576789e-05
3.1629577	0.000781111657568776	1.77361590894995e-05
2.818361	0.000782512383562477	1.78806569639113e-05
2.5112481	0.000783083161100701	1.64424325447786e-05
2.2398233	0.00078380090740968	1.90370976998022e-05
1.9950197	0.00078519005467076	1.74270846391637e-05
1.7775893	0.000784367694623105	1.83387712905387e-05
1.5846864	0.000787996876465058	1.9982200236613e-05
1.4122353	0.000786056739997347	1.89408591820953e-05
1.2582541	0.000787357220793838	2.07344123551359e-05
1.1224822	0.00079223944728328	1.7519478276955e-05
1.0000616	0.000792381981586112	1.91112044796606e-05
0.89082122	0.000793523035033402	2.04819124623141e-05
0.79444051	0.000794891640921453	1.91667884708753e-05
0.70784986	0.000796511146989347	2.1760170982024e-05
0.63126236	0.000795649619048509	2.1242158736422e-05
0.562536	0.000797301413321827	2.25259537644942e-05
0.50118715	0.000799964100104747	2.47846637089495e-05
0.44642836	0.000800893395162196	2.57619312078299e-05
0.39821118	0.000802822386476756	2.62801011233604e-05
0.35475865	0.000803379749701855	2.4255095794471e-05
0.31619295	0.000805533952270843	2.89093298510089e-05
0.2819173	0.000808160678512829	2.86740723749428e-05
0.25117323	0.000810219131036278	2.94896286147754e-05
0.22391155	0.000811855045179499	3.05947646619568e-05
0.19957349	0.000811261186942829	3.13077756503441e-05
0.17779917	0.000816182063461816	3.26072511093127e-05
0.15846863	0.000816727801614302	3.36977968929656e-05
0.14123619	0.000819658297636134	3.65128395382167e-05
0.12590662	0.000820835490715214	4.1026924689217e-05
0.1122199	0.000824830201116247	3.98758489186647e-05
0.10002181	0.000824696174760526	4.24017103747588e-05
