10002.226	0.00120000205952021	-0.00943758497973376
8914.9326	0.00116052708704587	-0.00845003919175207
7943.9951	0.0011198330078156	-0.00756294468185651
7081.583	0.00108438366773149	-0.00677135323545368
6307.7358	0.00105580433386025	-0.0060583131594805
5622.5879	0.00102136400293822	-0.0054252152553406
5011.603	0.000993334564820368	-0.00485762631505853
4466.4292	0.000969525676398763	-0.00434794813244027
3981.2773	0.000945764017256836	-0.00389336669676444
3548.8679	0.000924468482162106	-0.00348672546344313
3163.0398	0.000905305418459052	-0.0031224929432181
2819.0986	0.000886512966412892	-0.00279418106023903
2512.4104	0.000871029585806418	-0.00250295358239136
2239.2869	0.000855841821042229	-0.00224433395754898
1995.6381	0.00084463548623752	-0.00201114265385428
1778.2897	0.000828416692414047	-0.00180157721504515
1584.4927	0.000817240771233893	-0.00161427306057586
1412.7418	0.0008056166572681	-0.00144814064173256
1258.7905	0.000795940994817212	-0.00129735717805867
1121.7966	0.000786486140814635	-0.00116343360068613
999.68164	0.000778320153626642	-0.00104271846153415
891.42474	0.000771895078271172	-0.000936883502707234
794.23932	0.000763440532538645	-0.000840976651414927
707.96161	0.000756056843636895	-0.000752741275730214
631.00977	0.000748349750928888	-0.00067853792928555
562.33929	0.000742840994723595	-0.000604858421921092
501.12231	0.000737797431397331	-0.000541963411932373
446.57214	0.000731735132029192	-0.000483346667572929
398.08899	0.000728856544287632	-0.000433531951286916
354.88681	0.000723948990634112	-0.000386367592671666
316.31589	0.000721785473737552	-0.000343880593719031
281.8942	0.000714054163513945	-0.000307969947108276
251.20601	0.000710961859047182	-0.000273170014754393
223.92496	0.000711241273922777	-0.000240322447525629
199.55338	0.000707778494745652	-0.000212195851798424
177.78128	0.0007109738768074	-0.000186044451494737
158.52898	0.000708444857946383	-0.000161357222151971
141.21979	0.00071022513994029	-0.00014124131034961
125.92673	0.000707816948230931	-0.000120841578693998
112.19009	0.000712024629972425	-0.000107553359526517
99.968163	0.000712404581401606	-8.73879803876442e-05
89.115646	0.000715509836758653	-7.45268278367648e-05
79.415741	0.000716997092465587	-6.39429886895412e-05
70.793182	0.000721736651837076	-5.13867073943724e-05
63.082279	0.000719815755599969	-3.99413310199168e-05
56.241825	0.000727391183730318	-3.30038623876186e-05
50.112232	0.000726819481164828	-2.09728357562166e-05
44.671223	0.000730577323999899	-1.56710891118545e-05
39.808899	0.000734900685747631	-1.26344945971968e-05
35.488308	0.000737466467846676	-6.24820513404002e-06
31.629578	0.000740342165451425	-1.58426733946617e-06
28.187037	0.00074469600337465	2.87124439515454e-06
25.120602	0.00074574917371561	3.73760383590965e-06
22.385418	0.000748057673312245	7.48650785724773e-06
19.955338	0.000752647150864846	7.0584283603629e-06
17.775894	0.000754693817178265	1.14789058792599e-05
15.846864	0.0007565929073017	1.13421223913384e-05
14.127493	0.000758224024874156	1.29166667467144e-05
12.587309	0.000761688321920379	1.32199709789053e-05
11.216775	0.000764537807165192	1.11221197357763e-05
9.9968166	0.000765702068505312	1.50977478319612e-05
8.9082127	0.000766234400990699	1.56054372890037e-05
7.9395623	0.000769160754212767	1.48941333838918e-05
7.0765615	0.000770757464144757	1.84861834019053e-05
6.3105822	0.000771816072393375	1.62378212824638e-05
5.6245475	0.000773601332849952	1.56464153713227e-05
5.0112233	0.00077783790388718	1.55246608041289e-05
4.4642835	0.000774976092998309	1.64168566868877e-05
3.9819033	0.000776897071494318	1.70171333027982e-05
3.5479143	0.000779797637923221	1.69848970093682e-05
3.1629577	0.000782819368670222	1.82134260429147e-05
2.818361	0.000782702546690405	1.61220197018535e-05
2.5112481	0.000783818685040113	1.56225829002115e-05
2.2398233	0.000783129168381677	1.58301601816307e-05
1.9950197	0.000783317643282725	1.70963134440201e-05
1.7775893	0.000785606373945279	1.62628517674121e-05
1.5846864	0.00078596541768969	1.80896504843649e-05
1.4122353	0.000785274914008006	1.93673343188467e-05
1.2582541	0.000788239736793749	1.81400312745006e-05
1.1224822	0.000791380027781759	2.08889044640104e-05
1.0000616	0.000789366797330385	1.8922108029271e-05
0.89082122	0.00079143992352388	1.99844187839516e-05
0.79444051	0.000795139400748139	1.99249612402453e-05
0.70784986	0.000795350525668913	2.14689815932701e-05
0.63126236	0.00079702651451145	2.25470980201802e-05
0.562536	0.000798797910966932	2.0200815992348e-05
0.50118715	0.000799106106708167	2.22329264653508e-05
0.44642836	0.000802279011607663	2.45044294432947e-05
0.39821118	0.000802150692128748	2.58264758892418e-05
0.35475865	0.000803444118124227	2.69733938497742e-05
0.31619295	0.000805908504004165	2.53281153720008e-05
0.2819173	0.000804340619650423	2.70263927096205e-05
0.25117323	0.000811151336376298	2.78486322728254e-05
0.22391155	0.000810902308756078	3.0589579140911e-05
0.19957349	0.000812842465715164	3.16180189283057e-05
0.17779917	0.000815927278777183	3.45478606475314e-05
0.15846863	0.000816006262288755	3.69731778908449e-05
0.14123619	0.000820728457767669	3.72159421728976e-05
0.12590662	0.00082219909863456	3.88526189395401e-05
0.1122199	0.000824280749606483	3.89389892584327e-05
0.10002181	0.000825524119780938	4.24038895452598e-05
