10002.226	0.0011985037105199	-0.00943968065578506
8914.9326	0.00115789022402571	-0.00845017637268494
7943.9951	0.00112134602116251	-0.00756439071467342
7081.583	0.00108559458491107	-0.00677241100726996
6307.7358	0.00105339579689983	-0.00605845633890264
5622.5879	0.0010216268343144	-0.00542473143864087
5011.603	0.00099328284253846	-0.00485756377991634
4466.4292	0.000969907656502208	-0.00434798622041368
3981.2773	0.000944046325249111	-0.00389428855842945
3548.8679	0.000922276412351585	-0.0034875386042947
3163.0398	0.000905465757296624	-0.00312469965687091
2819.0986	0.000886154666051868	-0.00279678490360002
2512.4104	0.000869577912552898	-0.00250399139652449
2239.2869	0.000856021762394487	-0.00224471593377341
1995.6381	0.000840513488061725	-0.00200941691388879
1778.2897	0.00083046924894645	-0.00179985123481224
1584.4927	0.000818186959963585	-0.0016129040714305
1412.7418	0.000804370416235862	-0.00144580816373958
1258.7905	0.000796756769633707	-0.00129890424277412
1121.7966	0.000788141025357161	-0.00116296868992192
999.68164	0.000779700103448386	-0.0010425840345472
891.42474	0.000771167057552167	-0.000938497479166509
794.23932	0.000763308460132545	-0.000841044235786264
707.96161	0.000754803538422115	-0.000752353204886674
631.00977	0.000749369805086596	-0.000677575077760662
562.33929	0.000743321508608026	-0.000605003930199873
501.12231	0.000738150129632795	-0.000542131064977628
446.57214	0.000730517299240308	-0.000483844587223477
398.08899	0.000726124182136082	-0.000434941205634533
354.88681	0.000722720292292536	-0.000387691119066587
316.31589	0.000720479689587461	-0.000344455093250334
281.8942	0.000716655293686075	-0.000307521213636606
251.20601	0.000713558607149954	-0.000272114122154379
223.92496	0.000711888026641786	-0.000239465257370185
199.55338	0.000710227673671471	-0.000213714115988957
177.78128	0.00070950498420932	-0.000183383983692185
158.52898	0.000709614031973867	-0.000159804064944067
141.21979	0.000708245556103323	-0.000142641664091631
125.92673	0.000709200684684988	-0.000121712554014638
112.19009	0.000710034831334994	-0.000104094020516775
99.968163	0.000713303965259743	-8.88711452949408e-05
89.115646	0.000714250272461793	-7.44498877968772e-05
79.415741	0.000718117063537917	-6.24737425364473e-05
70.793182	0.000720028448125062	-5.10564778465501e-05
63.082279	0.000722431277567337	-4.03266331930944e-05
56.241825	0.000725064417859783	-3.19924350147864e-05
50.112232	0.000728139833013333	-2.16214643432301e-05
44.671223	0.000730646655856912	-1.7382835029109e-05
39.808899	0.000732038323729695	-1.15235748298757e-05
35.488308	0.000738821805040752	-8.84141258727683e-06
31.629578	0.000740855567450517	-1.63937870439551e-06
28.187037	0.000742604360799026	4.32009324073829e-07
25.120602	0.000746478884523962	3.19039103402349e-06
22.385418	0.000748938782386326	5.77804163608003e-06
19.955338	0.00075168573496256	6.04553045779667e-06
17.775894	0.000755208045130509	1.09972916371132e-05
15.846864	0.00075766217507566	9.96227887928752e-06
14.127493	0.000758652333870065	1.33759675870701e-05
12.587309	0.000761488241862406	1.44134706698677e-05
11.216775	0.000762258852101867	1.43122292455935e-05
9.9968166	0.000764825262294019	1.34126606636945e-05
8.9082127	0.00076700764726862	1.62195147946799e-05
7.9395623	0.000768833272335619	1.469118568977e-05
7.0765615	0.000773016360071485	1.67898759580698e-05
6.3105822	0.000772462795617696	1.636893127568e-05
5.6245475	0.000775025275755985	1.39758621494326e-05
5.0112233	0.00077574071778444	1.67922238318756e-05
4.4642835	0.000777356194687289	1.68526651835573e-05
3.9819033	0.000777958872114478	1.65005439001534e-05
3.5479143	0.000778633934570417	1.5585801790308e-05
3.1629577	0.000780619555619524	1.72166012426249e-05
2.818361	0.000781192918943896	1.70477064516134e-05
2.5112481	0.00078235745991175	1.60387498829649e-05
2.2398233	0.000783918932761084	1.69129752517803e-05
1.9950197	0.000782657499191149	1.76358332271164e-05
1.7775893	0.000783817534819324	1.57152294640428e-05
1.5846864	0.000787713198956633	1.79444577816543e-05
1.4122353	0.000788725069880267	1.93507621581431e-05
1.2582541	0.000788911509660917	1.66614425936937e-05
1.1224822	0.000789544803785152	2.0496814190941e-05
1.0000616	0.000790492437638019	2.18060116055595e-05
0.89082122	0.000793634466997697	2.02254441863156e-05
0.79444051	0.000793816340189693	1.96826581061337e-05
0.70784986	0.000795896249218589	2.14326757784403e-05
0.63126236	0.000797218340244811	2.09259272401512e-05
0.562536	0.000799583831047237	2.15594236729164e-05
0.50118715	0.000800485227023181	2.35917057456354e-05
0.44642836	0.000802414601351985	2.50138363430683e-05
0.39821118	0.000804043548858093	2.80192338233878e-05
0.35475865	0.000804478815357973	2.62334308018237e-05
0.31619295	0.000806669035132769	2.80535737027158e-05
0.2819173	0.000808665197674172	3.00581134201331e-05
0.25117323	0.000807909515645474	2.86896266618167e-05
0.22391155	0.000810648713320313	3.29196003555307e-05
0.19957349	0.000814384631905647	3.14415971583488e-05
0.17779917	0.000813565438395701	3.38252583936006e-05
0.15846863	0.000817464586233245	3.53457161441203e-05
0.14123619	0.000818388174675648	3.70647399447753e-05
0.12590662	0.000821350021898644	3.7875649509355e-05
0.1122199	0.000823265388360822	3.79704953748225e-05
0.10002181	0.000824687075215207	4.06389395965682e-05
