10002.226	0.0011992854873965	-0.00943894432892799
8914.9326	0.00115721443714946	-0.00844979581827444
7943.9951	0.00112017704597803	-0.00756273973025346
7081.583	0.00108485424336813	-0.00677141038351219
6307.7358	0.00105445480596161	-0.00605805721861235
5622.5879	0.00102265461822411	-0.00542500197535484
5011.603	0.000993356899327055	-0.00485525302054611
4466.4292	0.000969079751081362	-0.00434779652390292
3981.2773	0.000946192585031372	-0.00389275228612916
3548.8679	0.000921248424694846	-0.00348599908082388
3163.0398	0.000905971056333919	-0.00312170995221367
2819.0986	0.000886023743733939	-0.00279681169348726
2512.4104	0.000871597744318182	-0.00250521897350553
2239.2869	0.000854382953729336	-0.00224476012104236
1995.6381	0.000843990880039267	-0.00200956843562562
1778.2897	0.000828692851763643	-0.00179989141991096
1584.4927	0.000816661175891584	-0.00161504115165877
1412.7418	0.000804546692091997	-0.00144510838241209
1258.7905	0.000798439381607946	-0.00129782764028162
1121.7966	0.000786625077289366	-0.0011644350066462
999.68164	0.000780364244019938	-0.0010426945479196
891.42474	0.000772120328826984	-0.000935644775239821
794.23932	0.000763520412547413	-0.000841620587960354
707.96161	0.000755917149013343	-0.000753371315153761
631.00977	0.00074977562577285	-0.000678492658858558
562.33929	0.000742570427131098	-0.000605677726798787
501.12231	0.000737022320813878	-0.000542256936966354
446.57214	0.000731431472641044	-0.000482799925266602
398.08899	0.000727132861126325	-0.000436831964210456
354.88681	0.000721750030809616	-0.000388131602092317
316.31589	0.000720029325283621	-0.000343018623565505
281.8942	0.000715007795690887	-0.000305432855334587
251.20601	0.000711702922119152	-0.000271054272304685
223.92496	0.000710529436394643	-0.000239669344535986
199.55338	0.000710499908658557	-0.000211979372305264
177.78128	0.000708383660360456	-0.000185387205837759
158.52898	0.000710570357858165	-0.000160956241028029
141.21979	0.00070832331350339	-0.0001397667083989
125.92673	0.000708830940480123	-0.000122857944907647
112.19009	0.000712416213751521	-0.000104623111342974
99.968163	0.000712834768972222	-8.57022357537635e-05
89.115646	0.000713392960038255	-7.46288926982734e-05
79.415741	0.000717842839417622	-6.2478023542831e-05
70.793182	0.000718674118309458	-4.99095701324087e-05
63.082279	0.000721953748500935	-4.03589739935661e-05
56.241825	0.000726488535785133	-3.08443468969282e-05
50.112232	0.000726023131206282	-2.27268408515799e-05
44.671223	0.000730355251641764	-1.75048300033869e-05
39.808899	0.000734378608523982	-1.25878794266154e-05
35.488308	0.000737659899927615	-5.9643874768882e-06
31.629578	0.000740216988312032	-2.2943934039593e-06
28.187037	0.0007421796004856	-2.25101855695606e-07
25.120602	0.00074720117546281	3.3085920030938e-06
22.385418	0.00074855670384603	6.88699170130718e-06
19.955338	0.000753997146606065	1.02687632193652e-05
17.775894	0.000754602582697489	1.13300352137368e-05
15.846864	0.000758103747030665	1.28100575751767e-05
14.127493	0.000760571226363761	1.16699983715909e-05
12.587309	0.000760959710956297	1.25839388407041e-05
11.216775	0.00076324874047835	1.40251759531013e-05
9.9968166	0.000765056262051845	1.08775081874283e-05
8.9082127	0.00076618166000609	1.50635387544527e-05
7.9395623	0.000769600033973149	1.52054370106608e-05
7.0765615	0.000771247484852519	1.8570754384533e-05
6.3105822	0.000775440300940099	1.61846793176625e-05
5.6245475	0.00077543669474312	1.75008400487044e-05
5.0112233	0.000776054885143448	1.88700911832341e-05
4.4642835	0.000776339946774448	1.61890536463122e-05
3.9819033	0.000776686539372036	1.74421341821163e-05
3.5479143	0.000779699409560504	1.70611205285712e-05
3.1629577	0.000781263125813373	1.57839958024373e-05
2.818361	0.000784051703492718	1.79250152844965e-05
2.5112481	0.000782953200594431	1.63138046477033e-05
2.2398233	0.000783151487629025	1.61118460437914e-05
1.9950197	0.000783845514028286	1.72409159557705e-05
1.7775893	0.000785022511304553	1.55891280558457e-05
1.5846864	0.000788647699780936	1.77083713929622e-05
1.4122353	0.000787776892039365	1.7892000638232e-05
1.2582541	0.000788232676716971	1.96705535914683e-05
1.1224822	0.00078836258245043	1.85789994962797e-05
1.0000616	0.00079179080068296	2.10044411206431e-05
0.89082122	0.000793107733990374	2.08182155048111e-05
0.79444051	0.000795602628162968	2.06364922351147e-05
0.70784986	0.000795759747730511	2.24155748076213e-05
0.63126236	0.00079687879589913	2.33472822945976e-05
0.562536	0.000798952448953802	2.19413015009237e-05
0.50118715	0.00080091968241472	2.29144534276554e-05
0.44642836	0.000801800624184125	2.36162186739689e-05
0.39821118	0.000801960480302179	2.55933633688956e-05
0.35475865	0.00080475848637263	2.75485119572082e-05
0.31619295	0.000806394136316573	2.58304136945242e-05
0.2819173	0.000807967878094174	2.82649217021798e-05
0.25117323	0.000809652819265719	2.98151902234267e-05
0.22391155	0.000810236821162711	3.10256171219992e-05
0.19957349	0.000812060876624942	3.31877403946618e-05
0.17779917	0.000814958027401361	3.3900731456409e-05
0.15846863	0.000815705328192425	3.48379972763722e-05
0.14123619	0.000818614152457725	3.72790428862574e-05
0.12590662	0.000820334354196526	3.78447910082506e-05
0.1122199	0.000822146332725692	4.03547847480903e-05
0.10002181	0.000826236245502609	4.17616698321962e-05
