10002.226	0.00119867185295889	-0.00944025784542173
8914.9326	0.00115866575882671	-0.00845051151640181
7943.9951	0.00111906434536946	-0.00756399464029974
7081.583	0.00108522342052852	-0.00677316914490222
6307.7358	0.0010538320200647	-0.00605837268971055
5622.5879	0.00102205588523899	-0.00542531472665514
5011.603	0.000996808779294423	-0.00485903850024371
4466.4292	0.000969563365366932	-0.0043488536084861
3981.2773	0.00094618936141941	-0.0038931549655029
3548.8679	0.000923709296935251	-0.00348748966358819
3163.0398	0.000905649322940143	-0.00312391972002993
2819.0986	0.00088761873669654	-0.00279586946141676
2512.4104	0.00087167232049663	-0.00250329789088477
2239.2869	0.000856268765771055	-0.00224505582833462
1995.6381	0.000842670395367318	-0.00200897696644413
1778.2897	0.000830037816793222	-0.00179898820692836
1584.4927	0.000817530967792128	-0.0016148343867295
1412.7418	0.000803218876905541	-0.00144729485493695
1258.7905	0.000798643949221393	-0.00129944720209769
1121.7966	0.000786012482981573	-0.00116483226786198
999.68164	0.000777084391490376	-0.0010436138607587
891.42474	0.000770967677401189	-0.000937645633476956
794.23932	0.000764022971213734	-0.000840817159442068
707.96161	0.000755250789911943	-0.000753016109139449
631.00977	0.000748731384774458	-0.000677116464450895
562.33929	0.000742047632869679	-0.000605493129814412
501.12231	0.000735963337522128	-0.000543234973903168
446.57214	0.000732486590348835	-0.000485361088042828
398.08899	0.000727190743368233	-0.000434344299978362
354.88681	0.000721934303552149	-0.000387003178672726
316.31589	0.000720351167570784	-0.000344055385251859
281.8942	0.000715846694751374	-0.000308085568817131
251.20601	0.000711579459677099	-0.000272544450561858
223.92496	0.000710892174470077	-0.000241438725689268
199.55338	0.00071022271731141	-0.000213917555199015
177.78128	0.000708649345037735	-0.000185885397572103
158.52898	0.000709487333461647	-0.00016368826192248
141.21979	0.000709482278218088	-0.000140486395445892
125.92673	0.00070752940063956	-0.000121766655697452
112.19009	0.000712532965126089	-0.00010600732338758
99.968163	0.000711826939694274	-8.89319796942247e-05
89.115646	0.000714036334564961	-7.65235187100954e-05
79.415741	0.00071772859235364	-6.29315780062459e-05
70.793182	0.000718640752398308	-5.03159725945042e-05
63.082279	0.000721180304826161	-4.25411989551206e-05
56.241825	0.000727742084275339	-3.11384959020296e-05
50.112232	0.000728485668787854	-2.3624092273808e-05
44.671223	0.000729760324115746	-1.62920201421642e-05
39.808899	0.000735186981677932	-1.21380887584912e-05
35.488308	0.000737365891352347	-5.9050502093613e-06
31.629578	0.000743118462134636	-1.55398648740785e-06
28.187037	0.000742702318677713	-1.92580816756029e-07
25.120602	0.00074460817242228	4.70588707038574e-06
22.385418	0.000749041169219514	7.40024984462675e-06
19.955338	0.00075380737896259	7.95478964478917e-06
17.775894	0.000753622841850162	1.23974059894154e-05
15.846864	0.000757673354783038	1.12715459962282e-05
14.127493	0.00076039077088178	1.45751342088023e-05
12.587309	0.000760264029286821	1.44666291945291e-05
11.216775	0.000764715808495522	1.37391178328643e-05
9.9968166	0.000764987558557548	1.41429941675094e-05
8.9082127	0.00076782206513098	1.59493013626354e-05
7.9395623	0.000768717265324157	1.67201384365403e-05
7.0765615	0.000770455535474591	1.75464512600169e-05
6.3105822	0.000772076823868738	1.83097042023925e-05
5.6245475	0.000774002575247139	1.58037415125124e-05
5.0112233	0.000778294975605412	1.85025245154019e-05
4.4642835	0.000777873115188644	1.62939224565778e-05
3.9819033	0.000777426313523426	1.69734274199177e-05
3.5479143	0.000780467534435168	1.6146504069693e-05
3.1629577	0.000780132280583076	1.81454182873229e-05
2.818361	0.000781320593009356	1.62310568586355e-05
2.5112481	0.000781174408209117	1.6244476323813e-05
2.2398233	0.000784073276942637	1.7711291310908e-05
1.9950197	0.000783317226713322	1.51125685465234e-05
1.7775893	0.000784516022962401	1.69932449488989e-05
1.5846864	0.000787575052284483	1.89897232076452e-05
1.4122353	0.000787821582599744	1.97057985729289e-05
1.2582541	0.000789223073995134	1.91524128535012e-05
1.1224822	0.000790449569398841	2.1504101288651e-05
1.0000616	0.000791884981323073	1.87347503320034e-05
0.89082122	0.000792825644380245	1.99720113381584e-05
0.79444051	0.000793420985677245	2.07743096135144e-05
0.70784986	0.000797311833168549	2.12108263181135e-05
0.63126236	0.000797407714555833	2.20248386509756e-05
0.562536	0.000798225368709312	2.31138430351566e-05
0.50118715	0.000799158198445382	2.47185581192879e-05
0.44642836	0.000801182006843083	2.25291921495815e-05
0.39821118	0.000801197134344065	2.45608112866986e-05
0.35475865	0.00080391891454625	2.46369266198831e-05
0.31619295	0.000806572818039677	2.76198463710631e-05
0.2819173	0.000806706297730459	2.82831911582806e-05
0.25117323	0.000809218766324941	2.76216000646751e-05
0.22391155	0.000813160122952023	3.04590351444148e-05
0.19957349	0.000811522688332252	3.25148609231265e-05
0.17779917	0.000815088106101731	3.39934526402898e-05
0.15846863	0.00081870508515674	3.60435461771951e-05
0.14123619	0.000818447817169287	3.59899930818275e-05
0.12590662	0.000821306662941232	3.81461511259502e-05
0.1122199	0.000823735945172397	3.96207680332349e-05
0.10002181	0.000826255270326049	4.2067413316754e-05
