10002.226	0.00119728991033778	-0.00943874684634878
8914.9326	0.00115779154317702	-0.00845044744885598
7943.9951	0.00111986172159407	-0.00756309241139986
7081.583	0.00108497156782662	-0.00677233078145213
6307.7358	0.00105579795381197	-0.00605804651676047
5622.5879	0.00102323890642708	-0.00542464514168213
5011.603	0.000995757045885371	-0.00485793575839402
4466.4292	0.0009687012296228	-0.00434911858473511
3981.2773	0.000946532212394498	-0.00389330419966051
3548.8679	0.000921998659363774	-0.00348595770338137
3163.0398	0.000903774240570083	-0.00312365930833846
2819.0986	0.000886381909548471	-0.0027958240137761
2512.4104	0.00087070754618034	-0.00250488235216552
2239.2869	0.000854704409724327	-0.00224403296246677
1995.6381	0.000843322028942933	-0.00201001545905558
1778.2897	0.000829761080680446	-0.00180058843698987
1584.4927	0.000816619130472065	-0.00161317875538714
1412.7418	0.000803791260936397	-0.00144680078831045
1258.7905	0.000798608799454024	-0.00129785042092434
1121.7966	0.000786866787756171	-0.0011640268882366
999.68164	0.000778633680758086	-0.00104269049088231
891.42474	0.000770373239655715	-0.000937069197901099
794.23932	0.000761530183472328	-0.000843339663750286
707.96161	0.000755948346441182	-0.000753026668663846
631.00977	0.000748873434950992	-0.000676956813296986
562.33929	0.00074146124356686	-0.000606466603252121
501.12231	0.000736978073316717	-0.000542840618527936
446.57214	0.000731430852922166	-0.000485758618242674
398.08899	0.000726080910409728	-0.000435208515463054
354.88681	0.000722671753030089	-0.000387583085776449
316.31589	0.000720290235958253	-0.000344095080726617
281.8942	0.000714647578488969	-0.000305834810086668
251.20601	0.000711940910593404	-0.000271729303611088
223.92496	0.000710905838513033	-0.00024057458539073
199.55338	0.000710222969557581	-0.000212488758054438
177.78128	0.00071080970894875	-0.000185505045176057
158.52898	0.000709600807260848	-0.000161458679231841
141.21979	0.000709109423275831	-0.000141982459214208
125.92673	0.000707995574274482	-0.00012212430531875
112.19009	0.000710509924797743	-0.000104897880418033
99.968163	0.000713151532425105	-8.6959237900162e-05
89.115646	0.000715765058050673	-7.61942418974498e-05
79.415741	0.000716054666813205	-6.29478820640103e-05
70.793182	0.000720151334988476	-5.01124061109455e-05
63.082279	0.000722377582609911	-4.03533467877742e-05
56.241825	0.000725694633415717	-3.11338804955057e-05
50.112232	0.000727322839893307	-2.20031831880147e-05
44.671223	0.000731630614162528	-1.69154839302755e-05
39.808899	0.000735242473859195	-1.24110602525541e-05
35.488308	0.000738267301788716	-7.63813043479369e-06
31.629578	0.000741340319930308	-1.52115616949482e-06
28.187037	0.000743680611163033	1.16178918494919e-06
25.120602	0.000747411756217109	4.5613254766656e-06
22.385418	0.000748532822069519	5.72066107588718e-06
19.955338	0.000752151352121891	8.857860694093e-06
17.775894	0.000755055438674649	1.29997258332351e-05
15.846864	0.000758895497238539	9.87431756863521e-06
14.127493	0.000759220907198384	1.34420989837419e-05
12.587309	0.00076288637335109	1.34270657436884e-05
11.216775	0.000762854861933507	1.23440312386613e-05
9.9968166	0.000765903311403026	1.42364196250707e-05
8.9082127	0.00076605441786703	1.61990227323018e-05
7.9395623	0.000769169678559204	1.48328527276485e-05
7.0765615	0.00077084877203714	1.65253808625482e-05
6.3105822	0.000772317402372743	1.83927532834591e-05
5.6245475	0.000775527930942399	1.56253543994833e-05
5.0112233	0.000775759358614879	1.76967733665292e-05
4.4642835	0.000775967219541913	1.6715033388068e-05
3.9819033	0.000777171276510751	1.6404982724799e-05
3.5479143	0.000777365141783679	1.58345252646857e-05
3.1629577	0.000780687108029859	1.7796311915866e-05
2.818361	0.000781447381442921	1.6873913758736e-05
2.5112481	0.000781343425589136	1.62393923295336e-05
2.2398233	0.00078403907820293	1.71404859501374e-05
1.9950197	0.000784997903388204	1.89868778904965e-05
1.7775893	0.000786176860246275	1.69754417155138e-05
1.5846864	0.000786416118901389	1.7238611649978e-05
1.4122353	0.000786416033203292	1.77236682213802e-05
1.2582541	0.000789313699486168	1.92750461563449e-05
1.1224822	0.000789954203872254	1.86784917461407e-05
1.0000616	0.000791922923222897	1.92477155748458e-05
0.89082122	0.000792531079581398	1.8862698371308e-05
0.79444051	0.000795470889725311	2.12523003749482e-05
0.70784986	0.000795535626845652	2.22456237301343e-05
0.63126236	0.000795748128036076	2.39670259592195e-05
0.562536	0.000798956457261973	2.17547090353738e-05
0.50118715	0.000800349322787122	2.31549753118863e-05
0.44642836	0.00080003364886915	2.40526864794893e-05
0.39821118	0.000801735927060557	2.65300946898294e-05
0.35475865	0.000805492958389818	2.52918621856488e-05
0.31619295	0.000806736077168706	2.72460308565603e-05
0.2819173	0.000807086217081111	2.7255114698273e-05
0.25117323	0.000807899587735143	2.7500862430422e-05
0.22391155	0.000810664792391562	3.13364001275239e-05
0.19957349	0.000813041492368745	3.15956669267698e-05
0.17779917	0.000814161600318754	3.33716622894966e-05
0.15846863	0.000817189377383893	3.34425649697325e-05
0.14123619	0.000818999436268316	3.69291866646182e-05
0.12590662	0.000819485782764485	3.73466427603467e-05
0.1122199	0.000824055493108428	4.00859495337616e-05
0.10002181	0.000826700258576514	4.38240675481371e-05
