10002.226	0.00119743841866941	-0.0094397674025969
8914.9326	0.00115724800219866	-0.00844965432752731
7943.9951	0.00112167888282997	-0.00756394179398452
7081.583	0.00108554611863334	-0.0067725089713681
6307.7358	0.00105356089520339	-0.00605660026248529
5622.5879	0.00102000158305091	-0.00542446300249168
5011.603	0.000995419943350874	-0.00485850226584479
4466.4292	0.000970003074464418	-0.00434821595287254
3981.2773	0.0009457507713563	-0.00389205002028289
3548.8679	0.000924769412939941	-0.00348737960832008
3163.0398	0.000904434849368668	-0.00312217182811603
2819.0986	0.000886445057682447	-0.00279475796741552
2512.4104	0.000871322027684107	-0.00250373986587794
2239.2869	0.000855438988082092	-0.00224370414555132
1995.6381	0.000841691024279949	-0.00200970578501551
1778.2897	0.000828534969092659	-0.00180167210762513
1584.4927	0.000816667807094917	-0.00161368710268343
1412.7418	0.000805628640542204	-0.00144656980305369
1258.7905	0.000798528884207123	-0.0012991809648036
1121.7966	0.000787814928783356	-0.00116392014824213
999.68164	0.00078025428550627	-0.00104303450517871
891.42474	0.000771089399335404	-0.000937417021698475
794.23932	0.000764946864380902	-0.000841426224470406
707.96161	0.000754969823586848	-0.000755119041089506
631.00977	0.000748146837683188	-0.000675808931824331
562.33929	0.000742072255893667	-0.00060670619088893
501.12231	0.000738363968703319	-0.000542334960695571
446.57214	0.000730858217539125	-0.000484488316667467
398.08899	0.000726937426873215	-0.00043513249600416
354.88681	0.000723228519408355	-0.000388452337731184
316.31589	0.000720035880099462	-0.000343991121402335
281.8942	0.000716717433305204	-0.000307219090165468
251.20601	0.000710781083113848	-0.000270434075368681
223.92496	0.000711664967517124	-0.000240302350212997
199.55338	0.000711956229133706	-0.000211304395765243
177.78128	0.000709291492509865	-0.000184645627614584
158.52898	0.000707285618035701	-0.000163909518282887
141.21979	0.000708984572888254	-0.000142819295704317
125.92673	0.000708305599954676	-0.000120525122007093
112.19009	0.000713104238761774	-0.000105497217442931
99.968163	0.00071233537767783	-8.99354365585099e-05
89.115646	0.000716362201617581	-7.3161984637888e-05
79.415741	0.000716775337104041	-6.29788454807453e-05
70.793182	0.00071881153397517	-5.0080417491566e-05
63.082279	0.000721514317952309	-4.00992819110821e-05
56.241825	0.000725933188522986	-3.01995640776141e-05
50.112232	0.000729039465286568	-2.36157006699087e-05
44.671223	0.00072962313398556	-1.82245248702452e-05
39.808899	0.000735286882274845	-1.32129496816068e-05
35.488308	0.000735937798941488	-7.03674229594323e-06
31.629578	0.000739385204739627	-1.74272970922986e-06
28.187037	0.000744396476499553	1.61187818070007e-06
25.120602	0.00074677961038423	3.36828623905174e-06
22.385418	0.000748032042551976	6.06424682903964e-06
19.955338	0.000751577331150094	7.61427694396471e-06
17.775894	0.000756051937578109	1.2019126547505e-05
15.846864	0.00075810236845996	1.02081262839694e-05
14.127493	0.00076128093428666	1.3566077233818e-05
12.587309	0.000762538403754835	1.36426152152593e-05
11.216775	0.000762695058820951	1.329444378603e-05
9.9968166	0.000765640092349104	1.31803788948319e-05
8.9082127	0.000767234605627589	1.43942369870805e-05
7.9395623	0.000767261968889432	1.5395402223233e-05
7.0765615	0.000770488704994162	1.86330965791371e-05
6.3105822	0.000772437384577979	1.83395429083985e-05
5.6245475	0.00077434209731845	1.56001993762581e-05
5.0112233	0.000774114002795054	1.71752666514509e-05
4.4642835	0.000776377701913165	1.85663324817433e-05
3.9819033	0.000776818782107572	1.76712299328686e-05
3.5479143	0.000778262254752402	1.7171913929456e-05
3.1629577	0.000779866045012913	1.64791701121397e-05
2.818361	0.000781762587031972	1.6463093192371e-05
2.5112481	0.000782627696957116	1.60548611590931e-05
2.2398233	0.00078395880117706	1.82797042662486e-05
1.9950197	0.000784962564065695	1.79530704015264e-05
1.7775893	0.000786911327727855	1.70562476388444e-05
1.5846864	0.000787848631988196	1.7634460843464e-05
1.4122353	0.000788143959913142	1.68891586907004e-05
1.2582541	0.000787572199385623	1.72650051626148e-05
1.1224822	0.000790680287314425	2.07919065628363e-05
1.0000616	0.000790017233169477	1.97799384892672e-05
0.89082122	0.000793332331747235	1.8032097087122e-05
0.79444051	0.000793997624687221	2.01032284825664e-05
0.70784986	0.000794859418743821	2.16408797210722e-05
0.63126236	0.000796486700679805	2.25033721364271e-05
0.562536	0.000798087408325593	2.18500818083709e-05
0.50118715	0.000798114165966976	2.34237612237085e-05
0.44642836	0.000801748745144222	2.42155686370616e-05
0.39821118	0.000804730583558941	2.45642742648684e-05
0.35475865	0.000804612786255704	2.66162938429324e-05
0.31619295	0.00080615534232967	2.84792537802061e-05
0.2819173	0.000808111802482442	2.86468598540753e-05
0.25117323	0.000809245576941093	3.00805872539358e-05
0.22391155	0.00081175843302829	3.24315197579717e-05
0.19957349	0.000812571289083363	3.29330430681994e-05
0.17779917	0.000814884263852332	3.31664511954692e-05
0.15846863	0.000816038287138779	3.4378857609283e-05
0.14123619	0.000819268973713772	3.62079789062055e-05
0.12590662	0.000823578120925024	3.61795390329253e-05
0.1122199	0.000823777721376878	4.14513303249943e-05
0.10002181	0.000825894410770082	4.05815903644746e-05
