10002.226	0.00116409538906187	-0.00954958914663748
8914.9326	0.00112042587124327	-0.00854739054450856
7943.9951	0.0010839997605147	-0.00765169562460918
7081.583	0.00104806984738328	-0.00684896360534038
6307.7358	0.00101741794363853	-0.00612816230536188
5622.5879	0.000986643702964612	-0.00548866383830001
5011.603	0.000956171467263343	-0.00491277289307514
4466.4292	0.000932683482958649	-0.00439913326207171
3981.2773	0.000908792360249997	-0.00393788876553182
3548.8679	0.00088576718640655	-0.00352727561810749
3163.0398	0.000867103199453892	-0.00315993116733136
2819.0986	0.000850925446124825	-0.00282720970235718
2512.4104	0.00083573172496037	-0.00253430418694741
2239.2869	0.000819153966215537	-0.0022708870879611
1995.6381	0.000806298455032757	-0.00203341845194682
1778.2897	0.000792762048543032	-0.00182357705958498
1584.4927	0.000780786066449359	-0.00163239862207363
1412.7418	0.000768336681919041	-0.00146291239203515
1258.7905	0.00076055628223802	-0.00131283415145906
1121.7966	0.000751800091062641	-0.0011779038602366
999.68164	0.000742502843078044	-0.00105490147583651
891.42474	0.0007332722763294	-0.000948805854396608
794.23932	0.000725232265306084	-0.000849393444426869
707.96161	0.000719433333467569	-0.000763246845069001
631.00977	0.000712175459613568	-0.00068440547422504
562.33929	0.00070682805426866	-0.000612183778029735
501.12231	0.000701648878539843	-0.000549128985198647
446.57214	0.00069555324160078	-0.000491838268272995
398.08899	0.000689996911258157	-0.000439854487633904
354.88681	0.000684576319807411	-0.00038933980975365
316.31589	0.000684870994065286	-0.000346753697610957
281.8942	0.000678546049497832	-0.00030948886743825
251.20601	0.000676565605846825	-0.000275490821257747
223.92496	0.000674649613170602	-0.000241235238860229
199.55338	0.00067333221777631	-0.000215721943671919
177.78128	0.000673088290581566	-0.000188157580950077
158.52898	0.000673870648570647	-0.000164076576034955
141.21979	0.000670968821209836	-0.000144127940618733
125.92673	0.000672439059464682	-0.000123150290187696
112.19009	0.000676353614995415	-0.000107665470108247
99.968163	0.000678359039079501	-8.97685660311668e-05
89.115646	0.000679249922258359	-7.44383266471711e-05
79.415741	0.00067881129377214	-6.30908469272733e-05
70.793182	0.00068332798878667	-5.08260732107691e-05
63.082279	0.000682502104572694	-4.01358706212474e-05
56.241825	0.000689959629896543	-3.12048581040559e-05
50.112232	0.000691183175942302	-2.42185055020933e-05
44.671223	0.000695774693431241	-1.72821194820767e-05
39.808899	0.000699925709685018	-1.34293186502509e-05
35.488308	0.000701792633245677	-8.20583553310716e-06
31.629578	0.000702865169945428	-3.24099921015169e-06
28.187037	0.000706014009564184	9.77144596414867e-07
25.120602	0.000707499685002412	3.68519585122522e-06
22.385418	0.00071299545683934	7.58638910404364e-06
19.955338	0.000716409907569668	6.34695249347817e-06
17.775894	0.000718861051463069	1.13454965760544e-05
15.846864	0.0007198418187517	1.04293626962501e-05
14.127493	0.000723856123445312	1.34854388353407e-05
12.587309	0.000723967950558438	1.43211600812186e-05
11.216775	0.000725395045208168	1.39924104279521e-05
9.9968166	0.000729696930674173	1.35640169812385e-05
8.9082127	0.000730705027287892	1.47208076409065e-05
7.9395623	0.000730832070787786	1.65276953307956e-05
7.0765615	0.000735118790795105	2.04674460112955e-05
6.3105822	0.000736691336142499	1.77952666297083e-05
5.6245475	0.000736744669465361	1.54281821166878e-05
5.0112233	0.000739157965455131	1.67473646289144e-05
4.4642835	0.000739160342432919	1.64563406123582e-05
3.9819033	0.000740466605937029	1.74955024338893e-05
3.5479143	0.000742381802384746	1.7613994546221e-05
3.1629577	0.000743400347262674	1.82477645397926e-05
2.818361	0.000746168116388023	1.8493832384599e-05
2.5112481	0.000746960813016669	1.44232551220112e-05
2.2398233	0.000747119724278121	1.55998791559259e-05
1.9950197	0.00074707758414142	1.64723598685193e-05
1.7775893	0.000749572174653253	1.66441693433588e-05
1.5846864	0.000749037800872847	1.80241203736805e-05
1.4122353	0.000752202036180368	1.88580096662751e-05
1.2582541	0.000753108206929329	2.05566236324414e-05
1.1224822	0.000756101050272712	1.99187583386978e-05
1.0000616	0.000756449282373913	2.09661659738025e-05
0.89082122	0.000756596172661047	2.2098578835199e-05
0.79444051	0.00075742629866955	2.06573296414047e-05
0.70784986	0.000759229085456938	2.21145189015558e-05
0.63126236	0.00076081826791836	2.31837759026365e-05
0.562536	0.000763841039589761	2.26991354773283e-05
0.50118715	0.000763405949907463	2.35312856378079e-05
0.44642836	0.000766684720516955	2.50851846921094e-05
0.39821118	0.000767000506409939	2.52092467717067e-05
0.35475865	0.000767364360688041	2.74890596483557e-05
0.31619295	0.00076718415384203	2.7914592169808e-05
0.2819173	0.000771942333953412	2.93683302666559e-05
0.25117323	0.000773768412385681	2.73857650043118e-05
0.22391155	0.00077569915501757	3.17656044695387e-05
0.19957349	0.000776850841395439	3.12722813718305e-05
0.17779917	0.000779120621721757	3.38792424168666e-05
0.15846863	0.000781558752833949	3.62042759820217e-05
0.14123619	0.000783562856905218	3.72842376462156e-05
0.12590662	0.000784651548638442	3.70715372180466e-05
0.1122199	0.000786578030533146	4.21403923214553e-05
0.10002181	0.00078994696310899	4.11655495185585e-05
