10002.226	0.00116328253368124	-0.00954726404666659
8914.9326	0.00112109403649924	-0.00854631832335947
7943.9951	0.00108321572258165	-0.00765152887438916
7081.583	0.00105040736232406	-0.00684926976952769
6307.7358	0.00101743737860462	-0.00612795152592459
5622.5879	0.000986616729881299	-0.00548622085440315
5011.603	0.000955386939435362	-0.00491205020969318
4466.4292	0.00093140522381831	-0.00439674673295785
3981.2773	0.000910205299327236	-0.0039389880183169
3548.8679	0.000887141293858333	-0.00352719921095568
3163.0398	0.000868311310283291	-0.0031589583927947
2819.0986	0.00084995929144978	-0.00282834347557319
2512.4104	0.000834634670464481	-0.00253231201050597
2239.2869	0.000820337542185282	-0.00226864462098236
1995.6381	0.00080684094807528	-0.00203352375911691
1778.2897	0.000792531166972242	-0.00182215475536621
1584.4927	0.000779511945343149	-0.00163275491040798
1412.7418	0.000769730356132984	-0.00146307198292391
1258.7905	0.000761522495394714	-0.00131281840259194
1121.7966	0.000751303173822032	-0.00117728121406209
999.68164	0.000742984007322921	-0.00105507956140644
891.42474	0.000731562481781524	-0.000946598229090907
794.23932	0.000726193100969286	-0.000850675783291357
707.96161	0.000718242190168645	-0.000761809938588176
631.00977	0.000713694965399097	-0.000684998873269053
562.33929	0.000707652659717003	-0.000612417013557221
501.12231	0.000701301523932066	-0.000548620353506087
446.57214	0.000696058511214932	-0.000489946452132551
398.08899	0.00069031993624396	-0.000438931469458793
354.88681	0.000684929006014455	-0.000390299733792745
316.31589	0.000683559865380243	-0.000349049720535997
281.8942	0.000680123273821111	-0.000311301256021486
251.20601	0.000675047483779293	-0.000276594975672215
223.92496	0.000673968313943863	-0.000244586237563319
199.55338	0.000672026147051675	-0.000216551397199082
177.78128	0.000673190084299658	-0.000188417842901248
158.52898	0.000673087158397408	-0.000164165878485724
141.21979	0.000672594732368997	-0.000143024278969214
125.92673	0.000671825179547243	-0.000121614416114628
112.19009	0.000676233377642494	-0.000107013265841379
99.968163	0.000676190532051194	-8.78181202942225e-05
89.115646	0.000677939312289796	-7.42520135141173e-05
79.415741	0.000679991392648274	-6.33164827075647e-05
70.793182	0.000683982650748934	-5.1524864411927e-05
63.082279	0.0006857995969138	-4.13370169704129e-05
56.241825	0.00068889393968372	-3.20598631351599e-05
50.112232	0.00069092561387993	-2.19757324261857e-05
44.671223	0.000693291010368343	-1.79015734188403e-05
39.808899	0.000698256474796936	-1.33895965489578e-05
35.488308	0.000699919949436608	-8.63622431984039e-06
31.629578	0.000703919513098241	-6.7158379913973e-07
28.187037	0.00070722932140781	-8.68231203303007e-07
25.120602	0.000710027459576496	5.40320367327048e-06
22.385418	0.000713101499510919	6.60603194374594e-06
19.955338	0.000715038383964259	7.13663499468918e-06
17.775894	0.000718966406503803	1.21383107221461e-05
15.846864	0.000722578919256948	1.04306145800975e-05
14.127493	0.00072360923474636	1.31484603404657e-05
12.587309	0.000725573587167167	1.29177929209133e-05
11.216775	0.000726568509781033	1.47388074959994e-05
9.9968166	0.000730810424931028	1.34969436441436e-05
8.9082127	0.000732017750494081	1.36272494992919e-05
7.9395623	0.000731258181130506	1.66852639378209e-05
7.0765615	0.000736206935858608	1.84265292702735e-05
6.3105822	0.000736197872906678	1.72316978575637e-05
5.6245475	0.000737147879016987	1.62902898920043e-05
5.0112233	0.000738766963494781	1.78476248230946e-05
4.4642835	0.000739979941751478	1.66982799767211e-05
3.9819033	0.000741424866241627	1.61057222975772e-05
3.5479143	0.000744184753661231	1.39471365937957e-05
3.1629577	0.000744373032593217	1.67412155299314e-05
2.818361	0.000746005122780594	1.50670034378909e-05
2.5112481	0.000745699747346168	1.60625580277117e-05
2.2398233	0.000746274568460445	1.69058170401899e-05
1.9950197	0.000748072768399478	1.87586630844447e-05
1.7775893	0.000749224075370259	1.66200461664831e-05
1.5846864	0.00075027926078381	1.97556070306405e-05
1.4122353	0.000752448619811697	1.6717236888166e-05
1.2582541	0.000752911880151685	1.81160923724051e-05
1.1224822	0.00075426740111754	1.86345723175306e-05
1.0000616	0.000755264046715355	1.99561887048551e-05
0.89082122	0.000756404775539435	2.14282373913011e-05
0.79444051	0.000758872503000931	2.08306157610443e-05
0.70784986	0.000760668077791694	2.20031095120273e-05
0.63126236	0.000760365590514109	2.09943313534749e-05
0.562536	0.000763604090639166	2.41001770227571e-05
0.50118715	0.000764431837877381	2.49690242719281e-05
0.44642836	0.000764303871253625	2.46311785803346e-05
0.39821118	0.000767386679451437	2.4815006905274e-05
0.35475865	0.000768157457728052	2.83543165748976e-05
0.31619295	0.000769572984092074	2.7020345245587e-05
0.2819173	0.000769195874437442	2.81684104366187e-05
0.25117323	0.000772152209256274	3.05432659468784e-05
0.22391155	0.00077610151785378	3.15932005322101e-05
0.19957349	0.000775656360063188	3.08780942179747e-05
0.17779917	0.00077893145168586	3.25700132384992e-05
0.15846863	0.000781193725960375	3.64900726847534e-05
0.14123619	0.00078256138811398	3.69122735609903e-05
0.12590662	0.000783360642490791	4.03484088059258e-05
0.1122199	0.000787797491006915	4.25485348109764e-05
0.10002181	0.000789196731805122	4.34081010017894e-05
