10002.226	0.00116051554956169	-0.00954742082436334
8914.9326	0.00112121294802268	-0.00854930352504227
7943.9951	0.00108244777515163	-0.00765189290105194
7081.583	0.00104748993306589	-0.00684814149841083
6307.7358	0.00101677813432272	-0.00612924226731236
5622.5879	0.000985812076318198	-0.00548753741561889
5011.603	0.00095661441393175	-0.00491343538518645
4466.4292	0.000932951874299009	-0.00439758824855338
3981.2773	0.000907158311053791	-0.00393917858583919
3548.8679	0.000884545619290813	-0.00352725106089622
3163.0398	0.000869047768436087	-0.00315835826060414
2819.0986	0.000847476391010817	-0.0028284214226779
2512.4104	0.000834769998492231	-0.00253165040441012
2239.2869	0.00081997440463803	-0.00227262107489958
1995.6381	0.000805213991887273	-0.00203348444048014
1778.2897	0.00079406294511849	-0.0018221916483999
1584.4927	0.000783053199732118	-0.00163193322565391
1412.7418	0.000769626912290486	-0.00146335883615653
1258.7905	0.000759734691185958	-0.0013129655662243
1121.7966	0.000750927915020936	-0.00117780181704484
999.68164	0.000742986185702146	-0.00105501188323909
891.42474	0.000734087091507478	-0.000947346786063094
794.23932	0.00072863768942552	-0.000850247555065688
707.96161	0.000718114454853888	-0.000761313363451747
631.00977	0.000712077960623006	-0.000684538018822927
562.33929	0.000706918837137149	-0.0006123639109242
501.12231	0.000699822979798863	-0.000548806921216074
446.57214	0.000695028056078868	-0.000492511050489577
398.08899	0.000689170411289318	-0.000440110676830537
354.88681	0.000686300420924523	-0.00039132501924879
316.31589	0.000683696737607781	-0.000347112749823688
281.8942	0.000678450761293069	-0.000312276829883594
251.20601	0.000673211723537579	-0.000274551888194733
223.92496	0.000676473875924927	-0.000243309718353016
199.55338	0.000674245972884432	-0.000212549258795052
177.78128	0.000672357749300301	-0.000187268882553597
158.52898	0.000674687718070391	-0.000164212395296712
141.21979	0.000671865939503008	-0.000145113336855989
125.92673	0.000672771943049998	-0.000123334739054377
112.19009	0.000674242168617309	-0.00010656838045936
99.968163	0.000678137677210772	-8.8224954573307e-05
89.115646	0.000678828736629744	-7.56641490805951e-05
79.415741	0.000680223740140757	-6.23263902902682e-05
70.793182	0.000681229117971855	-5.0581864107912e-05
63.082279	0.00068585704456842	-4.22657057316183e-05
56.241825	0.000689227238072555	-2.88603818999365e-05
50.112232	0.000689809530196697	-2.46665556900486e-05
44.671223	0.000695017253266467	-1.87324681534257e-05
39.808899	0.000697409931815814	-1.34345830965773e-05
35.488308	0.000701051616016023	-5.73898557176408e-06
31.629578	0.000703369545630564	-1.37814826530608e-06
28.187037	0.000705086981873471	2.19670607362091e-06
25.120602	0.000708349757378983	6.38060628992024e-06
22.385418	0.000713748358522288	7.1218277428979e-06
19.955338	0.000716255596571809	1.09271484001254e-05
17.775894	0.000720135798052526	1.20020839212423e-05
15.846864	0.000720403644906472	1.21027559855474e-05
14.127493	0.000722939865748444	1.18039243900886e-05
12.587309	0.000724596704799981	1.43185440227632e-05
11.216775	0.00072573796271709	1.39764364457533e-05
9.9968166	0.000728922487815174	1.40689604166178e-05
8.9082127	0.000730030246765255	1.64910028106577e-05
7.9395623	0.000732158308612837	1.73823208996482e-05
7.0765615	0.000735211870830107	1.54686887410455e-05
6.3105822	0.00073697244580145	1.77743705842605e-05
5.6245475	0.000736174235117493	1.60500806354871e-05
5.0112233	0.000739658938817578	1.7142745109123e-05
4.4642835	0.000741792354101264	1.6113659641284e-05
3.9819033	0.000741866789075217	1.81995702443347e-05
3.5479143	0.000743661662302727	1.7328961448079e-05
3.1629577	0.000742512389877436	1.65710610964849e-05
2.818361	0.000745089235741611	1.64444522494927e-05
2.5112481	0.000746445802423938	1.5759412338854e-05
2.2398233	0.000746225451697408	1.74793655565165e-05
1.9950197	0.000748526508405668	1.77498512108693e-05
1.7775893	0.000749497795653715	1.78297805610765e-05
1.5846864	0.000750266640512108	1.85734458532972e-05
1.4122353	0.000753132371707751	1.63468318764964e-05
1.2582541	0.000752943779503252	2.00673325599156e-05
1.1224822	0.000753760857804928	1.96549389077685e-05
1.0000616	0.000755207854101271	1.90989684768707e-05
0.89082122	0.000758076352319993	2.14407261349391e-05
0.79444051	0.000758098080477474	2.194140645513e-05
0.70784986	0.000759937523385317	2.18646063467609e-05
0.63126236	0.000759802594028648	2.36816572017056e-05
0.562536	0.00076394579199171	2.42434743878207e-05
0.50118715	0.000764338086670944	2.29132879486818e-05
0.44642836	0.000766196291833624	2.49283724702595e-05
0.39821118	0.000767375292160561	2.60442086009444e-05
0.35475865	0.000768078518066413	2.74325497842861e-05
0.31619295	0.000767928530306373	2.56009980677608e-05
0.2819173	0.000770648821480317	2.8378660728114e-05
0.25117323	0.000772596558998253	2.89189240942009e-05
0.22391155	0.000774811447010697	2.97636921545648e-05
0.19957349	0.00077700946451877	3.24371229423927e-05
0.17779917	0.000779141679881946	3.33933513029156e-05
0.15846863	0.000779425754026458	3.41316071427327e-05
0.14123619	0.000781328177401702	3.66008389074591e-05
0.12590662	0.000785829814365825	3.93054624470073e-05
0.1122199	0.000786020313101441	3.92380192007935e-05
0.10002181	0.000789415871935724	4.331651033663e-05
