10002.226	0.00116255513970198	-0.00954745428124005
8914.9326	0.00112106370812362	-0.0085473745574118
7943.9951	0.00108349998495523	-0.00765006278875911
7081.583	0.00105016589161696	-0.00685184631196308
6307.7358	0.00101843616656891	-0.00612929635108296
5622.5879	0.000983226855208066	-0.00548737841636412
5011.603	0.000957286825581891	-0.00491191442060271
4466.4292	0.000933328345839173	-0.00439946024270551
3981.2773	0.000909166868508644	-0.00393827476245911
3548.8679	0.00088636980321774	-0.00352683787837121
3163.0398	0.000867635706638863	-0.00315958107530924
2819.0986	0.000851330711047724	-0.00282741618114454
2512.4104	0.000835100602384246	-0.00253393174951735
2239.2869	0.000817766149231039	-0.00226977648334869
1995.6381	0.000805155982839663	-0.00203130884075726
1778.2897	0.000794277751878734	-0.00182163285652225
1584.4927	0.000781879775661372	-0.00163148551607042
1412.7418	0.000770079683576798	-0.00146475852074806
1258.7905	0.00075955193074556	-0.00131183651955775
1121.7966	0.00074952075124133	-0.00117623326835167
999.68164	0.000745491511929649	-0.00105502521845424
891.42474	0.000732265287840354	-0.00094759138999011
794.23932	0.000727952329227246	-0.000850020933104674
707.96161	0.000718513360688304	-0.00076182910938341
631.00977	0.000712377659315189	-0.000684390994280872
562.33929	0.000707567451234575	-0.000612711019553905
501.12231	0.00070071922747916	-0.000549259747319941
446.57214	0.000693309118262897	-0.000490740456610367
398.08899	0.000690839548639635	-0.000440806209490802
354.88681	0.000686051598113492	-0.000392780935314185
316.31589	0.000683322915901934	-0.000348232815919841
281.8942	0.000679759678514607	-0.000309733764137986
251.20601	0.000674476188378094	-0.000275598671475302
223.92496	0.000673528417006295	-0.000243363112613833
199.55338	0.000672952283829348	-0.000214574560136621
177.78128	0.000673347025279021	-0.000187615298486328
158.52898	0.000674655673658027	-0.000164062605906468
141.21979	0.000672380523212616	-0.000143919394634607
125.92673	0.000672657885071049	-0.000123314481478975
112.19009	0.000675493773366375	-0.000107360174251812
99.968163	0.000676431929137215	-8.94031440910778e-05
89.115646	0.000679800142621398	-7.61610448722361e-05
79.415741	0.000681323018505117	-6.36236540428067e-05
70.793182	0.000680985041208082	-5.11500699138447e-05
63.082279	0.00068590107668713	-4.1547616214383e-05
56.241825	0.000689156618631796	-3.24351553983332e-05
50.112232	0.000689691786345189	-2.4405158130918e-05
44.671223	0.000694361151742082	-1.73414995774177e-05
39.808899	0.000698507440126992	-1.26908540422876e-05
35.488308	0.000701437761220889	-8.91082042918617e-06
31.629578	0.000705895548901529	-1.86662879366351e-06
28.187037	0.000704095759302334	1.22088731015255e-06
25.120602	0.000710869916234554	4.39774607838858e-06
22.385418	0.00071124064791429	6.72174689606299e-06
19.955338	0.000715408243336694	9.05628741022512e-06
17.775894	0.000719415408901371	1.10702883083813e-05
15.846864	0.000721453348100694	1.06620440214723e-05
14.127493	0.000724997553916423	1.32113144803387e-05
12.587309	0.00072812859231926	1.40639906215499e-05
11.216775	0.000726811751959897	1.4826725068854e-05
9.9968166	0.000729862522622146	1.23711160682109e-05
8.9082127	0.000731577424215627	1.53058579044133e-05
7.9395623	0.000730691190123712	1.65870931372766e-05
7.0765615	0.000734128701656713	1.68071117170933e-05
6.3105822	0.000733831247183444	1.68757395933742e-05
5.6245475	0.000735859491765496	1.55318017228895e-05
5.0112233	0.000741326252168743	1.76577948190001e-05
4.4642835	0.00074112568375123	1.82317597600045e-05
3.9819033	0.000742774708439049	1.71811896429755e-05
3.5479143	0.000743828376249723	1.74605142715016e-05
3.1629577	0.000744623142623278	1.49410502739085e-05
2.818361	0.000744677305279869	1.58197299245467e-05
2.5112481	0.000746761400677372	1.67963143714936e-05
2.2398233	0.000745348398234175	1.77667910911216e-05
1.9950197	0.000747888111854075	1.77007596600194e-05
1.7775893	0.000747889656261006	1.85745733276161e-05
1.5846864	0.000751049559119502	1.94264169623816e-05
1.4122353	0.000750086441015351	2.0136995636266e-05
1.2582541	0.000753383334171304	2.0868933232166e-05
1.1224822	0.000752666889775337	1.95494182569817e-05
1.0000616	0.000754186242429752	2.08592484809164e-05
0.89082122	0.000756232884303678	2.18268867240603e-05
0.79444051	0.000756544680928094	2.04300717317983e-05
0.70784986	0.000760005040721651	2.14569994817599e-05
0.63126236	0.000761588400424719	2.18546774588958e-05
0.562536	0.000761969342897921	2.46827376858993e-05
0.50118715	0.000762185409486848	2.11505154093457e-05
0.44642836	0.000766349184177562	2.45344783723164e-05
0.39821118	0.000765344720769687	2.67415164553778e-05
0.35475865	0.000768888978742196	2.54348218700242e-05
0.31619295	0.000770792511143471	2.68118217630453e-05
0.2819173	0.00077297075560344	2.88232546500674e-05
0.25117323	0.0007735154809834	2.89843696425668e-05
0.22391155	0.000773439462334429	3.10309730026485e-05
0.19957349	0.000777375231762945	3.18337104637635e-05
0.17779917	0.000777487554622649	3.34445128058545e-05
0.15846863	0.000782234055279193	3.5197988011222e-05
0.14123619	0.000783509933784063	3.88487298117732e-05
0.12590662	0.000785868941710157	3.94690651186353e-05
0.1122199	0.000786237142380819	3.80159954929758e-05
0.10002181	0.000790672435614396	4.244441663501e-05
