10002.226	0.00116278484005062	-0.00954685161627694
8914.9326	0.0011213814607139	-0.00854759828556872
7943.9951	0.00108558001699808	-0.00764992743421365
7081.583	0.00104827524733824	-0.00684885367758748
6307.7358	0.00101802884566033	-0.00612922165188708
5622.5879	0.000985221308153662	-0.00548908160886016
5011.603	0.000956899605230304	-0.00491332155426067
4466.4292	0.000932673446423378	-0.00439737823482902
3981.2773	0.000908881702548006	-0.0039374831743356
3548.8679	0.000886967042519922	-0.00352772517214648
3163.0398	0.000868367696196677	-0.00315863226676886
2819.0986	0.000849362134911857	-0.00282912567006903
2512.4104	0.00083158069028126	-0.00253326102567983
2239.2869	0.000819433963181349	-0.00227064161250707
1995.6381	0.000806424441168542	-0.00203334018211058
1778.2897	0.000795733476790898	-0.00182129274698921
1584.4927	0.000779757663569015	-0.0016322034221119
1412.7418	0.000768016483224158	-0.00146450424787829
1258.7905	0.000760983250637408	-0.00131257156789435
1121.7966	0.000749704296307902	-0.00117924484068285
999.68164	0.000742561364676015	-0.00105466270741487
891.42474	0.000736615556975895	-0.000944876038388858
794.23932	0.000726894172124461	-0.000851060413593445
707.96161	0.000720076655816537	-0.000762122625346514
631.00977	0.000711029162267842	-0.000685547081097712
562.33929	0.000707419809349956	-0.000613582633584045
501.12231	0.000699627070207855	-0.000548066254896878
446.57214	0.000694374779997005	-0.000489438725382381
398.08899	0.00068975443720436	-0.000438740055321341
354.88681	0.000685160811276016	-0.000391006071056617
316.31589	0.000686070764366425	-0.000348492749854241
281.8942	0.000679049319878879	-0.000312138587774043
251.20601	0.000677266153151249	-0.000274219439152035
223.92496	0.000675263859038771	-0.000243785229850436
199.55338	0.000673892842943184	-0.000212911855161342
177.78128	0.000671649787931312	-0.000188240366558031
158.52898	0.000672495141279979	-0.000164713548991529
141.21979	0.000675037506598759	-0.00014309045641761
125.92673	0.000674174283937498	-0.000124999829859673
112.19009	0.000676412023431671	-0.000107165305999954
99.968163	0.000675855973524281	-8.91468428211498e-05
89.115646	0.000678334409253319	-7.51158087715426e-05
79.415741	0.000679811455807576	-6.41982395849222e-05
70.793182	0.000681854366920398	-5.03091885086553e-05
63.082279	0.000685776659747299	-4.19957491177071e-05
56.241825	0.000688968231306252	-3.25345573400695e-05
50.112232	0.000691479894486263	-2.23044932888593e-05
44.671223	0.000693206360064033	-1.71330102290617e-05
39.808899	0.000698652572255021	-1.3294750830687e-05
35.488308	0.000701013451351198	-9.5565671946734e-06
31.629578	0.000704551441993265	-1.61294036059356e-06
28.187037	0.000707298254710134	-4.04320214529981e-07
25.120602	0.00070895377599024	2.69249264684152e-06
22.385418	0.000712990644401116	6.29777216963909e-06
19.955338	0.000715541697882807	8.06558119417042e-06
17.775894	0.000719163209196192	1.14001348208615e-05
15.846864	0.000721497972864571	1.10462017280813e-05
14.127493	0.000722941909527114	1.28865850572479e-05
12.587309	0.000726286706596698	1.22577794647678e-05
11.216775	0.000726775411800935	1.41550230430561e-05
9.9968166	0.000729672055451733	1.47841996361742e-05
8.9082127	0.000730507140123751	1.71794090370909e-05
7.9395623	0.000732211450243605	1.61810334827852e-05
7.0765615	0.00073441108537981	1.63745244694995e-05
6.3105822	0.00073651994181535	1.75038107903557e-05
5.6245475	0.000738132909617231	1.55215847821883e-05
5.0112233	0.000739208456959821	1.74084147402808e-05
4.4642835	0.000740382547363807	1.69564062733375e-05
3.9819033	0.000742541237600056	1.77374754456597e-05
3.5479143	0.000742474001491084	1.67223005579155e-05
3.1629577	0.000744521185073417	1.93158814057664e-05
2.818361	0.00074712686829245	1.66372860275888e-05
2.5112481	0.000746556054560596	1.55712873347175e-05
2.2398233	0.000746596638452379	1.74566799955654e-05
1.9950197	0.000747429522900657	1.90664978820669e-05
1.7775893	0.000749172891063307	1.66089502982131e-05
1.5846864	0.000749846413357424	1.71482348513372e-05
1.4122353	0.000750910507630659	1.90177368437682e-05
1.2582541	0.000751343490302768	2.01365727937219e-05
1.1224822	0.000755138099358264	2.02224225482945e-05
1.0000616	0.000755293754736944	2.01042633878152e-05
0.89082122	0.000757306441381582	2.18817462243355e-05
0.79444051	0.000756800688905913	2.1879833941471e-05
0.70784986	0.000759177714891955	2.31141774040937e-05
0.63126236	0.000759487553900287	2.30781448446599e-05
0.562536	0.000761734359445103	2.1894950160395e-05
0.50118715	0.000763352455941169	2.42416450296397e-05
0.44642836	0.00076392415971749	2.45075322914486e-05
0.39821118	0.000767002971617226	2.64909593780832e-05
0.35475865	0.000767852994730283	2.76772313686558e-05
0.31619295	0.000770603779815133	2.64764188001331e-05
0.2819173	0.000769858585647637	2.94252872270367e-05
0.25117323	0.000772565133251001	2.90767566057588e-05
0.22391155	0.000773228842992444	2.99111243954383e-05
0.19957349	0.000775662837757099	3.19329912836882e-05
0.17779917	0.000778187225984655	3.28315488135361e-05
0.15846863	0.000780872324097943	3.45845287049719e-05
0.14123619	0.000782399589447194	3.67984551734631e-05
0.12590662	0.000784022553813312	3.99036361826597e-05
0.1122199	0.000787089138498351	3.99635083719984e-05
0.10002181	0.000791538245883854	4.17429288111116e-05
