10002.226	0.00117098797227183	-0.00951853717441445
8914.9326	0.00112931842400305	-0.00852101249129328
7943.9951	0.00109143281811524	-0.00762792090530821
7081.583	0.00105764868717721	-0.00682814055890497
6307.7358	0.00102512669090074	-0.00610957467166705
5622.5879	0.000993049489078579	-0.00547012360448159
5011.603	0.000965225925014865	-0.00489858198331084
4466.4292	0.000940086416271757	-0.00438447460751489
3981.2773	0.00091668795610908	-0.00392603293387775
3548.8679	0.000894363467610535	-0.00351735422373235
3163.0398	0.000876891284418074	-0.00315057943319016
2819.0986	0.000858507990282828	-0.00281834112558473
2512.4104	0.000842209963642618	-0.00252692621288803
2239.2869	0.000828157138173013	-0.00226292368330476
1995.6381	0.000814230902602243	-0.00202577387569377
1778.2897	0.000802340875401791	-0.00181681073725224
1584.4927	0.000790305025521189	-0.00162547530569755
1412.7418	0.000778628027077129	-0.00145963278396581
1258.7905	0.000770462016117814	-0.00130757956140119
1121.7966	0.000760251349382719	-0.00117434919201764
999.68164	0.000751724729202171	-0.00105176052959659
891.42474	0.000741234678828493	-0.000943787017736485
794.23932	0.000736342870359235	-0.000846738610755009
707.96161	0.000728415884598146	-0.000758897697533918
631.00977	0.000722213257284836	-0.000682307414631344
562.33929	0.000715995351979785	-0.000610131832353091
501.12231	0.000709376745307556	-0.000549052177027202
446.57214	0.000703324438207898	-0.000488752451843097
398.08899	0.000697659868674975	-0.000437602705340319
354.88681	0.000694168641281064	-0.00039133616165967
316.31589	0.000691030618647879	-0.000347756711916549
281.8942	0.000689277486921662	-0.000310247466691262
251.20601	0.000683392332923718	-0.000273562922335256
223.92496	0.000682584116572024	-0.000243858321454403
199.55338	0.000682952775743592	-0.000213795057183498
177.78128	0.000682587889307856	-0.000188358348686688
158.52898	0.00068174150850436	-0.0001625310794159
141.21979	0.000679737455725093	-0.000143672375980647
125.92673	0.00068064952256898	-0.000122023946461851
112.19009	0.000683813607522891	-0.0001063748775321
99.968163	0.000685880954852912	-8.93596699342324e-05
89.115646	0.000686844464577896	-7.58771638289421e-05
79.415741	0.000688706483371766	-6.34747389933425e-05
70.793182	0.00069216085521583	-5.02704608719049e-05
63.082279	0.000693550807690617	-4.0435074758518e-05
56.241825	0.000700192612837337	-3.24121089263074e-05
50.112232	0.000701128413655011	-2.205124436496e-05
44.671223	0.0007022300384842	-1.67177492278657e-05
39.808899	0.000705694906174821	-1.29623458196078e-05
35.488308	0.000709168989160076	-6.87222268848583e-06
31.629578	0.000710590140862133	-1.06760273716631e-06
28.187037	0.000714459878539567	1.81341297199845e-07
25.120602	0.000717192895367019	3.78505369890929e-06
22.385418	0.000721660647667348	6.90550288230434e-06
19.955338	0.000726331244217187	7.35353904359929e-06
17.775894	0.00072772430181088	1.04302119210995e-05
15.846864	0.000728422767820812	1.26948341420288e-05
14.127493	0.000731974831885582	1.45803090604678e-05
12.587309	0.000734156846763267	1.13565686084825e-05
11.216775	0.000736191229545515	1.31723333125166e-05
9.9968166	0.000737742272232603	1.45354058768216e-05
8.9082127	0.000739692748211156	1.57804186023655e-05
7.9395623	0.000739901888939927	1.72323679940132e-05
7.0765615	0.000742694444930317	1.75149067447396e-05
6.3105822	0.000746223968156682	1.84595208379781e-05
5.6245475	0.000744313719387779	1.50255098810214e-05
5.0112233	0.000747578211709189	1.76124927832067e-05
4.4642835	0.000749537013616348	1.83180788967584e-05
3.9819033	0.000748576937283102	1.69107015604553e-05
3.5479143	0.000749731931215829	1.82431508424964e-05
3.1629577	0.000752658651641787	1.69768327128063e-05
2.818361	0.000754948927438765	1.57782478191412e-05
2.5112481	0.00075546550697738	1.48264665760411e-05
2.2398233	0.000756407273500321	1.62807118666793e-05
1.9950197	0.000755401139411201	1.79291040784866e-05
1.7775893	0.000755470166132346	1.74366834069999e-05
1.5846864	0.000760726828368214	1.89164125792984e-05
1.4122353	0.000760519250130369	1.79630088069247e-05
1.2582541	0.000759946484654208	1.97549139222159e-05
1.1224822	0.000761504320717103	1.90429251802295e-05
1.0000616	0.000763348565598602	2.03570378054768e-05
0.89082122	0.000764257560648616	2.16480367876416e-05
0.79444051	0.000765873768559137	2.13200819701476e-05
0.70784986	0.000767120851111076	2.12798299599614e-05
0.63126236	0.000770055845241282	2.26487354040064e-05
0.562536	0.000770910652720339	2.38962651490468e-05
0.50118715	0.000770129392841844	2.37458716312168e-05
0.44642836	0.000773635840729782	2.43919725958858e-05
0.39821118	0.000773778333317938	2.40992378780392e-05
0.35475865	0.000774602297232713	2.75825104589865e-05
0.31619295	0.000777675809911826	2.89121071651468e-05
0.2819173	0.000781098696274769	2.84864258393972e-05
0.25117323	0.000781328702263954	2.80272967590776e-05
0.22391155	0.000783437156315484	3.0404220241426e-05
0.19957349	0.00078364435874912	3.43005173218247e-05
0.17779917	0.000785787038067251	3.36964303865143e-05
0.15846863	0.000788107572806767	3.45276267516844e-05
0.14123619	0.000792475539829117	3.57304653307821e-05
0.12590662	0.000793835472475175	3.63264002085261e-05
0.1122199	0.000795222318789235	4.11132568082782e-05
0.10002181	0.000799315593866239	4.3024070707235e-05
