10002.226	0.00117016990427558	-0.00951877883178372
8914.9326	0.00112981284586525	-0.00852112070023104
7943.9951	0.00109211814467024	-0.00762847941596911
7081.583	0.00105631627118845	-0.00682752117701863
6307.7358	0.00102510477427725	-0.0061087236753074
5622.5879	0.000992208331958583	-0.00547087578177336
5011.603	0.000965704617228316	-0.00489828697793333
4466.4292	0.000941645778093435	-0.00438419784980318
3981.2773	0.000918067667730069	-0.00392675686112233
3548.8679	0.000895012196017501	-0.00351664020685242
3163.0398	0.000876110957517001	-0.0031505916916987
2819.0986	0.000857175215809462	-0.00282050046715783
2512.4104	0.000842180787151268	-0.00252523300960452
2239.2869	0.00082422181501473	-0.00226355597332647
1995.6381	0.000813340038727886	-0.00202610519701014
1778.2897	0.000802325742781069	-0.00181532751245947
1584.4927	0.000790171441904667	-0.00162929533855205
1412.7418	0.000777020422823338	-0.00146001329348371
1258.7905	0.000771661895164131	-0.00130891201948659
1121.7966	0.000760489405459691	-0.00117545464012061
999.68164	0.000752417373214661	-0.0010524617219056
891.42474	0.000741213274261011	-0.000945642692155428
794.23932	0.000736313981149133	-0.000848585353664845
707.96161	0.000728357059996236	-0.00075861459743105
631.00977	0.000721683472269602	-0.000683098758518229
562.33929	0.000713455645358567	-0.000609413780198442
501.12231	0.000708402380655781	-0.000546677301070893
446.57214	0.000704679728841643	-0.000488949528273271
398.08899	0.000699085139102343	-0.000438335551830337
354.88681	0.00069333410207604	-0.000390776323432012
316.31589	0.000691574948247857	-0.000347377399481317
281.8942	0.00068427414347545	-0.000311496251320948
251.20601	0.000683058504968272	-0.000272085501129574
223.92496	0.000681535553506888	-0.000243283574047081
199.55338	0.000683404201647993	-0.000216674214130735
177.78128	0.000680745342139079	-0.000185883484184199
158.52898	0.000681216293377535	-0.000163921079693885
141.21979	0.000680324749809624	-0.000143415919818257
125.92673	0.000682779188707358	-0.000121953260545295
112.19009	0.000682450341085379	-0.000106741210488863
99.968163	0.000683333293873647	-9.04922714855132e-05
89.115646	0.00068655833404564	-7.54652338974924e-05
79.415741	0.000688216138832419	-6.3362006661021e-05
70.793182	0.00068986781707718	-5.11086077203558e-05
63.082279	0.000693018967279656	-3.97418114117667e-05
56.241825	0.000699049649154831	-3.05154669798723e-05
50.112232	0.000699011966138166	-2.37157786714313e-05
44.671223	0.000703302203677056	-1.83254877426214e-05
39.808899	0.000706676905291648	-1.09278850754585e-05
35.488308	0.000711156807691634	-5.73647361502736e-06
31.629578	0.000712162244956834	-2.24200226318247e-06
28.187037	0.000714945311498321	1.36468651801361e-06
25.120602	0.000716805715694162	2.8195849866183e-06
22.385418	0.000722547164271263	7.81922047112138e-06
19.955338	0.000721925671203852	8.01941002124941e-06
17.775894	0.000726365451212337	1.08037074306937e-05
15.846864	0.000728963776864029	1.120025125117e-05
14.127493	0.000730124490266796	1.29003062205471e-05
12.587309	0.000731542860149948	1.21724804240368e-05
11.216775	0.00073585527500516	1.3758018873356e-05
9.9968166	0.000737268060558315	1.19414074306068e-05
8.9082127	0.000737857927627164	1.51538909111447e-05
7.9395623	0.000739216508291279	1.62004599570698e-05
7.0765615	0.000741959127314607	1.93444762650689e-05
6.3105822	0.000742622525183692	1.92768927591719e-05
5.6245475	0.000747296008879062	1.47752627401529e-05
5.0112233	0.000747705405789344	1.75217160382812e-05
4.4642835	0.000749508879303492	1.70022258494326e-05
3.9819033	0.000747824124528095	1.52910936214348e-05
3.5479143	0.000750061076400273	1.7902374256239e-05
3.1629577	0.000752048759666681	1.76031791340921e-05
2.818361	0.000754579102282212	1.75690999212001e-05
2.5112481	0.000755384783726139	1.40087857198774e-05
2.2398233	0.000757618848090935	1.7422420588612e-05
1.9950197	0.000756307307655037	1.81290599885932e-05
1.7775893	0.0007576279837856	1.84940435360704e-05
1.5846864	0.000758407256358298	1.7969350982528e-05
1.4122353	0.000759313426084828	1.94249103719809e-05
1.2582541	0.000760795640733182	1.88248365021051e-05
1.1224822	0.000762848517552037	1.83957764847515e-05
1.0000616	0.000765068163057453	1.91321663506055e-05
0.89082122	0.000763330602143001	2.03458962760692e-05
0.79444051	0.000765709282695317	1.94063340120311e-05
0.70784986	0.000768123542912476	2.04430119434109e-05
0.63126236	0.000768701225843423	2.09415314928499e-05
0.562536	0.000770064095665963	2.19471885447639e-05
0.50118715	0.000772504231150843	2.30583877439676e-05
0.44642836	0.000771820192209201	2.41984622389866e-05
0.39821118	0.000773685727569489	2.66309643623303e-05
0.35475865	0.000775025252460979	2.67903638874399e-05
0.31619295	0.000777016667966296	2.55110380360874e-05
0.2819173	0.000778281747066376	2.68766019007492e-05
0.25117323	0.000780224507376542	2.79963379028509e-05
0.22391155	0.000784775927223829	3.04693689552804e-05
0.19957349	0.000784326859896644	3.16001398730782e-05
0.17779917	0.000786208140269901	3.33962868208484e-05
0.15846863	0.000788415170665294	3.38612163319355e-05
0.14123619	0.000791788813566356	3.81263132201056e-05
0.12590662	0.000792190094271193	3.81282448191038e-05
0.1122199	0.000797413651295293	3.90693818496558e-05
0.10002181	0.000796657979543019	4.31547793755364e-05
