10002.226	0.00117075060808245	-0.009519679820046
8914.9326	0.00112995449287802	-0.00852021248045878
7943.9951	0.00109163460061398	-0.00762724138863642
7081.583	0.00105734127985733	-0.00682713565186432
6307.7358	0.0010263000333303	-0.0061098138148605
5622.5879	0.000994074473896574	-0.00546986422763443
5011.603	0.000964103824103659	-0.00489850493486921
4466.4292	0.000941700672407344	-0.00438414043046213
3981.2773	0.000918602781399804	-0.00392593856773463
3548.8679	0.000894358703544208	-0.00351752205980386
3163.0398	0.000878553530340527	-0.00314729259264965
2819.0986	0.000859618106143218	-0.00281713923916695
2512.4104	0.000841438547964463	-0.00252527624457641
2239.2869	0.000828305999064365	-0.00226294200298516
1995.6381	0.000814374787851161	-0.00202690717383137
1778.2897	0.000802975528372138	-0.0018154137122654
1584.4927	0.000790788633733056	-0.00162756663949014
1412.7418	0.000776982599732537	-0.00145808744018938
1258.7905	0.000767142904532524	-0.00130641422851732
1121.7966	0.00075892505105054	-0.00117248857608766
999.68164	0.000750572251772796	-0.00105120844890283
891.42474	0.000739490642164202	-0.000945034852597554
794.23932	0.000735552988801428	-0.000848627416636259
707.96161	0.000727976507307162	-0.000760943700677398
631.00977	0.000720566097174952	-0.000682758555459442
562.33929	0.000715095267483317	-0.000611157852906925
501.12231	0.000708720609002871	-0.000547705587926542
446.57214	0.000701909832692218	-0.000490161735244341
398.08899	0.000698247174274404	-0.000436941462117343
354.88681	0.000693587938509095	-0.000389564892635602
316.31589	0.000693525840737452	-0.000347214602511454
281.8942	0.000687886933218919	-0.000309581969620483
251.20601	0.000685350427682182	-0.00027389982094098
223.92496	0.000682882410855315	-0.000241676207584126
199.55338	0.000682773866066841	-0.000213521555353642
177.78128	0.000681001509255614	-0.000187083088101555
158.52898	0.000680313958375501	-0.00016300765526405
141.21979	0.00068245402851762	-0.000142802009917932
125.92673	0.000680614884104302	-0.000123441724686099
112.19009	0.000683715388564902	-0.000105827249031288
99.968163	0.000683773046607272	-9.07556139362693e-05
89.115646	0.000687749126487044	-7.53954081255108e-05
79.415741	0.00068880808669787	-6.13472076938188e-05
70.793182	0.000691215358873929	-5.06523894891919e-05
63.082279	0.000694442952796272	-4.1782266717265e-05
56.241825	0.000699488059309461	-3.21508470461555e-05
50.112232	0.000699875004141792	-2.44480945391071e-05
44.671223	0.00070152019990935	-1.72481026502695e-05
39.808899	0.000707827342552417	-1.15704136844106e-05
35.488308	0.000709627710531377	-7.21905053322046e-06
31.629578	0.000711278749413117	-2.76021866479757e-06
28.187037	0.000714685626649903	1.87218676464176e-06
25.120602	0.00071801666918457	4.57934692200169e-06
22.385418	0.000721665373247463	6.88806037713038e-06
19.955338	0.000723512881852734	8.51348013897727e-06
17.775894	0.000725735758524135	1.00332470659905e-05
15.846864	0.000729155672776611	1.17438619273363e-05
14.127493	0.000732239681758142	1.03776231596206e-05
12.587309	0.000733236749127741	1.24814684262205e-05
11.216775	0.000734912631532483	1.27774048627732e-05
9.9968166	0.000737690016832705	1.244003219012e-05
8.9082127	0.000738272923411118	1.48314578770953e-05
7.9395623	0.000738984794090243	1.37788937424334e-05
7.0765615	0.000741622986386815	1.80781670610011e-05
6.3105822	0.000743736399109323	1.66681637414565e-05
5.6245475	0.000745818786385953	1.5658300145078e-05
5.0112233	0.000746923825598652	1.71027391990549e-05
4.4642835	0.000749391111229396	1.52459668988917e-05
3.9819033	0.000750991637264572	1.77545311052185e-05
3.5479143	0.000751825189902648	1.68436365993333e-05
3.1629577	0.000751884153951809	1.88127950413349e-05
2.818361	0.000751455000923087	1.7375157881908e-05
2.5112481	0.000754291521022563	1.57688507130663e-05
2.2398233	0.00075493479927607	1.71609269736583e-05
1.9950197	0.000755846959252534	1.74215934909042e-05
1.7775893	0.000755220446145556	1.71189226959801e-05
1.5846864	0.000758824502242882	1.89197411614451e-05
1.4122353	0.000759066969088496	1.87223189743013e-05
1.2582541	0.000761334655522077	1.97807009895156e-05
1.1224822	0.000760368842284922	2.02968010311374e-05
1.0000616	0.000763222700137265	1.99588445905762e-05
0.89082122	0.000766385431411842	2.00780989861026e-05
0.79444051	0.000766590784679115	2.05154957116061e-05
0.70784986	0.000768432014172665	2.04337451003601e-05
0.63126236	0.000769472254282804	2.09713697883771e-05
0.562536	0.000768624862396001	2.29387850835355e-05
0.50118715	0.000771048498430855	2.12301302744139e-05
0.44642836	0.00077337993732441	2.26768111155248e-05
0.39821118	0.000775769087838203	2.56612427834294e-05
0.35475865	0.000775400750683296	2.77416328153188e-05
0.31619295	0.000776813945142892	2.77018983312022e-05
0.2819173	0.000779918790744591	2.75618785222036e-05
0.25117323	0.000782065002652873	2.95102276941871e-05
0.22391155	0.000781719835869589	3.26826099433256e-05
0.19957349	0.000785508717976125	3.25346026835045e-05
0.17779917	0.000785163907210466	3.35656390287171e-05
0.15846863	0.000789097323005466	3.47289994255806e-05
0.14123619	0.000791707129277759	3.5696098834686e-05
0.12590662	0.00079247781714225	3.9144098562173e-05
0.1122199	0.000793845256350098	3.93972363187826e-05
0.10002181	0.00079937145490046	4.33447916402383e-05
