10002.226	0.00116989729234027	-0.00951821150133376
8914.9326	0.0011298161978277	-0.00852186720790607
7943.9951	0.00109135862697664	-0.00762624978592629
7081.583	0.00105675316250596	-0.00682888350797938
6307.7358	0.00102427863332993	-0.00610996417973613
5622.5879	0.000993822872362176	-0.00547113694471765
5011.603	0.000966746415576688	-0.0048976259533748
4466.4292	0.000941986190160224	-0.00438401268552651
3981.2773	0.000917010187093792	-0.00392628486059701
3548.8679	0.000894435919496008	-0.00351579818501892
3163.0398	0.00087593899423823	-0.00314794463720504
2819.0986	0.000858430780157727	-0.00282068615920899
2512.4104	0.000842726631838589	-0.00252492358207878
2239.2869	0.000825413607015216	-0.00226414536879449
1995.6381	0.000814171630428035	-0.00202740875939206
1778.2897	0.000802080506284588	-0.00181666619631213
1584.4927	0.000786932726779504	-0.00162622792731242
1412.7418	0.000777595290037596	-0.00145750311828089
1258.7905	0.00076911391401652	-0.00130995168225506
1121.7966	0.000759824343200526	-0.0011746140393673
999.68164	0.000751567423749714	-0.00105257701388664
891.42474	0.000742503784522056	-0.000945490407429301
794.23932	0.000737373666083726	-0.000846875527559301
707.96161	0.00072751475856726	-0.000759907793206781
631.00977	0.000721178516893567	-0.000681714115588249
562.33929	0.0007149265303471	-0.0006099502711064
501.12231	0.00071073147327413	-0.000546999329408368
446.57214	0.000705075867342605	-0.000489027001670631
398.08899	0.000697901798140814	-0.000438086264271476
354.88681	0.000695061432230582	-0.000390895233899085
316.31589	0.000691427215888778	-0.000347666379491716
281.8942	0.000688842257236745	-0.000311094708278484
251.20601	0.000682869397414645	-0.00027606642273035
223.92496	0.000682708988877173	-0.000241101789405536
199.55338	0.000681917112643337	-0.000214254087255691
177.78128	0.000678616077720973	-0.000186746920952203
158.52898	0.000682791641575235	-0.000163818552833146
141.21979	0.000679635714462961	-0.000143101857189433
125.92673	0.000681312439805409	-0.000123061222217358
112.19009	0.000683254819398277	-0.000107081198373011
99.968163	0.000684659689889112	-8.8603772194023e-05
89.115646	0.000686729863144124	-7.5312767238478e-05
79.415741	0.000688733880710729	-6.23237921906643e-05
70.793182	0.000689098744265587	-5.15934268150074e-05
63.082279	0.000692781347891357	-4.18501095174891e-05
56.241825	0.000697543896795571	-3.27324580733795e-05
50.112232	0.000698145167336381	-2.33314558412737e-05
44.671223	0.000700952636905239	-1.70999532942151e-05
39.808899	0.000704697035996011	-1.27238680707493e-05
35.488308	0.000711224010334406	-7.06983764721403e-06
31.629578	0.00071157126566482	-2.70230830543031e-06
28.187037	0.000714591608984333	-8.1415967296625e-08
25.120602	0.000718195096400636	8.4634193948718e-07
22.385418	0.0007204973998834	8.48217982401757e-06
19.955338	0.000724707521897674	5.79541874821001e-06
17.775894	0.000726901836511995	1.08363413922752e-05
15.846864	0.000727842703785953	1.20854510418973e-05
14.127493	0.000732053403159642	1.36243263519965e-05
12.587309	0.000732333310376006	1.33429760198621e-05
11.216775	0.000735043817275892	1.38045965354988e-05
9.9968166	0.000738595663856141	1.60593875387151e-05
8.9082127	0.000738273943401671	1.54713585268486e-05
7.9395623	0.000739666426185576	1.70944439526999e-05
7.0765615	0.000741840523346405	1.60305405387973e-05
6.3105822	0.000743395129204268	1.74977448947599e-05
5.6245475	0.00074554826765147	1.41225247809931e-05
5.0112233	0.000747930678830441	1.64932286968433e-05
4.4642835	0.000750495416916046	1.68795103243628e-05
3.9819033	0.00075145711016313	1.41788840875719e-05
3.5479143	0.00075135329121262	1.64986499363114e-05
3.1629577	0.000750757377171764	1.84646374084199e-05
2.818361	0.000754902481339649	1.65154121216175e-05
2.5112481	0.000753867843603482	1.53998410814105e-05
2.2398233	0.000755174346394492	1.82172421008782e-05
1.9950197	0.000755905275770344	1.539800876302e-05
1.7775893	0.000758625463371043	1.76075394852816e-05
1.5846864	0.000758428364673759	2.06495145803237e-05
1.4122353	0.000759718979875802	1.65211011840676e-05
1.2582541	0.00076030301329704	1.91857251475441e-05
1.1224822	0.000761621573872372	1.7000921653662e-05
1.0000616	0.000762701459432359	2.1981188630448e-05
0.89082122	0.000766327913113112	2.08616800015012e-05
0.79444051	0.000767043697965683	2.00472316725922e-05
0.70784986	0.000767404433948844	2.14358140392983e-05
0.63126236	0.000768777078154512	2.26507428174557e-05
0.562536	0.000770025596690135	2.23947195340359e-05
0.50118715	0.000772147599583942	2.27136663125239e-05
0.44642836	0.000774541445285929	2.4190907564839e-05
0.39821118	0.000774015042995477	2.59933985080286e-05
0.35475865	0.000777298980418368	2.76877848003555e-05
0.31619295	0.000778304351308092	2.7342050231174e-05
0.2819173	0.00077994288662407	2.67117301284809e-05
0.25117323	0.000780743803025184	2.97809346106237e-05
0.22391155	0.000783915443307859	3.05368173075869e-05
0.19957349	0.000784905877880549	3.07029894131262e-05
0.17779917	0.000787818576287032	3.50604982385525e-05
0.15846863	0.000786990397630078	3.60210330060293e-05
0.14123619	0.000790254715035297	3.66787538975468e-05
0.12590662	0.000793575339164487	3.81941922205114e-05
0.1122199	0.000794503637732884	3.95799878815088e-05
0.10002181	0.000798412514401844	4.34654427804335e-05
