10002.226	0.00117195380625166	-0.00951728566031281
8914.9326	0.00112836733927315	-0.0085196087007608
7943.9951	0.00109192717153092	-0.00762768351357907
7081.583	0.00105752197750169	-0.00682647780222742
6307.7358	0.00102733645517879	-0.0061099885789731
5622.5879	0.000994476908747302	-0.00546846176601323
5011.603	0.000965598612525364	-0.00489936683614534
4466.4292	0.000941576580798218	-0.00438423261196526
3981.2773	0.000917447633540101	-0.00392685464517918
3548.8679	0.000895457004315191	-0.00351639391355421
3163.0398	0.000875884129234017	-0.00315001652530302
2819.0986	0.000859944391149563	-0.00281894705534884
2512.4104	0.000841563010374074	-0.00252476864268798
2239.2869	0.000827378082496341	-0.0022630372853392
1995.6381	0.000815001258569806	-0.00202632982063646
1778.2897	0.000801878213791341	-0.00181592951019361
1584.4927	0.000789974953655942	-0.0016266583631832
1412.7418	0.000777221225370629	-0.00146035865085958
1258.7905	0.000770114952470051	-0.00130888557617319
1121.7966	0.000760031106379885	-0.00117330064087411
999.68164	0.00075094596371369	-0.0010507913504972
891.42474	0.000744288189214466	-0.000942643438704065
794.23932	0.000734992471106799	-0.000849069068904463
707.96161	0.000727410546123451	-0.000759393276917668
631.00977	0.000720293472137345	-0.000682106149907065
562.33929	0.000716047657927366	-0.000610306405215611
501.12231	0.000708577561168195	-0.000546629977780127
446.57214	0.000705234898808186	-0.000489888032760231
398.08899	0.000699042732304525	-0.000438580310279427
354.88681	0.000693841251551942	-0.000392012630507097
316.31589	0.00069129950199802	-0.000346276779386321
281.8942	0.00068695360565703	-0.000309463552577668
251.20601	0.000682535850689321	-0.000272262367796378
223.92496	0.000682165144652543	-0.000242070869053822
199.55338	0.000681538878499446	-0.000215771218924531
177.78128	0.000680470698226964	-0.000188089168016033
158.52898	0.000679287823175498	-0.000164280014488708
141.21979	0.000680164142862121	-0.000142835255254215
125.92673	0.000682593773454535	-0.000123539961422517
112.19009	0.000684140872026449	-0.000106649847317446
99.968163	0.000684710448696444	-8.90606292273517e-05
89.115646	0.000687445685306856	-7.65401621821811e-05
79.415741	0.00068851857921421	-6.34041209780553e-05
70.793182	0.000690410114621923	-5.2165324543398e-05
63.082279	0.000693306115857972	-4.00324525511724e-05
56.241825	0.000698091329146848	-3.33761622074576e-05
50.112232	0.000699456485481992	-2.17486133028504e-05
44.671223	0.000700844529620193	-1.81142070594477e-05
39.808899	0.000705214864197992	-1.14303065895083e-05
35.488308	0.000708115414985489	-8.46207813346948e-06
31.629578	0.000710861032008668	-1.87191076567032e-06
28.187037	0.000714718324518826	-6.05319915845118e-07
25.120602	0.000717368229998913	4.49524222008891e-06
22.385418	0.000721842589399104	7.02180895614318e-06
19.955338	0.000724324755817658	6.58479750687025e-06
17.775894	0.000726936901053047	1.27476716095475e-05
15.846864	0.000729841502042296	9.78148383216371e-06
14.127493	0.000733683987013016	1.13692223061861e-05
12.587309	0.000731270104494748	1.16086982623742e-05
11.216775	0.000733397340555058	1.38594255262149e-05
9.9968166	0.000736580754162363	1.56890401648596e-05
8.9082127	0.000738151946934882	1.5423217685632e-05
7.9395623	0.00073914207702459	1.64044053604064e-05
7.0765615	0.000742347911091029	1.73393175869943e-05
6.3105822	0.000746296374245315	1.65747681081063e-05
5.6245475	0.000745412982308488	1.66565067876087e-05
5.0112233	0.000748281034530383	1.74904677606974e-05
4.4642835	0.000749064814635636	1.56198763018245e-05
3.9819033	0.000748872787616613	1.59801694561967e-05
3.5479143	0.000749960254363495	1.59545209929956e-05
3.1629577	0.000752374164028922	1.73370948563094e-05
2.818361	0.000752079801128014	1.47296984134209e-05
2.5112481	0.000755500665164047	1.76152807252232e-05
2.2398233	0.00075464708609863	1.7982066507783e-05
1.9950197	0.000755366632525634	1.7658423044343e-05
1.7775893	0.000759866274754532	1.8294574701828e-05
1.5846864	0.000758944076277301	1.98671991619501e-05
1.4122353	0.000759255245836894	1.80217998614234e-05
1.2582541	0.000758677726948474	2.05123579591803e-05
1.1224822	0.000762806729406554	1.83993487529507e-05
1.0000616	0.000764355786369947	2.02465524746715e-05
0.89082122	0.000763363610037831	2.00433965304869e-05
0.79444051	0.000765070110531737	2.06028419687503e-05
0.70784986	0.000766220312868159	2.35306446660676e-05
0.63126236	0.000770607320976415	2.0434797840184e-05
0.562536	0.000770952282497979	2.25306225959829e-05
0.50118715	0.000770817550727042	2.35181476793319e-05
0.44642836	0.000772579674822806	2.37133529791336e-05
0.39821118	0.000776401822801088	2.5126275455317e-05
0.35475865	0.00077627804678025	2.38710480896862e-05
0.31619295	0.000777762192730801	2.85367857379135e-05
0.2819173	0.000779537606485007	2.91562896816767e-05
0.25117323	0.000779857814779104	2.99441569987117e-05
0.22391155	0.000784832020559075	3.05069091318209e-05
0.19957349	0.000785710603204467	3.10978594810495e-05
0.17779917	0.000787837257892531	3.25505844046704e-05
0.15846863	0.000788883033066041	3.25824582198834e-05
0.14123619	0.000789087738530842	3.746470902388e-05
0.12590662	0.000792874453194033	3.74132191196833e-05
0.1122199	0.000796229786355847	3.94741264223247e-05
0.10002181	0.000797699541322405	4.10676543387621e-05
