10002.226	0.00117077017718615	-0.00951725295679873
8914.9326	0.00112884521845753	-0.00852089634341289
7943.9951	0.00109376319777934	-0.00762722855610739
7081.583	0.00105783483001175	-0.00682880836013401
6307.7358	0.00102683883751952	-0.00610969930373768
5622.5879	0.000992114561291968	-0.00546946236282573
5011.603	0.000965666850544291	-0.00489872510446781
4466.4292	0.000941084433683683	-0.0043844348411919
3981.2773	0.000915873695101407	-0.00392774966313329
3548.8679	0.00089296831455158	-0.00351631749670934
3163.0398	0.000876765044776275	-0.00314918699217299
2819.0986	0.000858959061253904	-0.00281798751008104
2512.4104	0.000841791396000758	-0.00252412890119215
2239.2869	0.000827275679353894	-0.0022597329817173
1995.6381	0.000814641308290758	-0.00202397100803618
1778.2897	0.000801755241490244	-0.0018171787196602
1584.4927	0.000787823234344136	-0.00162596824918984
1412.7418	0.000777482402935734	-0.00145753949673693
1258.7905	0.000770829868770715	-0.00130888880703392
1121.7966	0.000759302689777049	-0.00117419469756608
999.68164	0.00075105667209647	-0.00105231295024639
891.42474	0.000744007614752803	-0.000945841149348088
794.23932	0.000735719147705556	-0.000847283267821476
707.96161	0.000728393585844813	-0.000758609840857451
631.00977	0.000719517367326769	-0.000681681922340468
562.33929	0.000714743293306686	-0.000611160339422593
501.12231	0.000708913310598214	-0.000547290606742781
446.57214	0.000703084687663247	-0.000489508932963513
398.08899	0.000699629977478769	-0.000437723629626491
354.88681	0.000692983647163898	-0.000393318880041188
316.31589	0.000692230891675582	-0.000346407072746971
281.8942	0.000687598381961577	-0.00031143142018853
251.20601	0.000684153303376619	-0.000274805766623202
223.92496	0.000682278627313249	-0.000241940908968976
199.55338	0.000682246525230629	-0.000214757283339401
177.78128	0.000680062796688508	-0.000186392201328187
158.52898	0.000682971258409731	-0.00016391845763766
141.21979	0.000680971621386588	-0.000141174591715821
125.92673	0.000680904417549849	-0.000122066130439468
112.19009	0.00068383534911736	-0.000106752353624356
99.968163	0.000684896767419516	-8.66423650087234e-05
89.115646	0.000688648651726376	-7.59148063169001e-05
79.415741	0.000688491245920963	-6.25872075316619e-05
70.793182	0.000691861916648103	-5.01435519335701e-05
63.082279	0.000694649486664567	-4.01602061564331e-05
56.241825	0.000697547639319913	-3.21064003863895e-05
50.112232	0.00069988608361522	-2.21814788026726e-05
44.671223	0.000702812106847414	-1.67841352346815e-05
39.808899	0.000704919639153941	-1.27518503503756e-05
35.488308	0.000710404507472246	-8.58698104917505e-06
31.629578	0.000712026521355418	-2.33440898368408e-06
28.187037	0.000714499531122578	1.0776210175465e-07
25.120602	0.000718171622183333	3.14132904668023e-06
22.385418	0.000719630953489962	7.12227916122296e-06
19.955338	0.000723727876066841	7.06473539958566e-06
17.775894	0.000727606206951603	1.14695510209233e-05
15.846864	0.000729977403501822	1.05650515888974e-05
14.127493	0.000731903153131814	1.2017826806319e-05
12.587309	0.000732397990935351	1.47203000009622e-05
11.216775	0.000734094364236609	1.5889682189437e-05
9.9968166	0.000736883462429711	1.32509744529604e-05
8.9082127	0.000739637625352962	1.47180856622707e-05
7.9395623	0.0007423175613142	1.49497265153616e-05
7.0765615	0.000743513362690524	1.74924111052153e-05
6.3105822	0.000744750767745834	1.49021342620499e-05
5.6245475	0.000746775854480118	1.67893776098094e-05
5.0112233	0.00074646656823888	1.74300582472882e-05
4.4642835	0.000750182663161486	1.5786237011635e-05
3.9819033	0.000751908127153789	1.63063397428205e-05
3.5479143	0.0007506468257469	1.75366738566759e-05
3.1629577	0.000752441724321797	1.85433631121332e-05
2.818361	0.000754523875907335	1.62951246633504e-05
2.5112481	0.000754279569462112	1.63538013719672e-05
2.2398233	0.000755454958731745	1.77909364668708e-05
1.9950197	0.000753614037817274	1.59074137378753e-05
1.7775893	0.000757586286800459	1.70085731098556e-05
1.5846864	0.000759211146359313	1.97595531459628e-05
1.4122353	0.000760200926806706	1.76123808529302e-05
1.2582541	0.000759016765572936	1.95232181250237e-05
1.1224822	0.000762558296451985	1.95270251466673e-05
1.0000616	0.000763990892376101	2.05961750846309e-05
0.89082122	0.000763975576667574	1.99496862427533e-05
0.79444051	0.000765330949348401	2.12438085183791e-05
0.70784986	0.00076710269885335	2.05412892811712e-05
0.63126236	0.000768560618902302	2.11578702087205e-05
0.562536	0.000770210338588396	2.02143252171817e-05
0.50118715	0.000770542074239392	2.24490699869004e-05
0.44642836	0.0007723740550492	2.40593443016846e-05
0.39821118	0.00077482104228152	2.49530102708353e-05
0.35475865	0.000776065806997558	2.58711424968654e-05
0.31619295	0.000777611019116835	2.75535058977079e-05
0.2819173	0.000780525410994326	2.83007236979303e-05
0.25117323	0.000780104700714976	2.92380151057483e-05
0.22391155	0.000784161922196535	2.92016229385314e-05
0.19957349	0.000783694465097283	3.11335674613175e-05
0.17779917	0.000786903597735171	3.48640739601695e-05
0.15846863	0.000787595758771993	3.49192197850476e-05
0.14123619	0.000791117712171269	3.50853512145576e-05
0.12590662	0.000791894525972808	3.95622390591645e-05
0.1122199	0.000794788555903748	3.87034944042971e-05
0.10002181	0.000797498382589176	4.16546470649073e-05
