10002.226	0.00117101257178682	-0.00951776660383388
8914.9326	0.00112978975991344	-0.00852134629001004
7943.9951	0.00109158118179696	-0.00762685699867095
7081.583	0.00105646310277992	-0.00682919439574411
6307.7358	0.00102573353383396	-0.00610711305065599
5622.5879	0.000993862430400309	-0.00547085490705078
5011.603	0.000967848510940108	-0.00490005106668748
4466.4292	0.000940897123704704	-0.00438509755345385
3981.2773	0.000917230244596453	-0.00392498704740663
3548.8679	0.000893756888573138	-0.0035152860031963
3163.0398	0.000876047944068235	-0.00315003942882112
2819.0986	0.000859548852417368	-0.00281884625454189
2512.4104	0.000843179886488512	-0.00252454700029695
2239.2869	0.000826573758572638	-0.0022633286992689
1995.6381	0.000813765839466843	-0.00202739266123075
1778.2897	0.000801223885560187	-0.00181474331982135
1584.4927	0.000787849499755089	-0.00162787513202072
1412.7418	0.00077767458282087	-0.00145990553408623
1258.7905	0.00076717759518872	-0.0013070262700733
1121.7966	0.000759215100677856	-0.0011724063181637
999.68164	0.000751274551434947	-0.00104965771334273
891.42474	0.000740834215491034	-0.000944390841966938
794.23932	0.000735784820511058	-0.00084799187007042
707.96161	0.00072747747311517	-0.00076054342464624
631.00977	0.000720706787475386	-0.000682496351063026
562.33929	0.000714671903161296	-0.000608569889115608
501.12231	0.00070823219669468	-0.000547002584921526
446.57214	0.000704242799029992	-0.000489693527101207
398.08899	0.000698415697588808	-0.000438687814783441
354.88681	0.000694053011308518	-0.000390483835362905
316.31589	0.000692859991965662	-0.000347252310382045
281.8942	0.000688168898962644	-0.000308999094603539
251.20601	0.000682865430128584	-0.000273451063807275
223.92496	0.000682871565076449	-0.000241823252420007
199.55338	0.000682334859211484	-0.000214765582947942
177.78128	0.000679988027110839	-0.000186645430979569
158.52898	0.000681241702628889	-0.000162713673126723
141.21979	0.000681533306692497	-0.000143737783393274
125.92673	0.000681503155845362	-0.000123507110879781
112.19009	0.000683245348066791	-0.000107800501831015
99.968163	0.000683753197733829	-9.02961785380001e-05
89.115646	0.000686538730905827	-7.44662060031702e-05
79.415741	0.000688920529611546	-6.13787338976851e-05
70.793182	0.000688827052662369	-5.04420886353159e-05
63.082279	0.000694327170713363	-4.17134250433569e-05
56.241825	0.000699387895424356	-3.13730247061194e-05
50.112232	0.000699280346644815	-2.26607445519112e-05
44.671223	0.000702638234143276	-1.75014310738508e-05
39.808899	0.000706103767443134	-1.23553570626907e-05
35.488308	0.000708672842183979	-6.44306452750789e-06
31.629578	0.000711672214249009	-2.23155768364241e-06
28.187037	0.000715598719502335	7.97779535298494e-07
25.120602	0.000719221324301309	3.49124521910944e-06
22.385418	0.000720601912484506	5.77786027484168e-06
19.955338	0.00072524940536939	7.64580247084899e-06
17.775894	0.00072669299285323	1.20300757253853e-05
15.846864	0.000729016436479927	9.47873952371927e-06
14.127493	0.00073199628011275	1.31194623178733e-05
12.587309	0.000732698168022705	1.25209560512194e-05
11.216775	0.000734180636065034	1.53169641560323e-05
9.9968166	0.000737493228118954	1.39219645440524e-05
8.9082127	0.000738847953295141	1.43638127609864e-05
7.9395623	0.000739563667508838	1.66874911027454e-05
7.0765615	0.000743171427173215	1.73078159795058e-05
6.3105822	0.000744817382992494	1.86274255883112e-05
5.6245475	0.000746285514578529	1.55026134195713e-05
5.0112233	0.000747945895336721	1.79544585972344e-05
4.4642835	0.000748398372634751	1.61588840542614e-05
3.9819033	0.000748344475924862	1.73248293756176e-05
3.5479143	0.000749356502573249	1.72132240909814e-05
3.1629577	0.000751784616079782	1.80683020867253e-05
2.818361	0.000754464208502606	1.58528165523869e-05
2.5112481	0.000754876770263861	1.58713591734049e-05
2.2398233	0.000754462537548139	1.7553609863365e-05
1.9950197	0.000754838260047502	1.57365836039134e-05
1.7775893	0.000756948134252641	1.78680972472366e-05
1.5846864	0.00075852134535791	1.86818690763518e-05
1.4122353	0.000759900551995122	1.81981735973569e-05
1.2582541	0.000759538950102139	1.87898741488713e-05
1.1224822	0.000761858141130221	1.84791041898763e-05
1.0000616	0.000764215103723931	1.95961206160725e-05
0.89082122	0.000764020304434479	1.98413768469025e-05
0.79444051	0.000764901734805832	2.03766878399166e-05
0.70784986	0.000767698171155088	2.01187935617807e-05
0.63126236	0.000769409882035331	2.2425609465207e-05
0.562536	0.000770711404422985	2.08247973657755e-05
0.50118715	0.00077134848878661	2.23984851766531e-05
0.44642836	0.00077366393553689	2.50293995582891e-05
0.39821118	0.000774124753499804	2.58629448011055e-05
0.35475865	0.000776222585297175	2.6357756061465e-05
0.31619295	0.000778427105259236	2.92214600817319e-05
0.2819173	0.000778733766997879	2.73389073714565e-05
0.25117323	0.000781719104233529	2.89324692303741e-05
0.22391155	0.000782517865824378	3.21224355802515e-05
0.19957349	0.000784004852725296	3.22871155190016e-05
0.17779917	0.000788008410201804	3.35735317873368e-05
0.15846863	0.00078801314536083	3.53174815290771e-05
0.14123619	0.000791689510613035	3.63499890908544e-05
0.12590662	0.000792176046772126	3.81353472695449e-05
0.1122199	0.000793919383824361	3.95459377011822e-05
0.10002181	0.00079572394605947	4.20292372325083e-05
