10002.226	0.00116931923556615	-0.0095184484646955
8914.9326	0.00112824413936749	-0.00852170367196356
7943.9951	0.00109083689963408	-0.00762708048987987
7081.583	0.00105661928777175	-0.00682802141034677
6307.7358	0.00102645667553793	-0.00610929700959555
5622.5879	0.000994763687583978	-0.00546810377342306
5011.603	0.000965703767162984	-0.00489791833951248
4466.4292	0.000941223665861874	-0.00438431890994345
3981.2773	0.000917080869969134	-0.0039267180161944
3548.8679	0.000893573224995769	-0.00351523919745852
3163.0398	0.000876230870464395	-0.00314984220531496
2819.0986	0.000859282750988013	-0.00282017780499593
2512.4104	0.000841615869259749	-0.00252496445220515
2239.2869	0.000827064903351214	-0.00226269440315793
1995.6381	0.000816516837761863	-0.00202677868001599
1778.2897	0.00080224805819389	-0.00181685410445948
1584.4927	0.000789849718097077	-0.00162714158353308
1412.7418	0.000776378736301344	-0.00145750803715894
1258.7905	0.00076666615208836	-0.00130928326346167
1121.7966	0.000760335385958124	-0.00117322980355758
999.68164	0.000750544700950695	-0.0010511572689519
891.42474	0.000742240048886482	-0.000944463066642958
794.23932	0.000735404476706356	-0.00084686034483124
707.96161	0.000728902806041119	-0.000757768363813266
631.00977	0.000720662108441552	-0.000684187165293718
562.33929	0.000714428945370046	-0.000610159438132314
501.12231	0.000708335423152263	-0.000547087446419288
446.57214	0.000704288967258602	-0.000488348570240411
398.08899	0.000697502871166574	-0.000438367611637536
354.88681	0.000693863208902464	-0.000390891039635771
316.31589	0.000692105456318087	-0.000346221304203999
281.8942	0.000688684171007956	-0.000310476600529197
251.20601	0.000684447724159193	-0.000274192003407664
223.92496	0.000683476982590317	-0.000241339825256293
199.55338	0.000682146205467618	-0.000215028931395962
177.78128	0.000680939278278462	-0.000186573867731131
158.52898	0.000680771950928273	-0.000162785443695074
141.21979	0.000680658755765142	-0.000142598735120822
125.92673	0.000680397744228675	-0.000122396922631087
112.19009	0.000682559984176776	-0.000107424256010081
99.968163	0.000683678409974204	-8.95809879088559e-05
89.115646	0.00068818057147603	-7.44626778581494e-05
79.415741	0.000689988782378708	-6.31185732846157e-05
70.793182	0.000690705687882641	-5.18808850385186e-05
63.082279	0.00069423532150319	-4.13545286279735e-05
56.241825	0.000698116832467559	-3.11979839368908e-05
50.112232	0.000698690802377397	-2.33744028604339e-05
44.671223	0.00070080456459492	-1.74587812646832e-05
39.808899	0.000704969239198712	-1.36914080391688e-05
35.488308	0.000708908018455138	-6.76356936050493e-06
31.629578	0.000712542910411608	-1.84378451370461e-06
28.187037	0.000714416057654323	-3.62104714678717e-07
25.120602	0.000716217709898201	4.60719316005667e-06
22.385418	0.000719720712106538	6.76501887680057e-06
19.955338	0.000722622683481067	7.17429063458963e-06
17.775894	0.000727480237324376	1.13398060998525e-05
15.846864	0.000729303910284201	1.03371561910724e-05
14.127493	0.000732819822456959	1.30149608075795e-05
12.587309	0.000734105349918225	1.2262217987284e-05
11.216775	0.000734582482362734	1.38870211147661e-05
9.9968166	0.000735707444679059	1.49213875502019e-05
8.9082127	0.000738028561386005	1.41220412308009e-05
7.9395623	0.000740423036403954	1.52330380120534e-05
7.0765615	0.000743048898267734	1.74399862265275e-05
6.3105822	0.000744472286154856	1.62212594856755e-05
5.6245475	0.000747155355856635	1.65712035213091e-05
5.0112233	0.000747869220325335	1.71720697024599e-05
4.4642835	0.000748491258832424	1.58780255714503e-05
3.9819033	0.000750450704871984	1.74276674241404e-05
3.5479143	0.000750220297066149	1.77408634941463e-05
3.1629577	0.000753816948761203	1.75283178548865e-05
2.818361	0.000754249781639297	1.58117964722443e-05
2.5112481	0.000753665126143432	1.68955762138668e-05
2.2398233	0.000754323484848013	1.62772142536955e-05
1.9950197	0.000756694868755151	1.70661206623898e-05
1.7775893	0.000759025140609835	1.54717605503335e-05
1.5846864	0.000757960956915122	1.79141060234212e-05
1.4122353	0.000759091552075864	1.77781236943772e-05
1.2582541	0.000761302804728253	1.94370771719053e-05
1.1224822	0.000761660995359118	1.82068639132148e-05
1.0000616	0.000764038562477728	2.12710383685592e-05
0.89082122	0.000763690881863896	1.93127393799607e-05
0.79444051	0.000765049990921736	2.06127954832975e-05
0.70784986	0.000767400794543678	1.9810132135022e-05
0.63126236	0.000770806058131184	2.07789182845517e-05
0.562536	0.000769300471688015	2.20877070268536e-05
0.50118715	0.000769140667112371	2.39402919211072e-05
0.44642836	0.0007716996463565	2.40642627029284e-05
0.39821118	0.000774199652679399	2.50209117146641e-05
0.35475865	0.000775603122637543	2.50983335052565e-05
0.31619295	0.000777726081290437	2.7166933013848e-05
0.2819173	0.000777741882807947	2.85305768808968e-05
0.25117323	0.000782006694948337	2.83430774638844e-05
0.22391155	0.000782531802439544	3.16607839030208e-05
0.19957349	0.000784925960132884	3.29095046106009e-05
0.17779917	0.000785770307017016	3.13120486089516e-05
0.15846863	0.000790525154658211	3.39716634709666e-05
0.14123619	0.000791127006309438	3.67283249045485e-05
0.12590662	0.000792961983844263	3.98638328301979e-05
0.1122199	0.000793281191146153	3.86703704003034e-05
0.10002181	0.000799470269082051	4.03221405500798e-05
