10002.226	0.0011694305389424	-0.00951751314727735
8914.9326	0.00112979700693679	-0.00851981170163243
7943.9951	0.00109320755428525	-0.0076266790061392
7081.583	0.00105718721096021	-0.0068282226468675
6307.7358	0.00102534690958135	-0.00610903270877413
5622.5879	0.000995514895311025	-0.00547155733250438
5011.603	0.000964053985051422	-0.00489716073378592
4466.4292	0.000940770120273958	-0.00438421194249269
3981.2773	0.000916540962612027	-0.00392373788627873
3548.8679	0.000894628009549309	-0.00351580163661139
3163.0398	0.000875933805629721	-0.00314850605441125
2819.0986	0.000857318979101494	-0.00281933065854355
2512.4104	0.000841964792290314	-0.00252608185424421
2239.2869	0.000827606714099216	-0.00226286240145962
1995.6381	0.000815808338298906	-0.00202730727696727
1778.2897	0.000801954878320583	-0.00181575711323551
1584.4927	0.000789845970246859	-0.00162713356805701
1412.7418	0.000777093110202497	-0.00145889747575677
1258.7905	0.000769733085108508	-0.00130629431619437
1121.7966	0.00075911611886988	-0.00117536966139849
999.68164	0.000750146500649486	-0.0010511748764828
891.42474	0.000741287923511065	-0.000943734003382924
794.23932	0.000735759372265194	-0.000848321685074417
707.96161	0.000726812438447697	-0.000760392832868863
631.00977	0.000721703017306036	-0.000683252810329033
562.33929	0.00071570475501395	-0.000611555509105477
501.12231	0.000708669074083114	-0.000547934183870046
446.57214	0.000703731743373781	-0.000487108854476017
398.08899	0.000697787288813566	-0.000436256981761589
354.88681	0.000693953464350841	-0.000391740393080478
316.31589	0.000692396012839427	-0.000346774055705666
281.8942	0.000687696966173452	-0.00031068367274083
251.20601	0.000684315499620567	-0.00027499035760308
223.92496	0.000682863677165052	-0.00024103695271452
199.55338	0.000682806725115465	-0.000215623385038325
177.78128	0.000680577182918098	-0.000186616773644552
158.52898	0.00068028581796227	-0.000159751820846954
141.21979	0.000680235884570522	-0.000144689477537905
125.92673	0.000681053036078789	-0.000123284932951803
112.19009	0.000684299221713743	-0.000106418561562496
99.968163	0.00068521342432165	-8.9259162134455e-05
89.115646	0.00068712132129874	-7.42685412409235e-05
79.415741	0.00069018434122587	-6.35753689475881e-05
70.793182	0.000690009089046069	-5.0053738713035e-05
63.082279	0.000695486089692206	-3.99995680713161e-05
56.241825	0.00069992341695886	-3.07141734964163e-05
50.112232	0.000698289873826869	-2.16009203830671e-05
44.671223	0.000701840833352103	-1.78101118631914e-05
39.808899	0.000705992467451538	-1.31525704605912e-05
35.488308	0.000711319976011662	-8.36646131893512e-06
31.629578	0.000712320780991249	-7.33541701746778e-07
28.187037	0.000715192383435383	5.98049032657197e-07
25.120602	0.000718470051775847	6.29941372717748e-06
22.385418	0.00072199530770326	7.70461363221364e-06
19.955338	0.000724854695053651	8.03522605521237e-06
17.775894	0.000725550143952066	1.09333168968231e-05
15.846864	0.000729229546648265	1.1873893707901e-05
14.127493	0.000732122029323342	1.24117745875334e-05
12.587309	0.000732496222752707	1.29080189940019e-05
11.216775	0.000734091046574842	1.39431515094324e-05
9.9968166	0.000736769835908473	1.28594003931438e-05
8.9082127	0.000740197328217088	1.54208629462105e-05
7.9395623	0.000738591916965092	1.5701668161735e-05
7.0765615	0.000740272735607059	1.76448083547282e-05
6.3105822	0.000745450720574167	1.4671016633579e-05
5.6245475	0.000745704940949886	1.6379419869864e-05
5.0112233	0.000748962994256666	1.72672256933417e-05
4.4642835	0.000748945700016967	1.47693492206926e-05
3.9819033	0.000748482176209899	1.7271155132083e-05
3.5479143	0.000750349947237863	1.66053661421481e-05
3.1629577	0.00075250772686315	1.74754505689774e-05
2.818361	0.000754210131256623	1.78080043452935e-05
2.5112481	0.000754913706604598	1.68764709428647e-05
2.2398233	0.000757262089155996	1.69059205096742e-05
1.9950197	0.000755394600448558	1.90296026349034e-05
1.7775893	0.000758568962202898	1.85169997924105e-05
1.5846864	0.000760592941541763	1.89304538915447e-05
1.4122353	0.000758682362087506	1.62735699624894e-05
1.2582541	0.000761690559725223	1.9509023897377e-05
1.1224822	0.000762455587802524	1.7988219550017e-05
1.0000616	0.000761486886529846	2.0627895869525e-05
0.89082122	0.000763197188970878	1.95873006067006e-05
0.79444051	0.000766432846278313	2.09708105181168e-05
0.70784986	0.000767367301485655	2.01071481628645e-05
0.63126236	0.000769212887361446	2.24635831959145e-05
0.562536	0.000769303772256839	2.22652623600664e-05
0.50118715	0.000772583292244776	2.55346349839049e-05
0.44642836	0.000771959128636703	2.52281516327596e-05
0.39821118	0.000775713863828382	2.70713224351164e-05
0.35475865	0.000775843424582214	2.53409018752173e-05
0.31619295	0.000776058436759459	2.86679686760636e-05
0.2819173	0.000779174919341466	2.78893260115322e-05
0.25117323	0.000780283997245494	3.12172297974316e-05
0.22391155	0.000781104332782393	3.34060401731318e-05
0.19957349	0.000785547891961808	3.33857734711074e-05
0.17779917	0.000785795313522239	3.38219758029269e-05
0.15846863	0.000788067597818296	3.57805156774164e-05
0.14123619	0.000787646819433808	3.55982765401225e-05
0.12590662	0.000793883040314422	3.80847209400578e-05
0.1122199	0.000795876724195334	4.08916644069704e-05
0.10002181	0.000798507118568104	4.17036948372701e-05
