10002.226	0.00117844277562255	-0.00958870563559293
8914.9326	0.00113687217740221	-0.00858424313948338
7943.9951	0.00109966859449283	-0.00768439956313268
7081.583	0.00106355191074275	-0.00687879315830869
6307.7358	0.001031484010532	-0.00615417903747569
5622.5879	0.00100023433192403	-0.00551076805006834
5011.603	0.000973006102650615	-0.00493398630430362
4466.4292	0.000946866606454912	-0.00441706467077003
3981.2773	0.000924093853511578	-0.00395482496155423
3548.8679	0.000902271738964364	-0.00354165719721979
3163.0398	0.000883233243933346	-0.00317198842672067
2819.0986	0.00086481470826661	-0.00284066307267487
2512.4104	0.000848647991143329	-0.00254449293762966
2239.2869	0.000831508068613115	-0.00228048936618191
1995.6381	0.00081973755938884	-0.00204164398215873
1778.2897	0.000807733285238977	-0.0018299111667686
1584.4927	0.000795114738455677	-0.00164076411479293
1412.7418	0.000783168278136501	-0.00146886981593421
1258.7905	0.000773964930232523	-0.00131649716114477
1121.7966	0.000766747407874689	-0.00118250176650542
999.68164	0.000758051559568142	-0.00105987506382349
891.42474	0.000749364670014629	-0.000950883630864899
794.23932	0.000741178462539672	-0.000854300219328674
707.96161	0.000732303414159112	-0.000764974798801388
631.00977	0.000726075380582479	-0.00068945620481875
562.33929	0.000720484530285902	-0.000615305033988988
501.12231	0.000714408150100487	-0.000551229464471773
446.57214	0.000709926808633077	-0.000492346863511039
398.08899	0.000703732536271918	-0.000440197258673516
354.88681	0.000699658366410269	-0.000394290068872557
316.31589	0.00069781627126803	-0.000348976347409046
281.8942	0.000693371023992616	-0.000314393275063631
251.20601	0.000689285179266474	-0.000275609703564241
223.92496	0.000689960806581775	-0.000241394723464496
199.55338	0.000688763181213428	-0.000217766792154448
177.78128	0.000685047064631785	-0.000187464820035634
158.52898	0.00068648851733489	-0.000165443657639041
141.21979	0.000686693431153511	-0.000142170216054132
125.92673	0.00068670749719372	-0.000123025518087032
112.19009	0.000690346463683887	-0.000106558583183032
99.968163	0.000691502631116279	-8.80493404525569e-05
89.115646	0.000692916612657393	-7.55193588535463e-05
79.415741	0.000693886199456972	-6.4345189624732e-05
70.793182	0.000699157164915834	-5.13956232355786e-05
63.082279	0.000698297936588362	-4.11878271851584e-05
56.241825	0.000704191019861817	-3.18622858137659e-05
50.112232	0.000705417890744434	-2.33424380076632e-05
44.671223	0.000708581224624105	-1.81058493965301e-05
39.808899	0.000710591240899546	-1.39433664416864e-05
35.488308	0.00071787718002792	-7.49398337380096e-06
31.629578	0.000718352992456573	-1.51958367451413e-06
28.187037	0.000721776974494555	-5.6471627302688e-07
25.120602	0.000723840043230203	4.89512762389084e-06
22.385418	0.000727271699163312	5.68199134676961e-06
19.955338	0.000728063965127568	7.45035127138029e-06
17.775894	0.000732789475293945	1.23046360118388e-05
15.846864	0.000735826811854413	9.56775779501096e-06
14.127493	0.00073951395642308	1.36681166774727e-05
12.587309	0.000737629559292869	1.31196679639023e-05
11.216775	0.000740442462766892	1.36921055032362e-05
9.9968166	0.000744252246094682	1.59430820632464e-05
8.9082127	0.000746130517278233	1.51939553509777e-05
7.9395623	0.000747003670580813	1.75167569072968e-05
7.0765615	0.000746897324017285	1.83791875839161e-05
6.3105822	0.000751337983723488	1.68056811361194e-05
5.6245475	0.000751469727028527	1.47084409388713e-05
5.0112233	0.000754613237691243	1.66537886057608e-05
4.4642835	0.000755952574651607	1.64064573335745e-05
3.9819033	0.000756623551386065	1.7329075482984e-05
3.5479143	0.000757551346501381	1.9813234677972e-05
3.1629577	0.000755770420229788	1.61097286885711e-05
2.818361	0.000760448733085613	1.61593600170553e-05
2.5112481	0.00076102348796376	1.68624897770178e-05
2.2398233	0.000760589486118294	1.81730706016206e-05
1.9950197	0.000764334884828451	1.72890137227918e-05
1.7775893	0.000762931416337336	1.83921895425398e-05
1.5846864	0.000765412995062663	2.13301138240044e-05
1.4122353	0.000765417921691138	1.86884150412718e-05
1.2582541	0.000766012952578816	1.89890479620888e-05
1.1224822	0.000769527076052348	1.80584735503525e-05
1.0000616	0.000769999853155609	1.86838385331685e-05
0.89082122	0.000771752794621017	2.00754276157366e-05
0.79444051	0.000773766748643561	2.20236411579617e-05
0.70784986	0.000772456764054355	2.23744281316735e-05
0.63126236	0.000776317774344727	2.14636358836798e-05
0.562536	0.000775014131152295	2.26743648794486e-05
0.50118715	0.0007768116227524	2.43860822602575e-05
0.44642836	0.000777347171793802	2.50363396706796e-05
0.39821118	0.000779765640887477	2.67587571848182e-05
0.35475865	0.000782211511265421	2.75747473046591e-05
0.31619295	0.000783939031245284	2.99175276064817e-05
0.2819173	0.000787023743746442	2.912811741816e-05
0.25117323	0.000786604190987307	2.88810676915375e-05
0.22391155	0.000787846585736257	3.15182039863857e-05
0.19957349	0.000791096052954031	3.25128691600674e-05
0.17779917	0.000791948368186425	3.38625399383837e-05
0.15846863	0.000795835883691998	3.44106712901138e-05
0.14123619	0.000797804595904532	3.74350742192599e-05
0.12590662	0.000798134334055656	3.92876707583046e-05
0.1122199	0.00080201999726634	4.13945073787967e-05
0.10002181	0.000803881110667072	4.21860302384243e-05
