10002.226	0.00117537403834684	-0.00958721939382945
8914.9326	0.00113675461174105	-0.00858474155870074
7943.9951	0.00109751340625194	-0.00768203967734642
7081.583	0.0010619118763245	-0.00687835268461045
6307.7358	0.00103089198472628	-0.00615386927223717
5622.5879	0.00100092379023287	-0.00551148736066918
5011.603	0.000971559367985634	-0.00493420425951732
4466.4292	0.000947424393776603	-0.00441799839878327
3981.2773	0.000922544680577653	-0.00395615926523758
3548.8679	0.000899198997930309	-0.00354231847312614
3163.0398	0.000882365939870469	-0.00317227576685301
2819.0986	0.000865531418453741	-0.00283903945620346
2512.4104	0.000849409647892619	-0.00254548983950403
2239.2869	0.000833286003752403	-0.00228020817061718
1995.6381	0.000820746398455621	-0.00204200549085067
1778.2897	0.000808514078835332	-0.00182861287930627
1584.4927	0.00079389031355945	-0.00163904360058269
1412.7418	0.000783778644953373	-0.00146950320148807
1258.7905	0.000775915161793156	-0.00131885620969037
1121.7966	0.000766022111290606	-0.00118247973637942
999.68164	0.000756945499488233	-0.00105788913797428
891.42474	0.000749823519709989	-0.000953794262199483
794.23932	0.000741472003163786	-0.000853406290602114
707.96161	0.000734275113134963	-0.000763636497122825
631.00977	0.000725010670033803	-0.00068771190708398
562.33929	0.000720951991840452	-0.000616193599804575
501.12231	0.000714536397742349	-0.000550699447113168
446.57214	0.000709279549182623	-0.000493575169448459
398.08899	0.00070547743759334	-0.000440471557770696
354.88681	0.000701488713908214	-0.000394274645300722
316.31589	0.000697912410869496	-0.000350070515468679
281.8942	0.000693668623166942	-0.000312312863941622
251.20601	0.000693308504158341	-0.000276278710851057
223.92496	0.000687818853502369	-0.000244763963701378
199.55338	0.000685770647229575	-0.000215626601528835
177.78128	0.000686538937612252	-0.000189044524414942
158.52898	0.000687197077484443	-0.000166787135330839
141.21979	0.000686781415125632	-0.000145002267075792
125.92673	0.000686429715356797	-0.000124453960350045
112.19009	0.000689727259646676	-0.000107877275578762
99.968163	0.00069181053836935	-8.89139795701571e-05
89.115646	0.00069252462944052	-7.5839890827897e-05
79.415741	0.000694702597353918	-6.19311495918575e-05
70.793182	0.000698011853186178	-5.13231993642977e-05
63.082279	0.000696976829716835	-4.18262794184013e-05
56.241825	0.000703834990691095	-3.23869448179666e-05
50.112232	0.000705366538398419	-2.50311970671612e-05
44.671223	0.00070895438421044	-1.64106616056716e-05
39.808899	0.000711565828611066	-1.31586833416694e-05
35.488308	0.000714367548273912	-6.87892152994972e-06
31.629578	0.00071953024586872	-6.07660384804771e-07
28.187037	0.000720015249602953	2.61743070564768e-08
25.120602	0.000725408562381331	3.63878893734955e-06
22.385418	0.000728544172159383	7.36015470225064e-06
19.955338	0.000729856519525231	7.74919132708438e-06
17.775894	0.000733977684883276	1.24017414486917e-05
15.846864	0.000736924046106336	1.10103501740325e-05
14.127493	0.00073750356097004	1.20789142117546e-05
12.587309	0.000738101608716571	1.21126379225458e-05
11.216775	0.000741431470020641	1.61004134155241e-05
9.9968166	0.000743214515855359	1.39912468301443e-05
8.9082127	0.000745915512618708	1.41492828411698e-05
7.9395623	0.000746768701822987	1.61902519556413e-05
7.0765615	0.00074919284422684	1.81104730338395e-05
6.3105822	0.000751247151418248	1.69981284813964e-05
5.6245475	0.000750515509402043	1.58327061083816e-05
5.0112233	0.000753750929805632	1.87041182213438e-05
4.4642835	0.000755852263978469	1.76669902088266e-05
3.9819033	0.000756289961416871	1.72293555409793e-05
3.5479143	0.000757841771973252	1.75205906030088e-05
3.1629577	0.000758290610772147	1.90062736712238e-05
2.818361	0.000759283019947513	1.60970974654645e-05
2.5112481	0.000762290439352068	1.76908542391573e-05
2.2398233	0.000761890767945435	1.79292716763788e-05
1.9950197	0.000761479613035513	1.95473905114453e-05
1.7775893	0.000763933532795906	1.70944321412648e-05
1.5846864	0.000765567446596851	1.92076379836385e-05
1.4122353	0.000766728382627426	1.84610318025953e-05
1.2582541	0.000765714326240177	1.95110986447966e-05
1.1224822	0.000766786174512883	1.98204146879572e-05
1.0000616	0.000768810272386093	1.96354251456311e-05
0.89082122	0.000770764421011309	1.89619035539853e-05
0.79444051	0.000773914316502752	1.9907286926085e-05
0.70784986	0.00077226598056266	2.1143239133415e-05
0.63126236	0.000776795113564613	2.16937147004239e-05
0.562536	0.000775128832157509	2.27854724892163e-05
0.50118715	0.000778723193626166	2.28210634841799e-05
0.44642836	0.000779725402386403	2.43652104565823e-05
0.39821118	0.000780058564520184	2.62117455695787e-05
0.35475865	0.00078198145146099	2.68651081408909e-05
0.31619295	0.000784955700783805	2.77498282377985e-05
0.2819173	0.000785832469623547	2.90650868215026e-05
0.25117323	0.000786910517040644	2.80391315855828e-05
0.22391155	0.000789785760721113	2.83329815597372e-05
0.19957349	0.000790772431372867	3.29953542113785e-05
0.17779917	0.000791208278222556	3.58586446741269e-05
0.15846863	0.000795935142503748	3.44131635518174e-05
0.14123619	0.000797379120809738	3.87913230158511e-05
0.12590662	0.000800978520026947	3.96193447221484e-05
0.1122199	0.000800845210532955	3.85814946931905e-05
0.10002181	0.000801832504498737	3.96689058791656e-05
