10002.226	0.00117765332718237	-0.00958968605928481
8914.9326	0.00113803623708786	-0.00858472684711094
7943.9951	0.00109715918266735	-0.00768293404882508
7081.583	0.00106302139345766	-0.00687770505161277
6307.7358	0.0010324423700197	-0.00615640059560727
5622.5879	0.000999217181362752	-0.00551074773362497
5011.603	0.000970888985794447	-0.00493516054769315
4466.4292	0.000945578563976284	-0.00441683351449734
3981.2773	0.00092306300165126	-0.00395314670087208
3548.8679	0.000900091465680049	-0.00354151784893303
3163.0398	0.000880981209882918	-0.00317332317764309
2819.0986	0.000865210426408587	-0.00283902919915974
2512.4104	0.000847697097402595	-0.00254368182080785
2239.2869	0.000832672144033941	-0.00228040597229422
1995.6381	0.000819053178427609	-0.00204223299203648
1778.2897	0.000808193084850478	-0.00183129839896912
1584.4927	0.000795797347147423	-0.00163735706441647
1412.7418	0.000784036079081662	-0.00147003669954075
1258.7905	0.000775505329184458	-0.00131735336560866
1121.7966	0.000765116635277517	-0.00118256032282208
999.68164	0.000757385405837801	-0.00106012497055056
891.42474	0.000748927443172587	-0.000951949696911398
794.23932	0.000742131536237247	-0.000854592752041108
707.96161	0.000733202265473348	-0.000765622209571315
631.00977	0.000727552924575607	-0.000687442844390732
562.33929	0.000720299174333922	-0.000616273669647398
501.12231	0.000715098153021563	-0.000550263971286507
446.57214	0.000711093771763668	-0.000493198560965309
398.08899	0.000704670446465652	-0.000441873961529472
354.88681	0.000701670984559936	-0.000394441642434477
316.31589	0.000697476276002034	-0.000349771062329908
281.8942	0.000692778431450253	-0.000311975689056224
251.20601	0.000690031499508274	-0.0002768219981241
223.92496	0.000691281112125702	-0.00024213431003218
199.55338	0.000689413136537055	-0.000216391033156707
177.78128	0.000688007965870782	-0.000189207735946668
158.52898	0.00068741091002633	-0.000165254218101907
141.21979	0.000685929694899299	-0.000143096229372279
125.92673	0.000687626915520553	-0.00012450957870691
112.19009	0.000690154629726101	-0.000108655472855875
99.968163	0.000690758483899312	-8.88140573535686e-05
89.115646	0.0006932668162396	-7.52411201070907e-05
79.415741	0.000694225609153419	-6.47861363522052e-05
70.793182	0.000697214214987996	-5.15378155139022e-05
63.082279	0.000700400813258673	-4.13562721380776e-05
56.241825	0.000704300577819436	-3.22141821076717e-05
50.112232	0.00070432134184456	-2.45930394856007e-05
44.671223	0.000709143621479184	-1.81234507197082e-05
39.808899	0.000713278455828221	-1.14619378795788e-05
35.488308	0.000716018028363011	-6.82127775800168e-06
31.629578	0.000719775238789193	-2.7254256632518e-06
28.187037	0.000723033332115262	2.20520976217315e-06
25.120602	0.000725811135674156	3.8816475862134e-06
22.385418	0.000729043651379078	7.74302773403189e-06
19.955338	0.000730080809201524	8.46053134551458e-06
17.775894	0.000734360108096308	1.13817827646282e-05
15.846864	0.000736347474064073	1.00242285833301e-05
14.127493	0.000739926323084166	1.39742002788371e-05
12.587309	0.000739812748671175	1.26530398349879e-05
11.216775	0.000741418158552432	1.40537264718387e-05
9.9968166	0.000743353294203928	1.22580582761033e-05
8.9082127	0.000743979631764325	1.49880051463445e-05
7.9395623	0.000747055272627433	1.66087478827065e-05
7.0765615	0.000749778600529285	1.6509323732939e-05
6.3105822	0.000750454105120045	1.5634543157619e-05
5.6245475	0.000752941448764427	1.49300806055621e-05
5.0112233	0.000755264727570436	1.65955889707223e-05
4.4642835	0.000758427266384941	1.78278365557266e-05
3.9819033	0.000757270105120698	1.8384252291853e-05
3.5479143	0.00075869259404529	1.67019156276494e-05
3.1629577	0.000759919398332136	1.84859716874919e-05
2.818361	0.000760347868531527	1.82461548967361e-05
2.5112481	0.000761743655180504	1.70625683917707e-05
2.2398233	0.000762899423297148	1.62923914292367e-05
1.9950197	0.000761903617216486	1.72846331593024e-05
1.7775893	0.000764026567780818	1.69490642463221e-05
1.5846864	0.00076496438197699	1.88649796668902e-05
1.4122353	0.000766645385683567	1.7334807932983e-05
1.2582541	0.000767151324273598	1.95773168808251e-05
1.1224822	0.000767693468798361	1.93795008559195e-05
1.0000616	0.000771068911999187	1.92644958717512e-05
0.89082122	0.000772286134729877	2.06633434769998e-05
0.79444051	0.000771201505562844	2.15659853791097e-05
0.70784986	0.000773960240689998	2.15172481811456e-05
0.63126236	0.000776891621144478	2.16421106519619e-05
0.562536	0.000774653875709125	2.31221668040125e-05
0.50118715	0.000777823305166683	2.34239938751912e-05
0.44642836	0.000780008408129796	2.58142359985495e-05
0.39821118	0.000782400959413059	2.75759396632008e-05
0.35475865	0.000781742032796755	2.71072725871646e-05
0.31619295	0.000783673827163994	2.9273130869403e-05
0.2819173	0.000784921978190283	2.83786508659032e-05
0.25117323	0.000786703294333695	3.00675530775551e-05
0.22391155	0.000789287353222127	3.16315387917192e-05
0.19957349	0.00079085916167082	3.24988296943054e-05
0.17779917	0.000792499108243879	3.48881561935457e-05
0.15846863	0.000794728564993321	3.61080920639075e-05
0.14123619	0.000795270124472069	3.79745342355282e-05
0.12590662	0.000799508716376037	3.84672112478728e-05
0.1122199	0.000800521896428579	4.04008188058377e-05
0.10002181	0.000805866484333249	4.31062855046997e-05
