10002.226	0.00117721656779957	-0.00958874911001711
8914.9326	0.00113702455813625	-0.00858428793598735
7943.9951	0.00109965476958049	-0.00768481806929929
7081.583	0.00106247838123449	-0.0068779521651743
6307.7358	0.00103253185954674	-0.00615540278987251
5622.5879	0.00100041962892944	-0.00551222672782778
5011.603	0.000972975600318839	-0.00493439383008602
4466.4292	0.000948103683542069	-0.00441658700688328
3981.2773	0.000924903502389995	-0.00395669662977026
3548.8679	0.000899923091287743	-0.00354276816282121
3163.0398	0.00088348176312327	-0.00317226444315025
2819.0986	0.000863832519997916	-0.00283932519557853
2512.4104	0.000848781788448309	-0.00254501492467665
2239.2869	0.000835228924512715	-0.00227950163920264
1995.6381	0.000820697744652654	-0.00204157106212841
1778.2897	0.000808933302489877	-0.00183022491470059
1584.4927	0.000795946568173391	-0.00164013996831529
1412.7418	0.000782869523041104	-0.00146821096401907
1258.7905	0.000776613424582131	-0.00131802830379953
1121.7966	0.000765915802775657	-0.00118305865595045
999.68164	0.000756125893117208	-0.00106030265550172
891.42474	0.000748052220588873	-0.000950966940544146
794.23932	0.00074132316567279	-0.000854021694792889
707.96161	0.000732754922804202	-0.000765131318632869
631.00977	0.000728521642814602	-0.000687487265125824
562.33929	0.000720814622784223	-0.000614841768516494
501.12231	0.000714884743470223	-0.000551656636289361
446.57214	0.000710597847623343	-0.000492544916532468
398.08899	0.000703416546323367	-0.000440414512450725
354.88681	0.000699111338759902	-0.00039479489449242
316.31589	0.000698560804355451	-0.000347777151633606
281.8942	0.000693220589699014	-0.000313298736214855
251.20601	0.0006913376565245	-0.000275311473370471
223.92496	0.000689988976487815	-0.000244797063803308
199.55338	0.000687437995478879	-0.000216412069558007
177.78128	0.000686623823953332	-0.000188500061496683
158.52898	0.000687631475562721	-0.000164356115775413
141.21979	0.000687871401547262	-0.00014432248349087
125.92673	0.000687222294217058	-0.000124306674000185
112.19009	0.000690878320698778	-0.000108279185286868
99.968163	0.000690561639066086	-9.13549784011907e-05
89.115646	0.000693389604821648	-7.63064434972725e-05
79.415741	0.000695041582740583	-6.40069174677018e-05
70.793182	0.000696703592938488	-5.14594712533692e-05
63.082279	0.000700239152242619	-4.01468339706837e-05
56.241825	0.000705280090453656	-3.17722348973789e-05
50.112232	0.000705208956535755	-2.13358162019184e-05
44.671223	0.000708301694531457	-1.74103979600662e-05
39.808899	0.000712113795248265	-1.28542911842807e-05
35.488308	0.000717085803372591	-7.47720720210849e-06
31.629578	0.000718301458444041	-3.16786537438767e-06
28.187037	0.000721908030863395	-7.84078419129878e-07
25.120602	0.000722594002973925	3.54781266369602e-06
22.385418	0.000726394525962795	6.81672224732596e-06
19.955338	0.000732081551333139	8.74739972306205e-06
17.775894	0.000732712251083488	1.12317800625994e-05
15.846864	0.000736878459481583	1.10869487226232e-05
14.127493	0.000740780803229172	1.53095264483308e-05
12.587309	0.000740220791452412	1.41531948183687e-05
11.216775	0.000740182446591228	1.32443937116145e-05
9.9968166	0.000743541012849733	1.49507162766724e-05
8.9082127	0.000746084810544735	1.50066679357061e-05
7.9395623	0.000746310705893159	1.8407283417806e-05
7.0765615	0.000749677626994065	1.84188311671266e-05
6.3105822	0.0007501262344008	1.73646772887387e-05
5.6245475	0.000753375039605801	1.52162872401911e-05
5.0112233	0.00075339144842686	1.6697338693606e-05
4.4642835	0.000754877623897854	1.73311838553044e-05
3.9819033	0.000756366452693233	1.63319125043753e-05
3.5479143	0.000757569751394156	1.79718217090599e-05
3.1629577	0.000760358100997285	1.81638203558792e-05
2.818361	0.000759192299374353	1.79342767609057e-05
2.5112481	0.00076026439157479	1.76301598833445e-05
2.2398233	0.000761863114524198	1.85831006039055e-05
1.9950197	0.000763492073837389	1.85269487708081e-05
1.7775893	0.000764132651986784	1.87801432899937e-05
1.5846864	0.000765565955199356	1.71827584058046e-05
1.4122353	0.000766064224504097	1.74408351419118e-05
1.2582541	0.000765812250118683	1.96063870532163e-05
1.1224822	0.000769227895169472	1.88153689075693e-05
1.0000616	0.000769024529645732	2.13933180544531e-05
0.89082122	0.000770880834474782	1.91098776772713e-05
0.79444051	0.000772519756913422	2.15756911490315e-05
0.70784986	0.000772960138194529	2.19659970410328e-05
0.63126236	0.000775216657857649	2.22046938934926e-05
0.562536	0.000778528355301615	2.3559852794498e-05
0.50118715	0.000775520380072105	2.33765127962483e-05
0.44642836	0.000779396284820539	2.70260126603401e-05
0.39821118	0.000782974433463682	2.61270824232739e-05
0.35475865	0.000782971443034572	2.64150763634103e-05
0.31619295	0.000781474868330258	2.75695307237e-05
0.2819173	0.000784018250690717	2.66854927099304e-05
0.25117323	0.000786888905837995	2.96890117573364e-05
0.22391155	0.000788211880530615	3.18740321917206e-05
0.19957349	0.000790640253336274	3.21719956857211e-05
0.17779917	0.000791955178489569	3.52205590523478e-05
0.15846863	0.000794471306081211	3.59594109173696e-05
0.14123619	0.000798100865386834	3.78477378423012e-05
0.12590662	0.000800861925015541	3.9126543512192e-05
0.1122199	0.000799867508110393	3.97851042827391e-05
0.10002181	0.000803045998233287	4.42481280734631e-05
