10002.226	0.001176263328971	-0.00959027678125522
8914.9326	0.00113451580149818	-0.00858368308522823
7943.9951	0.00109924833471274	-0.00768491433546299
7081.583	0.00106118428168236	-0.00687765802829925
6307.7358	0.00103283789753691	-0.00615501833532944
5622.5879	0.00100048770474743	-0.00551113346478006
5011.603	0.000972667308062044	-0.00493424964921503
4466.4292	0.000948174721673574	-0.00441702907879576
3981.2773	0.000923872745377932	-0.00395551775990853
3548.8679	0.000900233408855934	-0.00354012305002209
3163.0398	0.000882255293093127	-0.00317155237661363
2819.0986	0.000863952770279353	-0.00283946136074258
2512.4104	0.000849520304448294	-0.00254546843934452
2239.2869	0.000832791198591108	-0.00227987651920099
1995.6381	0.00082174094945834	-0.00204142246049215
1778.2897	0.000808666961470447	-0.00182989270158241
1584.4927	0.000795490606804279	-0.00163842634046214
1412.7418	0.000783328222670878	-0.00146883438957187
1258.7905	0.000774314801193061	-0.00132069635096317
1121.7966	0.000765436835221896	-0.00118247303369447
999.68164	0.000756697773530307	-0.00105727589510388
891.42474	0.000747472096530563	-0.000950193776875641
794.23932	0.000740783301516922	-0.000854562799770292
707.96161	0.000733229172670875	-0.000765936654346231
631.00977	0.000729164799904856	-0.000687618282227448
562.33929	0.000722233696141627	-0.00061438655218262
501.12231	0.000715805186336483	-0.000551916901157723
446.57214	0.000708589390527249	-0.000492060211713917
398.08899	0.000704682567210429	-0.000441852650985132
354.88681	0.000700805740503812	-0.00039482335398751
316.31589	0.000699348543825981	-0.000349122891756173
281.8942	0.000693245792468704	-0.000313281933437342
251.20601	0.000690207375516116	-0.000274976286832163
223.92496	0.000687918436833012	-0.000243860283364911
199.55338	0.000687595311996693	-0.000214901091808512
177.78128	0.000689236696876785	-0.000188207098491039
158.52898	0.00068772882525206	-0.00016369797187868
141.21979	0.00068775655473522	-0.000143887422864099
125.92673	0.000686728255852794	-0.000124064611707323
112.19009	0.000689507982505476	-0.00010611259277859
99.968163	0.000689198445925057	-9.12950651360973e-05
89.115646	0.000695130424262422	-7.75648267572197e-05
79.415741	0.000692580620141634	-6.30879597548382e-05
70.793182	0.000697311160583744	-5.24386539377655e-05
63.082279	0.000698568378115108	-4.03058398988868e-05
56.241825	0.00070359703820057	-3.41494754463175e-05
50.112232	0.000705531730336799	-2.3650180532589e-05
44.671223	0.000709938724283054	-1.58690155065401e-05
39.808899	0.000711121495073021	-1.24463048086597e-05
35.488308	0.000716000847017383	-7.38805237635742e-06
31.629578	0.000719622325221337	-1.25452166787784e-06
28.187037	0.000721216843923848	-4.71402342270596e-07
25.120602	0.000723683586278335	3.46170383884149e-06
22.385418	0.000726149994314288	7.17668427525906e-06
19.955338	0.000730600227767122	6.92837462837759e-06
17.775894	0.000734698337469633	1.14306260301639e-05
15.846864	0.00073609840427536	1.02771912570672e-05
14.127493	0.000740088250147573	1.33275876229171e-05
12.587309	0.000740103644759789	1.39683746777939e-05
11.216775	0.000741697848906715	1.34140669883178e-05
9.9968166	0.000744872730811625	1.44983136375246e-05
8.9082127	0.000746505284524857	1.46334201517929e-05
7.9395623	0.000745048258458147	1.62871796769251e-05
7.0765615	0.000747778967189665	1.66809256553695e-05
6.3105822	0.000750229273881602	1.78504605860703e-05
5.6245475	0.000750797001417082	1.82173391875633e-05
5.0112233	0.000752672966248494	1.67482493134388e-05
4.4642835	0.000754343938789736	1.58571400305034e-05
3.9819033	0.000754379537217193	1.72018744882529e-05
3.5479143	0.000757283993548081	1.71732002478751e-05
3.1629577	0.00075878056448487	1.85142366751205e-05
2.818361	0.000760681597326935	1.62169083960651e-05
2.5112481	0.000763984649915655	1.84795962182825e-05
2.2398233	0.000761144804032128	1.62947036953644e-05
1.9950197	0.000763055070106572	1.58699239624229e-05
1.7775893	0.000763654057624603	1.75592604696614e-05
1.5846864	0.000764900632028175	1.85728373433271e-05
1.4122353	0.000766162660384119	1.95767967477789e-05
1.2582541	0.000766872694690097	2.04745759002121e-05
1.1224822	0.000767736937769453	1.90909491556587e-05
1.0000616	0.000767773042521037	1.97198873165192e-05
0.89082122	0.000769781221971358	2.01395735608014e-05
0.79444051	0.000772161769443746	2.21391003333597e-05
0.70784986	0.000775076968650787	2.23023727033353e-05
0.63126236	0.000776367075437547	2.17273326820396e-05
0.562536	0.000776337858840117	2.23169684701308e-05
0.50118715	0.000777356888698898	2.35179184642451e-05
0.44642836	0.000779672638580929	2.35940148521296e-05
0.39821118	0.000780277781163747	2.61955186840244e-05
0.35475865	0.000781296089300398	2.63539805781936e-05
0.31619295	0.000782628730439805	2.98906633324552e-05
0.2819173	0.000785909993107541	2.98097540490182e-05
0.25117323	0.000786059385402531	2.97993779250602e-05
0.22391155	0.000789813771963602	3.05497191362197e-05
0.19957349	0.000790576241693531	3.31784359543945e-05
0.17779917	0.000792707849083007	3.48204895349571e-05
0.15846863	0.000795913772550931	3.71759736038568e-05
0.14123619	0.000795740300834664	3.62917921661363e-05
0.12590662	0.000799793091626661	3.85203302892377e-05
0.1122199	0.000802454611153915	4.01896456309366e-05
0.10002181	0.000803668344521837	4.12948755632958e-05
