10002.226	0.00119439817597539	-0.00949659901504413
8914.9326	0.00115629296282639	-0.00849973528851133
7943.9951	0.00111511505893691	-0.00760838299271882
7081.583	0.00108275339486674	-0.00681254122960079
6307.7358	0.00105110836607028	-0.00609413546359142
5622.5879	0.00101985331470769	-0.00545731489958923
5011.603	0.000990167497801338	-0.00488760382084128
4466.4292	0.000965357610129629	-0.00437504474930037
3981.2773	0.000942027791691542	-0.00391837295376535
3548.8679	0.000920386128351741	-0.00350741915789632
3163.0398	0.000901412194971555	-0.00314270604677419
2819.0986	0.000882968093783795	-0.002813546584954
2512.4104	0.000867730024484517	-0.00251971512931491
2239.2869	0.000852375144836649	-0.00225730408363657
1995.6381	0.000836720085617337	-0.00202113862762948
1778.2897	0.000827221311605241	-0.00181192730079255
1584.4927	0.000813998688993598	-0.00162317115794713
1412.7418	0.00080172634333043	-0.00145438088529688
1258.7905	0.000794456667207296	-0.00130520915074568
1121.7966	0.000783633428539974	-0.001169457891545
999.68164	0.000775629078991704	-0.00104930758160668
891.42474	0.000768453324894565	-0.000943192311025503
794.23932	0.000760264545087546	-0.000844572446922319
707.96161	0.000752765563046949	-0.000757499121958839
631.00977	0.000743525983255682	-0.000680708652430419
562.33929	0.000738170352057606	-0.000609145542829788
501.12231	0.00073463620869796	-0.00054610827161384
446.57214	0.000729170266134741	-0.000488037285284077
398.08899	0.000723533577336432	-0.000435938264213092
354.88681	0.000717907760562511	-0.000391072065872305
316.31589	0.000716830284503555	-0.000347227667432699
281.8942	0.000713128353458403	-0.000308947380556893
251.20601	0.000707990116047151	-0.000274729446979116
223.92496	0.000708318806343965	-0.00023965602290935
199.55338	0.000706769407371449	-0.000213949245531654
177.78128	0.000704753073735683	-0.000187110881614434
158.52898	0.000706328307915627	-0.000161232974997921
141.21979	0.000706522300321702	-0.000141978689893997
125.92673	0.000704483950004332	-0.000121293629481105
112.19009	0.000709439907226531	-0.000105795792531079
99.968163	0.000710503661811595	-8.91484735064549e-05
89.115646	0.000712031344106261	-7.36159014449571e-05
79.415741	0.000712592213537282	-6.41299880318073e-05
70.793182	0.000715809892698986	-5.29347518040189e-05
63.082279	0.00071847179891041	-4.17723865976702e-05
56.241825	0.000724036276392597	-3.10235777058124e-05
50.112232	0.000724213269860695	-2.26787603625812e-05
44.671223	0.000726213606301263	-1.75143942726827e-05
39.808899	0.000730490455262374	-1.29067918063338e-05
35.488308	0.000733125855168408	-8.15287153756367e-06
31.629578	0.00073461519261263	-2.61730067713438e-06
28.187037	0.0007388358214589	-5.37751903687738e-07
25.120602	0.000742845366950427	3.12333830091709e-06
22.385418	0.000746289228851162	8.25069540731714e-06
19.955338	0.000748407514658848	8.55025520583474e-06
17.775894	0.000752009674631742	1.10548111448031e-05
15.846864	0.000755045991718228	9.42638418587427e-06
14.127493	0.000756312923689083	1.39079310607296e-05
12.587309	0.000758619117662727	1.19725200035976e-05
11.216775	0.000759371096401388	1.49026350663941e-05
9.9968166	0.000762895336912909	1.44209977682315e-05
8.9082127	0.000762801118180349	1.49879663396479e-05
7.9395623	0.000763379066970369	1.47784204692401e-05
7.0765615	0.000767787927126048	1.64750820087756e-05
6.3105822	0.000768780367375996	1.83838521837025e-05
5.6245475	0.000770074383960268	1.59102532620349e-05
5.0112233	0.000772205383896374	1.91113688326794e-05
4.4642835	0.000772173042482564	1.65540084106537e-05
3.9819033	0.000775486648539385	1.70054043646622e-05
3.5479143	0.00077586760569781	1.81416799301555e-05
3.1629577	0.000778214891072139	1.62100538018497e-05
2.818361	0.000777918238525081	1.75311576310411e-05
2.5112481	0.000777907905744368	1.68535253931478e-05
2.2398233	0.000780235022923916	1.52996457332435e-05
1.9950197	0.000780594838619126	1.68371626245486e-05
1.7775893	0.0007814944066639	1.86007177681481e-05
1.5846864	0.000783889823068875	1.94788665865864e-05
1.4122353	0.000784988053488862	1.92483058038235e-05
1.2582541	0.000786510622555656	1.95463601043828e-05
1.1224822	0.000786713295228443	2.03009013704701e-05
1.0000616	0.000788840433010748	1.98365704237205e-05
0.89082122	0.000788622984780911	1.99536922857557e-05
0.79444051	0.000790419247830679	1.96136677179483e-05
0.70784986	0.000793460832200358	2.05042095607677e-05
0.63126236	0.000792597072449644	2.24189119129564e-05
0.562536	0.000795085048147563	2.31002135760545e-05
0.50118715	0.000795421728698721	2.27525598477773e-05
0.44642836	0.000797739739228185	2.32566737128488e-05
0.39821118	0.000798449501430086	2.71958249773559e-05
0.35475865	0.000799862371063822	2.52557131750167e-05
0.31619295	0.000802777975432688	2.79350051423899e-05
0.2819173	0.0008060746488428	2.95954472033212e-05
0.25117323	0.000806491202873566	3.03085327262235e-05
0.22391155	0.000806866816556623	3.14210690497871e-05
0.19957349	0.000810127879502663	3.17064590038093e-05
0.17779917	0.000811048352288558	3.42186716734119e-05
0.15846863	0.000812709814258796	3.56039082614497e-05
0.14123619	0.000814367422907186	3.70142268529806e-05
0.12590662	0.000817763959485596	3.75020213699635e-05
0.1122199	0.000819160144856095	4.16753814521658e-05
0.10002181	0.000823118518774655	4.29232617657239e-05
