10002.226	0.00119432472164376	-0.00949536558329711
8914.9326	0.00115221664082109	-0.00849940862943084
7943.9951	0.00111704239235181	-0.00760821576403568
7081.583	0.00108364062043449	-0.00681247746112223
6307.7358	0.00105042291060363	-0.00609635089601762
5622.5879	0.00101900544009353	-0.00545750166094694
5011.603	0.000989883442266035	-0.00488689998120429
4466.4292	0.000965773432940453	-0.00437489441085746
3981.2773	0.000941859473404833	-0.00391803398128082
3548.8679	0.000920748534779372	-0.00350606934013359
3163.0398	0.000900682958125251	-0.00314213851248076
2819.0986	0.000884202073264877	-0.00281109006844071
2512.4104	0.000866002628628876	-0.00251999205019483
2239.2869	0.000851820289660055	-0.0022557783715356
1995.6381	0.000838991788275582	-0.00202241078889075
1778.2897	0.000826750474002596	-0.00181164011911661
1584.4927	0.000814042084964988	-0.0016214448445081
1412.7418	0.000800414258757125	-0.00145488209182544
1258.7905	0.000792949321358536	-0.001306265110989
1121.7966	0.000785817466013332	-0.00117282613227801
999.68164	0.000774021448914284	-0.00104954501287669
891.42474	0.000766185747124296	-0.00094301909592459
794.23932	0.000757122044081131	-0.000845067354240722
707.96161	0.000751627238475801	-0.000757389979976356
631.00977	0.000745926704410838	-0.000680496861406861
562.33929	0.00074045541315304	-0.000609160588866122
501.12231	0.000733105407828643	-0.000547755370431674
446.57214	0.00072692102758982	-0.000487178419050629
398.08899	0.000722698920586003	-0.000437768975278797
354.88681	0.000718322801027182	-0.000389787427899327
316.31589	0.000717534338872242	-0.000345318821595063
281.8942	0.00071165873643805	-0.000309011672798905
251.20601	0.000710001207774166	-0.000271747946863916
223.92496	0.000709428492691202	-0.000241592011911441
199.55338	0.000704776552808881	-0.00021213466091527
177.78128	0.000705351586124925	-0.000185272439061942
158.52898	0.000705432739810966	-0.000164246153614467
141.21979	0.000704988469348772	-0.000144626779077765
125.92673	0.000703723896097546	-0.000123363138284526
112.19009	0.00070786824625411	-0.00010659108953491
99.968163	0.00070773556689022	-8.85911440555633e-05
89.115646	0.000713027380884356	-7.63244932174429e-05
79.415741	0.000713977394549973	-6.43844560392277e-05
70.793182	0.000716314502340361	-5.07326379304385e-05
63.082279	0.000717715113478559	-4.160794080456e-05
56.241825	0.000724039797090054	-3.23838229596731e-05
50.112232	0.000724598783736835	-2.16275813216911e-05
44.671223	0.000726947738448432	-1.75716049607092e-05
39.808899	0.000730923140478547	-1.27107906556788e-05
35.488308	0.000732333726218777	-8.16110972708195e-06
31.629578	0.000738025313196408	-3.11568194522018e-07
28.187037	0.000739423474670635	-9.12867948714184e-08
25.120602	0.00074395673772174	3.5409122991268e-06
22.385418	0.000743665624428141	7.84332628104648e-06
19.955338	0.000747465911660442	9.57195996617445e-06
17.775894	0.000750607390249556	1.06417629328682e-05
15.846864	0.000752161255342336	1.11810011176728e-05
14.127493	0.000757040262493513	1.23310243289859e-05
12.587309	0.000758774619339806	1.2666270887962e-05
11.216775	0.000759938253161377	1.31884344636624e-05
9.9968166	0.000761414973977517	1.31574613628303e-05
8.9082127	0.000762603735426149	1.50585220212505e-05
7.9395623	0.000764296754682571	1.62559210825725e-05
7.0765615	0.000766460585531092	1.72796597753595e-05
6.3105822	0.000768999427202606	1.75024252258587e-05
5.6245475	0.000770044865077348	1.56018262012935e-05
5.0112233	0.000772015947451988	1.78020846189049e-05
4.4642835	0.000773530506939281	1.69825868793983e-05
3.9819033	0.000774930597999161	1.66514609090338e-05
3.5479143	0.000776340234608567	1.77277604773187e-05
3.1629577	0.000779007445447041	1.76819747344906e-05
2.818361	0.00077734472486889	1.717660747021e-05
2.5112481	0.000780257305170065	1.6557219642551e-05
2.2398233	0.000781032982734692	1.55292800942266e-05
1.9950197	0.000780605571992458	1.75026643423762e-05
1.7775893	0.000783907322902767	1.69639545453427e-05
1.5846864	0.000783682427906803	1.8756815960529e-05
1.4122353	0.000784880133801299	1.83792145110148e-05
1.2582541	0.000787286944485415	1.79936968163793e-05
1.1224822	0.00078760659967146	1.98658664667531e-05
1.0000616	0.000787417579122649	1.95057091909941e-05
0.89082122	0.000789020373364554	2.03954518519709e-05
0.79444051	0.00078856134301892	2.14465309367829e-05
0.70784986	0.000790055088979045	2.32206086690401e-05
0.63126236	0.000795083386200482	2.21919208179171e-05
0.562536	0.000794591922379069	2.35522736174548e-05
0.50118715	0.000794259733069168	2.24020178349746e-05
0.44642836	0.00079709944907009	2.52261710543435e-05
0.39821118	0.000799853435437691	2.50555888390381e-05
0.35475865	0.000801150125181934	2.62586667041051e-05
0.31619295	0.000802613513771851	2.81246413717262e-05
0.2819173	0.000805766110727153	2.93549748674285e-05
0.25117323	0.00080508521664626	2.94385438745825e-05
0.22391155	0.000808262053821973	3.04093052051355e-05
0.19957349	0.000808817125965003	3.19101336913783e-05
0.17779917	0.000810189952591233	3.3276846449152e-05
0.15846863	0.000813359755311968	3.51946095931147e-05
0.14123619	0.000814859504042223	3.79608471460843e-05
0.12590662	0.000817756419290586	3.93111550853111e-05
0.1122199	0.000821008175769037	4.0732255798358e-05
0.10002181	0.000821658109158869	4.27043138404828e-05
