10002.226	0.00119506380484644	-0.00949502312942621
8914.9326	0.00115395416916291	-0.00849937972925886
7943.9951	0.00111688051383152	-0.00760928451170973
7081.583	0.00108103265819947	-0.00681196189631105
6307.7358	0.00104949553885715	-0.00609457670185878
5622.5879	0.00101885583832505	-0.00545724272186845
5011.603	0.000990094518731204	-0.00488536387286574
4466.4292	0.000966756282896413	-0.00437416024695375
3981.2773	0.00094285512816883	-0.00391461637132785
3548.8679	0.000919942732212851	-0.00350648541359555
3163.0398	0.000900879052283211	-0.00314066974331695
2819.0986	0.00088321840465916	-0.00281242683805239
2512.4104	0.000865661393994893	-0.00251816678440793
2239.2869	0.00085204663851327	-0.00225758949227367
1995.6381	0.000838520782657944	-0.00202278832578466
1778.2897	0.000825375624068211	-0.00181214302382501
1584.4927	0.000814281609820613	-0.00162481151391314
1412.7418	0.000800845214140832	-0.00145640435624838
1258.7905	0.00079346692715589	-0.0013045769007602
1121.7966	0.000784495179843737	-0.00116966643564312
999.68164	0.000775181154010631	-0.00105032311726154
891.42474	0.000766061869621729	-0.000943420022950648
794.23932	0.000760417933089501	-0.000846921907436606
707.96161	0.000752937738376599	-0.000759551524016693
631.00977	0.000745626182345218	-0.00068132931965908
562.33929	0.000738243240020344	-0.000610510847165163
501.12231	0.000733474836900449	-0.000545340943658856
446.57214	0.000729408787467205	-0.000486682055295825
398.08899	0.000722281965011878	-0.000434872315773819
354.88681	0.000720629813508587	-0.000389971772498166
316.31589	0.000715301746587975	-0.000345048139697328
281.8942	0.000712070048493291	-0.000308484054717275
251.20601	0.000708505441789927	-0.000272898803339486
223.92496	0.000708397746991773	-0.000240752864834853
199.55338	0.000707212329773046	-0.00021250457062874
177.78128	0.000704680215422838	-0.000186388499815723
158.52898	0.000706092551775732	-0.000163093856460596
141.21979	0.000707864910133975	-0.000143180909022332
125.92673	0.000702273241172539	-0.000122439076082846
112.19009	0.000707940982368185	-0.00010796774140351
99.968163	0.000707995255160633	-8.83480553549708e-05
89.115646	0.000711432071345318	-7.437725794147e-05
79.415741	0.000712876124191912	-6.29067098073508e-05
70.793182	0.0007158795529063	-5.03157155670794e-05
63.082279	0.000716427810796587	-4.00969712456342e-05
56.241825	0.000722205872366511	-3.00378948409908e-05
50.112232	0.000724268093316654	-2.37011840816462e-05
44.671223	0.000727461140138461	-1.76258354944961e-05
39.808899	0.000731894425842207	-1.29141366370353e-05
35.488308	0.000734694327457319	-7.52630246184834e-06
31.629578	0.000735223230864406	-3.20650213325806e-06
28.187037	0.00074011207311643	-3.80601849037908e-07
25.120602	0.000741937990052026	3.89620984108791e-06
22.385418	0.00074438832602158	6.41614550468544e-06
19.955338	0.000748061649016916	7.96489713010633e-06
17.775894	0.00075235062255997	1.08945316585162e-05
15.846864	0.000754299247827077	9.5110594462512e-06
14.127493	0.000757122069057203	1.1669954184254e-05
12.587309	0.000757443834876939	1.24071757746424e-05
11.216775	0.000760901621257827	1.36263647788304e-05
9.9968166	0.000760963116327251	1.19808002150289e-05
8.9082127	0.000762918341743154	1.55465826049056e-05
7.9395623	0.000764279999176554	1.70044339460004e-05
7.0765615	0.000769283256433202	1.64014518565178e-05
6.3105822	0.000769707305877621	1.64609616947412e-05
5.6245475	0.000771521341686977	1.55674591372029e-05
5.0112233	0.000773462733664534	1.69552414143169e-05
4.4642835	0.000774194207261591	1.46759288452671e-05
3.9819033	0.000772944029393776	1.67718038149434e-05
3.5479143	0.000774267122370323	1.88108354519629e-05
3.1629577	0.000776536463194531	1.83036693707285e-05
2.818361	0.000777566731811973	1.83109901115103e-05
2.5112481	0.000779011352601604	1.65659938059239e-05
2.2398233	0.000779297397615823	1.81258776042753e-05
1.9950197	0.000779827591020754	1.80906793787839e-05
1.7775893	0.000782580737937657	1.88126258030295e-05
1.5846864	0.000781992768559958	1.77787388091627e-05
1.4122353	0.000783327542338153	1.9865721632408e-05
1.2582541	0.000786702406386982	1.90038394167221e-05
1.1224822	0.000784671370762754	1.90808929224446e-05
1.0000616	0.000788207513027648	1.95786624102036e-05
0.89082122	0.00078916989486732	1.96720748782165e-05
0.79444051	0.000790608624288566	1.99789662315829e-05
0.70784986	0.000792698726234382	2.16935994562987e-05
0.63126236	0.000791966187909838	2.18056700759856e-05
0.562536	0.000794522138676314	2.18375702613573e-05
0.50118715	0.000795738978578394	2.41076992059864e-05
0.44642836	0.000797618516274711	2.47835095059263e-05
0.39821118	0.000798641651917617	2.60596265504948e-05
0.35475865	0.000800189024106991	2.72949383314432e-05
0.31619295	0.000801876909767883	2.76195766845683e-05
0.2819173	0.000804171566056711	2.91044316469551e-05
0.25117323	0.000806229312115105	3.00363171890347e-05
0.22391155	0.000806868548934584	2.98323345433731e-05
0.19957349	0.000808132185794925	3.2425570729839e-05
0.17779917	0.000810595130730849	3.34827835337633e-05
0.15846863	0.000812946333765534	3.44088639910637e-05
0.14123619	0.000813714271886689	3.69788016886444e-05
0.12590662	0.000818118723352459	3.90809761754831e-05
0.1122199	0.000820575291251578	4.02067257445931e-05
0.10002181	0.000823055017400904	4.50954703408144e-05
