10002.226	0.00119321915376308	-0.0094984609597977
8914.9326	0.00115365365762154	-0.00849906112375802
7943.9951	0.00111675634518752	-0.00760753944676777
7081.583	0.00108290102998711	-0.00681249321192721
6307.7358	0.00105066298785502	-0.00609603940144674
5622.5879	0.00101689953213976	-0.00545593708239881
5011.603	0.000991150100490767	-0.0048845457443351
4466.4292	0.000964548387164343	-0.00437316058062886
3981.2773	0.00094135716422877	-0.00391561378754662
3548.8679	0.000917231802116244	-0.00350831324082566
3163.0398	0.000901429435634817	-0.00314095971158919
2819.0986	0.000883658624690936	-0.00281111404753764
2512.4104	0.000866472953939805	-0.00251837083357137
2239.2869	0.000851734499025177	-0.00225826095000268
1995.6381	0.000839307595469216	-0.00202307323061745
1778.2897	0.000826281670029057	-0.00181140002856999
1584.4927	0.000812123356492672	-0.00162400925132396
1412.7418	0.000802883042959171	-0.00145478957660251
1258.7905	0.000793471614032475	-0.00130504520360381
1121.7966	0.000783132437835289	-0.00117072695842061
999.68164	0.000776359073702191	-0.00104854777482588
891.42474	0.000766694463683445	-0.000942734350749889
794.23932	0.000760022736702483	-0.00084472236688663
707.96161	0.000752315399421754	-0.00075785375487852
631.00977	0.000746618085835564	-0.000680530534737216
562.33929	0.000740236276410875	-0.000608544320856261
501.12231	0.00073326528752499	-0.000545460000911142
446.57214	0.000728757210791221	-0.000487985668694469
398.08899	0.000723117095536371	-0.000438693711811664
354.88681	0.000719113905614893	-0.000390341785163323
316.31589	0.000716407224554779	-0.000345381266763743
281.8942	0.000711983118518396	-0.000309402738356461
251.20601	0.00070754142375255	-0.000273206339977556
223.92496	0.000706422309299028	-0.000242004718762479
199.55338	0.000707977011213729	-0.000212271894099
177.78128	0.000707239893145632	-0.000185990208775728
158.52898	0.000703685998785028	-0.000162308457381843
141.21979	0.000706494130032185	-0.000141438456360286
125.92673	0.000704987836758577	-0.000122686713676634
112.19009	0.000708915829106222	-0.000106767011261079
99.968163	0.000710812875439729	-9.02192157671562e-05
89.115646	0.000712720676960472	-7.67493236773089e-05
79.415741	0.00071210634457353	-6.30041172787485e-05
70.793182	0.000716016204962607	-4.93654557512043e-05
63.082279	0.000718820791030341	-4.30524334919865e-05
56.241825	0.000722322631205374	-3.05346031452365e-05
50.112232	0.000724353423415048	-2.26938776008669e-05
44.671223	0.000727634840021184	-1.74165335317174e-05
39.808899	0.000730945301022542	-1.22278282562759e-05
35.488308	0.000734123537237406	-8.05887816863534e-06
31.629578	0.000738225819957261	-1.70215721224562e-06
28.187037	0.000738070193607351	1.47635635556227e-06
25.120602	0.000741170819433026	4.19172574231211e-06
22.385418	0.000746096397155659	6.58981442421453e-06
19.955338	0.000748428742696356	9.99163494329581e-06
17.775894	0.000753041281779748	9.52304474513684e-06
15.846864	0.000752575442895691	1.19183564002738e-05
14.127493	0.000754527811330633	1.32294459452867e-05
12.587309	0.000756717319251245	1.32776807475745e-05
11.216775	0.000760547778602276	1.35770394269705e-05
9.9968166	0.000759657693266375	1.34241424995287e-05
8.9082127	0.000763754889539156	1.45615609920238e-05
7.9395623	0.000765943650278771	1.62231536178583e-05
7.0765615	0.000766686398859025	1.83420380238153e-05
6.3105822	0.000770950349987584	1.70472883731533e-05
5.6245475	0.000769366272162787	1.51374242408493e-05
5.0112233	0.000772031937767268	1.90376570678379e-05
4.4642835	0.000774488620698956	1.59946839337583e-05
3.9819033	0.000773828482010696	1.8037343593043e-05
3.5479143	0.000776450800041524	1.77266636202255e-05
3.1629577	0.000776988698862405	1.71083182659192e-05
2.818361	0.000778034350693132	1.77549671590674e-05
2.5112481	0.000779497317676813	1.70501778086451e-05
2.2398233	0.000779037469887751	1.62117879020529e-05
1.9950197	0.000780780059013093	1.84807303266145e-05
1.7775893	0.00078182084831945	1.7320153196806e-05
1.5846864	0.000784905361858712	1.79919014957765e-05
1.4122353	0.000783179958710149	1.85448079409615e-05
1.2582541	0.000786052244640844	1.86988788494982e-05
1.1224822	0.0007864519225938	1.77383846770912e-05
1.0000616	0.000786872867024276	2.03630901402492e-05
0.89082122	0.000788173952408546	2.05623202361951e-05
0.79444051	0.000792077814465882	2.0634446568238e-05
0.70784986	0.000791312829955835	2.13435961468201e-05
0.63126236	0.000794594652546492	2.08501168049424e-05
0.562536	0.00079252525851094	2.25480152568175e-05
0.50118715	0.00079711869686645	2.07888174803788e-05
0.44642836	0.000797583739135632	2.3464904898041e-05
0.39821118	0.000800764183289443	2.51048598096211e-05
0.35475865	0.000800037204936069	2.47220078804137e-05
0.31619295	0.000800140967580762	2.64405101565551e-05
0.2819173	0.000805065830154546	2.83565427850372e-05
0.25117323	0.000804728520498418	2.7916809575655e-05
0.22391155	0.000808143298985933	3.06272516171686e-05
0.19957349	0.000808769314337457	3.24993666078604e-05
0.17779917	0.000810336442170722	3.2296687714495e-05
0.15846863	0.000813211537040725	3.58831307496372e-05
0.14123619	0.00081422876242057	3.64623364353073e-05
0.12590662	0.000817530479263071	3.91635940789266e-05
0.1122199	0.000819182862985975	3.91616354729518e-05
0.10002181	0.000821906320200439	4.16822483567077e-05
