10002.226	0.00116695564878008	-0.0096038328829024
8914.9326	0.00112718024152751	-0.00859895146392719
7943.9951	0.00108960434230096	-0.00769580568886835
7081.583	0.00105334467069126	-0.00689112665508404
6307.7358	0.0010229206914663	-0.00616428588654405
5622.5879	0.000990885317838763	-0.00551931369484556
5011.603	0.000960534537910834	-0.00494291208959985
4466.4292	0.000938160729674532	-0.00442546729026906
3981.2773	0.0009145207054925	-0.00396231735122785
3548.8679	0.00089149660940031	-0.00354765579166288
3163.0398	0.000874129841143039	-0.00317595630167429
2819.0986	0.000856245160218507	-0.00284529819586995
2512.4104	0.000840630068699308	-0.00255040784194807
2239.2869	0.000823337083371767	-0.00228569004842484
1995.6381	0.000811846185409104	-0.00204312495283902
1778.2897	0.000799877100263588	-0.00183250596104468
1584.4927	0.000785993501781913	-0.00164188804365343
1412.7418	0.000773228626914248	-0.00147175646482279
1258.7905	0.000764592148256662	-0.00132027191238256
1121.7966	0.000757078795343816	-0.00118608256363137
999.68164	0.000746401512731124	-0.00106035760014943
891.42474	0.000739202127864978	-0.000954762642562101
794.23932	0.00073227577521373	-0.000855304723650512
707.96161	0.000724512643365373	-0.000765260260295903
631.00977	0.000717386683907075	-0.000686640177402362
562.33929	0.000710609048129337	-0.000616033627220592
501.12231	0.000708964680346186	-0.000552721158798089
446.57214	0.000697387460150544	-0.000494080285983436
398.08899	0.00069556607209682	-0.000442871341074244
354.88681	0.000689886561971486	-0.000395957169937176
316.31589	0.000687833730302125	-0.000350795523899802
281.8942	0.000683944617622935	-0.000314524050194548
251.20601	0.000679991475230851	-0.000275644776450359
223.92496	0.000678031570750938	-0.000243937521053036
199.55338	0.000678069356839816	-0.00021666468603537
177.78128	0.000679460308021208	-0.000186610887546247
158.52898	0.000677610134956707	-0.000165454119726485
141.21979	0.000677364552655322	-0.000143213528487616
125.92673	0.000678171105814733	-0.000122534311014126
112.19009	0.000680675468223466	-0.000107370072908232
99.968163	0.000681070025028225	-9.05004996825236e-05
89.115646	0.000685650655460836	-7.74833592089993e-05
79.415741	0.00068740601664259	-6.56023642096019e-05
70.793182	0.000687793919396358	-5.09793547585929e-05
63.082279	0.00069084202870305	-4.1461166675803e-05
56.241825	0.000694499260260818	-3.24657570921508e-05
50.112232	0.000696247083133106	-2.32285164450813e-05
44.671223	0.000698689769011256	-1.88377669616616e-05
39.808899	0.000703609712233035	-1.29749248247391e-05
35.488308	0.000705007402603699	-5.93454674969637e-06
31.629578	0.00070942083226087	-2.03745875976136e-06
28.187037	0.000711297633553924	1.32320312597661e-06
25.120602	0.000714692860869328	4.49888906544381e-06
22.385418	0.000717428810848972	6.51929138914012e-06
19.955338	0.000721465725938943	8.83851825539707e-06
17.775894	0.00072216023697215	1.02704305922687e-05
15.846864	0.000725630977594026	1.18959837684039e-05
14.127493	0.000727720006473209	1.22833162051753e-05
12.587309	0.000729718613629795	1.41000909124148e-05
11.216775	0.000730624094563392	1.50028370510927e-05
9.9968166	0.000735660666411255	1.30928849292995e-05
8.9082127	0.000735164939498104	1.60508693323375e-05
7.9395623	0.000738658567931329	1.60852587132872e-05
7.0765615	0.000739209348535948	1.75876946744319e-05
6.3105822	0.000740588071149359	1.46636412548621e-05
5.6245475	0.000742297152497917	1.57295528498376e-05
5.0112233	0.000744470279742217	1.74298339064848e-05
4.4642835	0.000745863763847833	1.74159172335397e-05
3.9819033	0.000745861520860063	1.70637904035761e-05
3.5479143	0.000747401052460327	1.78978066896296e-05
3.1629577	0.00074840185979457	1.68801259239664e-05
2.818361	0.000749982524837609	1.7514174538407e-05
2.5112481	0.000751395080784046	1.64156925248563e-05
2.2398233	0.000751564415643152	1.57936871281643e-05
1.9950197	0.000753229458749216	1.8533898450588e-05
1.7775893	0.000753444925086983	1.67953694075405e-05
1.5846864	0.000755671415089451	1.78144500775082e-05
1.4122353	0.000756901473019714	1.82214837419092e-05
1.2582541	0.000757790303326726	1.88129888858152e-05
1.1224822	0.000757718980408198	1.90240823572435e-05
1.0000616	0.000760076986629825	1.93467440774138e-05
0.89082122	0.00076171255311799	2.00588517844446e-05
0.79444051	0.000763895489038479	2.13159575275043e-05
0.70784986	0.000765436327651684	2.08305846062281e-05
0.63126236	0.000765517126401145	2.15472472832642e-05
0.562536	0.000764684822225604	2.37629524261439e-05
0.50118715	0.00076825506579429	2.44350509395691e-05
0.44642836	0.000771006670390449	2.5390877546672e-05
0.39821118	0.000771004781577481	2.77452396883445e-05
0.35475865	0.000772675721500956	2.60217096744188e-05
0.31619295	0.000775191401978627	2.72093764179425e-05
0.2819173	0.000776823775718636	2.69787372073652e-05
0.25117323	0.000778331689282523	2.88855375193076e-05
0.22391155	0.000780798815495277	3.2858135750951e-05
0.19957349	0.00078277705264921	3.35746330111184e-05
0.17779917	0.000781243872616706	3.43293583370728e-05
0.15846863	0.000785969069368495	3.46151945553467e-05
0.14123619	0.000786948396529627	3.55304726176823e-05
0.12590662	0.000789065662145758	3.77441123133066e-05
0.1122199	0.000791817174566655	4.12362468008787e-05
0.10002181	0.000794002398338603	4.30110499357135e-05
