10002.226	0.00116730712421584	-0.0096043923556741
8914.9326	0.00112715085683246	-0.00859864761680571
7943.9951	0.00108849517707807	-0.00769655594917234
7081.583	0.00105531335583464	-0.00688897484719133
6307.7358	0.00102276485465318	-0.00616518828089259
5622.5879	0.000992989987436112	-0.00552090277164193
5011.603	0.000961749524557606	-0.00494170840019934
4466.4292	0.000939540694513893	-0.00442269565386475
3981.2773	0.000913341822482319	-0.00396266716155105
3548.8679	0.00089276187010886	-0.00354779132111961
3163.0398	0.000874542216326774	-0.0031781022159154
2819.0986	0.000855717996268145	-0.00284566097498563
2512.4104	0.000839542292307034	-0.00254870989161721
2239.2869	0.000824833289932503	-0.00228344682615617
1995.6381	0.00081016231234378	-0.00204681060897381
1778.2897	0.000798869939357201	-0.00183187242430373
1584.4927	0.000786038760509232	-0.00164247796653239
1412.7418	0.00077426530351705	-0.00147256596416268
1258.7905	0.000766486902129766	-0.00131978772930329
1121.7966	0.000755976415776363	-0.00118527055123719
999.68164	0.000749316825042809	-0.00106257712602005
891.42474	0.000739394920079354	-0.000953001942613495
794.23932	0.000733297558448771	-0.000857188173623793
707.96161	0.00072378478279372	-0.000765370483020337
631.00977	0.000718437558057574	-0.000687503858891204
562.33929	0.000710236796849668	-0.000615794663998636
501.12231	0.000706998653775725	-0.00055171208028786
446.57214	0.000700983620458906	-0.00049365400939601
398.08899	0.000695824131858215	-0.00044057838740661
354.88681	0.000692727121947939	-0.000394735171590356
316.31589	0.000688888106724042	-0.000350702932813075
281.8942	0.000683467580077029	-0.000313223769079375
251.20601	0.000680164174697656	-0.000274511525807871
223.92496	0.000680149588708352	-0.000246125050563217
199.55338	0.000678556372310183	-0.000215298703453523
177.78128	0.000677403011809987	-0.000190089766903797
158.52898	0.000680218906628334	-0.000163522838950513
141.21979	0.000677942666558	-0.000143883362389496
125.92673	0.000678491843699801	-0.000123324382378556
112.19009	0.000681862163934011	-0.000108276366830617
99.968163	0.000682103297103055	-8.98652151821606e-05
89.115646	0.000683674387889661	-7.59926973256247e-05
79.415741	0.000685060954870168	-6.40439118714049e-05
70.793182	0.000688213108491237	-5.42712278359081e-05
63.082279	0.00069030849478619	-4.11483605776186e-05
56.241825	0.000695022060134349	-3.34548117412341e-05
50.112232	0.000695918437780341	-2.33651742181082e-05
44.671223	0.00070014846789745	-1.89774626491851e-05
39.808899	0.000702995092031781	-1.26239121156862e-05
35.488308	0.00070558169898537	-7.46551029351278e-06
31.629578	0.000707202500016188	-3.14268512279004e-06
28.187037	0.00071267684545857	1.41758809461411e-06
25.120602	0.0007144318804159	2.80718339904253e-06
22.385418	0.000714722144249975	6.91950535152137e-06
19.955338	0.000719721163905471	7.91347813004367e-06
17.775894	0.000723687641803967	9.87600965824049e-06
15.846864	0.000727237085690656	9.75634995343055e-06
14.127493	0.000728607028444261	1.42921611000498e-05
12.587309	0.000730922236770002	1.4137258018829e-05
11.216775	0.000732312710490768	1.52849767907971e-05
9.9968166	0.000735228178421738	1.39446546901556e-05
8.9082127	0.000735480672020521	1.24264151485672e-05
7.9395623	0.000737173832416794	1.53661704563217e-05
7.0765615	0.000738446958730874	1.75957018405638e-05
6.3105822	0.000741891871901641	1.62156845935523e-05
5.6245475	0.000742273492261523	1.43857825075922e-05
5.0112233	0.000744659497622214	1.65874297867174e-05
4.4642835	0.000745424101099728	1.84552551149705e-05
3.9819033	0.000747387601513325	1.52990902282752e-05
3.5479143	0.000747158222450348	1.73055694205426e-05
3.1629577	0.000750835045961998	1.83389415320496e-05
2.818361	0.00074986620612136	1.69716436830946e-05
2.5112481	0.000750243976931449	1.62761352121719e-05
2.2398233	0.000750786544883827	1.62759946741118e-05
1.9950197	0.000754282422641676	1.60904162623621e-05
1.7775893	0.000754224924365979	1.77812731040102e-05
1.5846864	0.000757542326549302	1.74406210894085e-05
1.4122353	0.000755247297299345	1.94237814954981e-05
1.2582541	0.000757600029773572	1.82841552623697e-05
1.1224822	0.000759513563785292	1.93436939250091e-05
1.0000616	0.000759861402670582	2.16393593905821e-05
0.89082122	0.000761820472450202	1.93840324640975e-05
0.79444051	0.000762789944252751	2.11350544869589e-05
0.70784986	0.000764185552839938	2.14503077226719e-05
0.63126236	0.000765578573369382	2.27397648788066e-05
0.562536	0.000767425318182662	2.23711130867249e-05
0.50118715	0.000770666429892119	2.16325056671664e-05
0.44642836	0.000770275998106962	2.41213202007978e-05
0.39821118	0.000770173734490396	2.53911124119746e-05
0.35475865	0.000772118309244428	2.60683332903285e-05
0.31619295	0.000774773498326627	2.74062134660156e-05
0.2819173	0.000776157293624587	2.86431598901658e-05
0.25117323	0.000778899554554793	2.89950824436208e-05
0.22391155	0.00077943973867269	3.07209788976462e-05
0.19957349	0.000780706991234373	3.44952489011839e-05
0.17779917	0.000784722556347929	3.31407238305227e-05
0.15846863	0.000783805414178362	3.65616808888825e-05
0.14123619	0.000788525293601952	3.80531554732551e-05
0.12590662	0.000788633678117981	3.70199266072626e-05
0.1122199	0.000791937088891273	3.90393620744375e-05
0.10002181	0.000794155075822276	4.29165640836735e-05
