10002.226	0.00116731114349248	-0.00960397829031209
8914.9326	0.00112676437367488	-0.00859792107286537
7943.9951	0.00108753793052759	-0.0076973518371834
7081.583	0.00105355826261836	-0.00689203441741857
6307.7358	0.00102243172699135	-0.006163649032858
5622.5879	0.000990888024681777	-0.00552076620858908
5011.603	0.000962704082594	-0.00494280777790115
4466.4292	0.000937079176077187	-0.00442196191552631
3981.2773	0.000914458624114678	-0.00396221827480312
3548.8679	0.000891721906418753	-0.00354831940136817
3163.0398	0.000872865850706686	-0.00317723530643414
2819.0986	0.000854429521012671	-0.00284530205721142
2512.4104	0.000840434558475339	-0.00254730792530623
2239.2869	0.000825245619317642	-0.00228389653617556
1995.6381	0.000810200191361424	-0.00204419914621196
1778.2897	0.000798774494793871	-0.00183068116728054
1584.4927	0.000785740463346629	-0.00164150953641572
1412.7418	0.000772240607740557	-0.00147371295132435
1258.7905	0.000766599019172729	-0.00132030480800032
1121.7966	0.000759344920549757	-0.00118387772617162
999.68164	0.000745253982554845	-0.00106195681740378
891.42474	0.000739619978942627	-0.000952277785307042
794.23932	0.000733084601339225	-0.00085624556553864
707.96161	0.000723531242217055	-0.000765639778679109
631.00977	0.000717749649769444	-0.000687033327448851
562.33929	0.000711772282531351	-0.000616453485659727
501.12231	0.000707594622950785	-0.000551121454982764
446.57214	0.000700138896367351	-0.000492816667822917
398.08899	0.000695630218909825	-0.000441836105328227
354.88681	0.00069092724176232	-0.00039636127730533
316.31589	0.000689008243010107	-0.000349800310466062
281.8942	0.000684536895260994	-0.000311991610188055
251.20601	0.000682030039288726	-0.000277146742273503
223.92496	0.000680769543306068	-0.000245533092540997
199.55338	0.000679859033145945	-0.000214766125227091
177.78128	0.000678067589880533	-0.000188950431225611
158.52898	0.000679527282635749	-0.000162828956748759
141.21979	0.000677159520382317	-0.000145571240873754
125.92673	0.000677052530573564	-0.000124926139936495
112.19009	0.00067856846809042	-0.000107192742724575
99.968163	0.000682509167490163	-8.88407425144688e-05
89.115646	0.000683752272125359	-7.49916306874416e-05
79.415741	0.000686259096112459	-6.24374677580616e-05
70.793182	0.000686339995769936	-5.36000259677286e-05
63.082279	0.000688137164940699	-4.14103956451205e-05
56.241825	0.000695935881461982	-3.04711005791323e-05
50.112232	0.000696413070561848	-2.4228470856835e-05
44.671223	0.000698607784935294	-1.83709815138597e-05
39.808899	0.000703923479874565	-1.36591568574611e-05
35.488308	0.000706940128875637	-7.55889348875483e-06
31.629578	0.00070788276682589	-1.88511404772217e-06
28.187037	0.000712616513696831	2.3073029119892e-07
25.120602	0.000715501688832918	3.54237655147333e-06
22.385418	0.000717852343339189	8.63071152719593e-06
19.955338	0.000720819243291594	7.70760189602374e-06
17.775894	0.000722595548845647	1.14308039553501e-05
15.846864	0.00072446716850392	1.13661390270764e-05
14.127493	0.000727969174811868	1.39782975861555e-05
12.587309	0.000730154382481038	1.42765085703764e-05
11.216775	0.000731555488088589	1.36820885294946e-05
9.9968166	0.000734141489101603	1.40224581454573e-05
8.9082127	0.000735558898388452	1.48880065335717e-05
7.9395623	0.000738757100304575	1.54840407006055e-05
7.0765615	0.000739853430003184	1.85802671113036e-05
6.3105822	0.000742486983564783	1.60633748904211e-05
5.6245475	0.000741474816094575	1.57794549012436e-05
5.0112233	0.000744580656010742	1.61534077638375e-05
4.4642835	0.000744034743407983	1.47264577041405e-05
3.9819033	0.00074554060644085	1.64437584431958e-05
3.5479143	0.000746869171765107	1.7705665440844e-05
3.1629577	0.00074980429438019	1.74170613495334e-05
2.818361	0.000750338503393281	1.56896964928769e-05
2.5112481	0.000750580360159505	1.7925132732252e-05
2.2398233	0.000752864685249245	1.74422781717235e-05
1.9950197	0.00075253983971958	1.6834319553246e-05
1.7775893	0.000756059928061335	1.70399057597391e-05
1.5846864	0.000754849180470987	1.88542776083708e-05
1.4122353	0.000758662545904536	1.88334001781574e-05
1.2582541	0.000759310833584702	1.8582337229304e-05
1.1224822	0.000757632679187772	1.89508781992711e-05
1.0000616	0.000760671352688493	1.92686818285067e-05
0.89082122	0.00076181203214023	1.9241861246653e-05
0.79444051	0.000763879940455646	1.95898777196241e-05
0.70784986	0.0007641819874791	2.31499607160795e-05
0.63126236	0.000765658956698536	2.30568593956853e-05
0.562536	0.00076757827034746	2.33786976343246e-05
0.50118715	0.000768882947989505	2.26875653509897e-05
0.44642836	0.000771085395309696	2.39285637495738e-05
0.39821118	0.000771307224452094	2.59883573284892e-05
0.35475865	0.000773796293360888	2.59655419758695e-05
0.31619295	0.000775022395214327	2.76418048383385e-05
0.2819173	0.00077551503141534	2.69629278407553e-05
0.25117323	0.000778225781797776	3.01125559823743e-05
0.22391155	0.000779264216755432	3.00258206234069e-05
0.19957349	0.000780726236225636	3.1871563071211e-05
0.17779917	0.000781338364964622	3.25714299583429e-05
0.15846863	0.00078681978338079	3.61682319042586e-05
0.14123619	0.000787284707996118	3.67380746022549e-05
0.12590662	0.000789416770887339	3.88059865771673e-05
0.1122199	0.000790270192548189	4.18346827968202e-05
0.10002181	0.000794293096992489	4.36472875553102e-05
