10002.226	0.00117236980926143	-0.00953309209816817
8914.9326	0.0011328402495294	-0.00853459472620804
7943.9951	0.00109439304875928	-0.00763785301452245
7081.583	0.00105889005178227	-0.00683554794635119
6307.7358	0.00102902477963423	-0.00612039875055231
5622.5879	0.000998175735101317	-0.00547724487833236
5011.603	0.000967513880274095	-0.00490543919198647
4466.4292	0.000945129990864247	-0.00439125687275199
3981.2773	0.000920478845988801	-0.0039306907496155
3548.8679	0.000898766820991801	-0.00352037501185794
3163.0398	0.000878441618849327	-0.00315301099432927
2819.0986	0.000861212612021799	-0.00282260031765627
2512.4104	0.00084494375275517	-0.00253056625947257
2239.2869	0.000829991372264036	-0.00226571322472973
1995.6381	0.000817125599597296	-0.00202858489398585
1778.2897	0.000805572268578836	-0.00181790796089143
1584.4927	0.000792591948222417	-0.00162892860951083
1412.7418	0.000779319013752434	-0.00146016228719431
1258.7905	0.000770875901783749	-0.00131076947818112
1121.7966	0.000760482816122422	-0.00117618933219083
999.68164	0.0007539806245081	-0.00105222631709432
891.42474	0.000742769285764809	-0.000945976078623822
794.23932	0.000738244922518887	-0.000849368936822735
707.96161	0.000728693152066234	-0.000760345508402516
631.00977	0.00072364130138878	-0.000682582156486732
562.33929	0.000716673486965516	-0.000611318070911544
501.12231	0.00071230068362818	-0.000548366975203549
446.57214	0.000706434998469813	-0.000489531652031865
398.08899	0.000702329129344483	-0.00043828969566405
354.88681	0.000698843065137691	-0.000391445208518888
316.31589	0.000693577137027958	-0.000348225864175225
281.8942	0.000690618279671602	-0.000311550911814232
251.20601	0.00068746162698845	-0.000276632502686419
223.92496	0.0006874252157768	-0.000242726573641815
199.55338	0.000683912130758405	-0.000214466759343472
177.78128	0.000682728010247702	-0.000186706916688677
158.52898	0.000684387726013887	-0.000163649393537073
141.21979	0.000683035137573439	-0.000141995380005105
125.92673	0.000683749856331277	-0.000125572758172772
112.19009	0.000684725329537568	-0.000106472750697197
99.968163	0.000687124244110621	-8.90302648350377e-05
89.115646	0.000690211957680288	-7.67900086002551e-05
79.415741	0.000692352945517882	-6.43154686603693e-05
70.793182	0.000692998448705509	-5.1327327193601e-05
63.082279	0.000695916604357803	-4.02736233413528e-05
56.241825	0.000701928592744696	-3.2436571354869e-05
50.112232	0.000701120453478073	-2.29449980389616e-05
44.671223	0.000703377559270304	-1.67932560543307e-05
39.808899	0.000709200532626349	-1.23784424638513e-05
35.488308	0.00071339406619695	-7.10962950821167e-06
31.629578	0.000716468648470603	-1.95796966575034e-06
28.187037	0.000717725582433406	6.24631239755525e-07
25.120602	0.000720453577616704	1.84642150775022e-06
22.385418	0.000722776791010743	5.6229875000735e-06
19.955338	0.000725951512257592	7.12497723056977e-06
17.775894	0.000730583974204033	1.04204866242286e-05
15.846864	0.000732495478428944	1.13515871294918e-05
14.127493	0.000734294978138906	1.39703325588155e-05
12.587309	0.000736002360087999	1.30341922256121e-05
11.216775	0.000738019369064786	1.29644401992434e-05
9.9968166	0.000740626099769182	1.4448572872029e-05
8.9082127	0.000742251101145323	1.37245197229495e-05
7.9395623	0.000741776976846988	1.52110216889842e-05
7.0765615	0.000745780218988308	1.75931361980175e-05
6.3105822	0.000746853551866782	1.7176438004237e-05
5.6245475	0.000746150615966118	1.48835183306506e-05
5.0112233	0.000751365493098579	1.69693731503749e-05
4.4642835	0.000749445830140352	1.67155831935212e-05
3.9819033	0.000751704427508179	1.78741707468984e-05
3.5479143	0.000751547046194088	1.90292196433931e-05
3.1629577	0.000755575038690854	1.82386081944195e-05
2.818361	0.000756558851564733	1.85403225527251e-05
2.5112481	0.000756465253864559	1.55552756904103e-05
2.2398233	0.000757071215905238	1.68516652571068e-05
1.9950197	0.000758314993391983	1.63689965463269e-05
1.7775893	0.000760405378356443	1.80563813103228e-05
1.5846864	0.000761983402524014	1.76691520318047e-05
1.4122353	0.000763202839403203	1.87456317247625e-05
1.2582541	0.000762964486627419	1.71283472022325e-05
1.1224822	0.000764490137408692	1.96929609243783e-05
1.0000616	0.000766464267658524	2.00114068323316e-05
0.89082122	0.000765145372480385	2.24380880267466e-05
0.79444051	0.000767430869539659	1.91289760685776e-05
0.70784986	0.000769448047731187	2.09587442412851e-05
0.63126236	0.000773320700586955	2.18605131998848e-05
0.562536	0.000774446758908586	2.15236240479477e-05
0.50118715	0.000774515459454008	2.50269784281798e-05
0.44642836	0.000776314982085682	2.47714604976629e-05
0.39821118	0.00077730454257679	2.74621610242411e-05
0.35475865	0.000779598575429622	2.75694115824096e-05
0.31619295	0.000777803388450402	2.80953104506743e-05
0.2819173	0.000782727931072115	2.87675068093407e-05
0.25117323	0.000782638286625257	2.77663633432362e-05
0.22391155	0.00078713008665643	3.05828404988797e-05
0.19957349	0.000786990904687015	3.26765413469372e-05
0.17779917	0.000788521413994872	3.58671737613191e-05
0.15846863	0.000791593305327837	3.40842545648854e-05
0.14123619	0.000793561938791476	3.76655587979894e-05
0.12590662	0.000794606450393572	3.71968988946617e-05
0.1122199	0.000798702085314672	3.95927712329644e-05
0.10002181	0.000800529534415157	4.20826951097606e-05
