10002.226	0.00117329094441536	-0.00953389139917683
8914.9326	0.0011342183844796	-0.0085328343894302
7943.9951	0.00109420719431675	-0.00763702265230107
7081.583	0.00105824069524112	-0.0068373151403551
6307.7358	0.0010288285624205	-0.00611658724474434
5622.5879	0.000998023311707262	-0.00547744097292921
5011.603	0.000971916646980137	-0.00490508685278286
4466.4292	0.0009436570520913	-0.00439156928615322
3981.2773	0.000921693442287327	-0.00393367267954661
3548.8679	0.000897902024640065	-0.00352243539816821
3163.0398	0.000877810809137394	-0.00315347952717349
2819.0986	0.000860434819843532	-0.00282213023144956
2512.4104	0.000845267658285504	-0.00252795674827956
2239.2869	0.000829703010070901	-0.00226439419165366
1995.6381	0.000816068395014241	-0.00202865339033577
1778.2897	0.000805765625797214	-0.0018169395301082
1584.4927	0.000791401885130928	-0.00162922525623807
1412.7418	0.000777653010616493	-0.00146178955996922
1258.7905	0.000772428207478657	-0.00131067991058352
1121.7966	0.000760906712591254	-0.00117306888503521
999.68164	0.000752842837634133	-0.00105336635548248
891.42474	0.000744549331505926	-0.000944754197612772
794.23932	0.000738287027507828	-0.000848521365598244
707.96161	0.000729323726920237	-0.000759957035219484
631.00977	0.000723052482271505	-0.000684289238118976
562.33929	0.000715627242531124	-0.000610384898445341
501.12231	0.000712859162310693	-0.00054783479397668
446.57214	0.000706290265891431	-0.000490416513550471
398.08899	0.000701431476915615	-0.000438228328460721
354.88681	0.000696775243133562	-0.000391631171998256
316.31589	0.000694292855632477	-0.000346739612741114
281.8942	0.000692583956458293	-0.000311203683566798
251.20601	0.000685869237449216	-0.000276294202348211
223.92496	0.000684214341662968	-0.000242298758222493
199.55338	0.000683757700505771	-0.0002149029839929
177.78128	0.000683251090427968	-0.000187720338967615
158.52898	0.000683678429747111	-0.000164264930607187
141.21979	0.00068338961910892	-0.000141989282461787
125.92673	0.000682619916331631	-0.000123132120107536
112.19009	0.000687989671855979	-0.000108068845702687
99.968163	0.000687326008127013	-9.02770833077957e-05
89.115646	0.000689743310752689	-7.67345541505171e-05
79.415741	0.000690492760833923	-6.40123417389134e-05
70.793182	0.000693980440020511	-4.99213578264476e-05
63.082279	0.000697598069506479	-4.12240381000907e-05
56.241825	0.000700846383552044	-3.2588391470898e-05
50.112232	0.00070221625400224	-2.38092064811961e-05
44.671223	0.000705825739733614	-1.77267855722823e-05
39.808899	0.00070844111228283	-1.29717287928627e-05
35.488308	0.000710968312964599	-7.68731636453866e-06
31.629578	0.00071406704257925	-1.3185180251731e-06
28.187037	0.000719142140967857	2.20036408378707e-06
25.120602	0.000719951870868988	3.47252420691581e-06
22.385418	0.000724368228938921	7.08470640294051e-06
19.955338	0.000728077451622008	7.61974633848116e-06
17.775894	0.000730390937186898	1.11261064536762e-05
15.846864	0.000732055733980898	1.09038116091122e-05
14.127493	0.000734114649808831	1.23322306090901e-05
12.587309	0.00073631375521218	1.30234999991817e-05
11.216775	0.000738137638140333	1.35745869784845e-05
9.9968166	0.000741693212775164	1.34044896200023e-05
8.9082127	0.000742497194513665	1.52195357598819e-05
7.9395623	0.000743602961460687	1.54068050264886e-05
7.0765615	0.000746046738097896	1.84900581498816e-05
6.3105822	0.000748545072662067	1.70146007169858e-05
5.6245475	0.000750386088800322	1.57605102458864e-05
5.0112233	0.000747777418186608	1.65525474608495e-05
4.4642835	0.000751410501258427	1.61434478216574e-05
3.9819033	0.000751434707670921	1.7514056771655e-05
3.5479143	0.000753248194524197	1.61310820310309e-05
3.1629577	0.000755837404620569	2.04628151276327e-05
2.818361	0.000756377003945506	1.65636826172787e-05
2.5112481	0.000758002382695867	1.78872744214999e-05
2.2398233	0.000757918026432623	1.66926623580781e-05
1.9950197	0.000757879846449836	1.66879473178898e-05
1.7775893	0.000760025529912322	1.82444307926355e-05
1.5846864	0.00076226773307102	1.56023386549751e-05
1.4122353	0.000763825477668786	1.73990191673573e-05
1.2582541	0.000764786353274109	1.91314829721188e-05
1.1224822	0.000763937928367399	1.96959660254726e-05
1.0000616	0.000767807515905374	2.00753327938027e-05
0.89082122	0.000767687382514512	2.00228485167128e-05
0.79444051	0.000768448903063179	2.24831268075364e-05
0.70784986	0.000768476016496038	2.1678188290146e-05
0.63126236	0.000771511108002731	2.15478861394799e-05
0.562536	0.000772714925937267	2.28725823856933e-05
0.50118715	0.000773169666632736	2.3940715287546e-05
0.44642836	0.000778487708656431	2.42532455366118e-05
0.39821118	0.000779288424588565	2.7397423239542e-05
0.35475865	0.000778845206748981	2.65745577593321e-05
0.31619295	0.000778174125686008	2.89780409674105e-05
0.2819173	0.000781753491885292	2.86741845149991e-05
0.25117323	0.000781584675353404	2.98558727779592e-05
0.22391155	0.000787209457875141	3.17270511904847e-05
0.19957349	0.000785336027507968	3.23079051362651e-05
0.17779917	0.000787565474007955	3.32948508787971e-05
0.15846863	0.000789728395751389	3.60861621497449e-05
0.14123619	0.00079236559218392	3.62821428847415e-05
0.12590662	0.000795156722963684	3.90575764553145e-05
0.1122199	0.00079839203617688	4.21057649064562e-05
0.10002181	0.000798280785998235	4.3003882111705e-05
