10002.226	0.00117358163643055	-0.00953197286908255
8914.9326	0.00113370457994108	-0.00853024339598987
7943.9951	0.00109610907452314	-0.00763711519111865
7081.583	0.00106030364146916	-0.00683818394468699
6307.7358	0.00102670515944671	-0.00611783908584121
5622.5879	0.000997518217033776	-0.00547648958471572
5011.603	0.000967295335974991	-0.00490403868170308
4466.4292	0.000944268965456884	-0.0043904509260731
3981.2773	0.000919405661671575	-0.00393187766472216
3548.8679	0.000897783459256427	-0.00352110500306607
3163.0398	0.000878319855377984	-0.00315376793188418
2819.0986	0.000861292094356093	-0.00282275464423343
2512.4104	0.000845338674865941	-0.00252909987461303
2239.2869	0.00083059114231283	-0.00226580945901576
1995.6381	0.00081789802519675	-0.00202859670196572
1778.2897	0.000805039394275363	-0.0018196869342851
1584.4927	0.00079168736360224	-0.001629054770301
1412.7418	0.000779582080049795	-0.00146141022800979
1258.7905	0.000770375710696104	-0.00130952699462517
1121.7966	0.000761133143092376	-0.00117661907058113
999.68164	0.000752845296351858	-0.0010528879005662
891.42474	0.000746145795964637	-0.000945379631399037
794.23932	0.000738084156898761	-0.000849619203153832
707.96161	0.000730049359504798	-0.000762227659293754
631.00977	0.000723045617717828	-0.00068326589585391
562.33929	0.000718945753123015	-0.000610944737513623
501.12231	0.000712893550922165	-0.000547633619043101
446.57214	0.000706415906686981	-0.000489534763681931
398.08899	0.000701799465950839	-0.00043962948724216
354.88681	0.000696707610231874	-0.000391855670241762
316.31589	0.000694595838500343	-0.000347997062515367
281.8942	0.000690415376034318	-0.000308352523156121
251.20601	0.000687061798535983	-0.000273794884748995
223.92496	0.000685481780543633	-0.000241469848028069
199.55338	0.000685681292579845	-0.000213334849636066
177.78128	0.00068265547592562	-0.000187240181709627
158.52898	0.00068358594596479	-0.000163147209698865
141.21979	0.000683134036564944	-0.000141796824106554
125.92673	0.000683946725780276	-0.000122932382734688
112.19009	0.000686654351492461	-0.000107005080195245
99.968163	0.000689436590470134	-9.03935021530933e-05
89.115646	0.000689347751280752	-7.72206898560815e-05
79.415741	0.00069264452962656	-6.28159136922959e-05
70.793182	0.000695189549085969	-5.13200551324373e-05
63.082279	0.000695631625877071	-4.09072082789659e-05
56.241825	0.000699525607534422	-3.20392309652356e-05
50.112232	0.000703429330753252	-2.37135713626558e-05
44.671223	0.000704837763492566	-1.96781324020718e-05
39.808899	0.000709736383338307	-1.24132064100031e-05
35.488308	0.000712315460085651	-7.7333491091445e-06
31.629578	0.000713839475578477	-7.13608258181685e-07
28.187037	0.000716741560150853	1.21704447324679e-06
25.120602	0.000721590508386653	2.55411973776627e-06
22.385418	0.000722704161825881	7.11391481162833e-06
19.955338	0.000727333670360568	9.22542530011601e-06
17.775894	0.000728562299726215	1.32605745874949e-05
15.846864	0.00073248390684473	1.15067760394232e-05
14.127493	0.000735552587689618	1.44863617960906e-05
12.587309	0.000735623724667877	1.40159261739464e-05
11.216775	0.00073771358398406	1.41678599701584e-05
9.9968166	0.00074142612756066	1.22453960519003e-05
8.9082127	0.000741697567275308	1.68902788860389e-05
7.9395623	0.000742585548810782	1.67850046910051e-05
7.0765615	0.000746201610920876	1.75278461675237e-05
6.3105822	0.000747850096052832	1.80617263127818e-05
5.6245475	0.000749235042254315	1.47851641733774e-05
5.0112233	0.000751065750544509	1.67234613283902e-05
4.4642835	0.000752372695153578	1.83457744249756e-05
3.9819033	0.000752668411824229	1.74707116051261e-05
3.5479143	0.000755127179666633	1.84517282579281e-05
3.1629577	0.000755641689340271	1.81025464593826e-05
2.818361	0.000754935948585529	1.81546097430719e-05
2.5112481	0.000757594198357075	1.73912616217391e-05
2.2398233	0.00075961594827289	1.86021885940241e-05
1.9950197	0.00075959863709601	1.71042105319081e-05
1.7775893	0.000760198822239227	1.77180349252574e-05
1.5846864	0.000762245500666204	1.87433971752488e-05
1.4122353	0.000761254299497567	1.79517030694687e-05
1.2582541	0.000763923977413715	2.09058171878744e-05
1.1224822	0.000765802326280897	1.98598794060073e-05
1.0000616	0.000768261217117908	1.8728871850791e-05
0.89082122	0.000766483220424194	2.14431631668915e-05
0.79444051	0.000769009354958957	1.99147945333733e-05
0.70784986	0.00076994111292981	2.13482760387472e-05
0.63126236	0.000774587138831165	2.26202267242467e-05
0.562536	0.000772330377974638	2.40000022725939e-05
0.50118715	0.000774642239362639	2.21151840732451e-05
0.44642836	0.00077697258685648	2.32780541451891e-05
0.39821118	0.000777698776031616	2.44496811299993e-05
0.35475865	0.000779014851565624	2.84429864050598e-05
0.31619295	0.000782312391015479	2.87987348401989e-05
0.2819173	0.000783598773128652	2.92845605640097e-05
0.25117323	0.000783487004999944	2.86053183051382e-05
0.22391155	0.000786765252993543	3.16389572149953e-05
0.19957349	0.000786857833730254	3.06096914943979e-05
0.17779917	0.000789342899932747	3.2960543104182e-05
0.15846863	0.000791890455204982	3.35067271870436e-05
0.14123619	0.000794083039387797	3.68746759110928e-05
0.12590662	0.000794985682206689	3.79923089932039e-05
0.1122199	0.00079922696168824	3.92151920827285e-05
0.10002181	0.000801689111183661	4.30680350034404e-05
