10002.226	0.00117512297866634	-0.00953206764855402
8914.9326	0.00113194297266235	-0.00853409808325606
7943.9951	0.00109435157646359	-0.00763809739468397
7081.583	0.00106051090140039	-0.00683660291961643
6307.7358	0.00102788294154367	-0.00611680950082906
5622.5879	0.000998497237699738	-0.00548001240871281
5011.603	0.000968341488512739	-0.00490376706903514
4466.4292	0.000945586701019996	-0.00438954877218811
3981.2773	0.000919851192952056	-0.00393026103300765
3548.8679	0.000896584817664387	-0.00351966701210092
3163.0398	0.000878971340449396	-0.00315218723602528
2819.0986	0.000863042761712371	-0.00282189694096206
2512.4104	0.00084511834053476	-0.00253033555496378
2239.2869	0.000829594625984196	-0.002266946258999
1995.6381	0.000818139999929105	-0.00202893386692966
1778.2897	0.000805465751723065	-0.00181679146399557
1584.4927	0.000791226055608547	-0.00163022665599131
1412.7418	0.000781006858841592	-0.00146265019013535
1258.7905	0.000772085958289551	-0.00131197313598315
1121.7966	0.000763735778186202	-0.00117583178355534
999.68164	0.000754104584216122	-0.00105600204247954
891.42474	0.000745207634634615	-0.000948031184870274
794.23932	0.000738903817780201	-0.000847678055296642
707.96161	0.000731026872753311	-0.000760060382571313
631.00977	0.000723778735909675	-0.000684418829220948
562.33929	0.000717893731560508	-0.000610657754065781
501.12231	0.000713898580142779	-0.000547619075947306
446.57214	0.000706512938443241	-0.000489095404272156
398.08899	0.00070160412163043	-0.00043911972748977
354.88681	0.000697456880023631	-0.000393604271534129
316.31589	0.000692512826972269	-0.00034488631098996
281.8942	0.000692275822299986	-0.00030920528243663
251.20601	0.000686776136123664	-0.000274774293151819
223.92496	0.000684527886489616	-0.000243310218433537
199.55338	0.000684060978049394	-0.00021425229308025
177.78128	0.000681962083110175	-0.000187642351907618
158.52898	0.000683675301906189	-0.000163309150631536
141.21979	0.000684072620056768	-0.000142928811541662
125.92673	0.000684954560823929	-0.000124297132518679
112.19009	0.000686961990012286	-0.000107978893906159
99.968163	0.000686702807355084	-9.07981113667785e-05
89.115646	0.000690488892449619	-7.47675958245234e-05
79.415741	0.000692928146479327	-6.15203157707533e-05
70.793182	0.000694191752483514	-5.06397120450138e-05
63.082279	0.000696022834237401	-4.21065887751339e-05
56.241825	0.00070247648529173	-3.1878520815575e-05
50.112232	0.0007010697196502	-2.08781707834985e-05
44.671223	0.00070450297203704	-1.79752342049297e-05
39.808899	0.000710155120718765	-1.34176983203077e-05
35.488308	0.000712301713815225	-7.62960916531169e-06
31.629578	0.000714149757616381	-1.25174143401586e-06
28.187037	0.000717948126602883	2.33806539496452e-07
25.120602	0.000720887054486931	2.75388253688911e-06
22.385418	0.000723599329158749	6.27507421413049e-06
19.955338	0.000725364480359581	7.13359386378982e-06
17.775894	0.000731279293667108	9.53056311510556e-06
15.846864	0.000732325329894274	1.20903967808681e-05
14.127493	0.000735341623577833	1.44488508602054e-05
12.587309	0.000735627174144619	1.31791203793095e-05
11.216775	0.000737450472414619	1.1398123390638e-05
9.9968166	0.000741477016633158	1.39497098561433e-05
8.9082127	0.000740978092975686	1.59310010641223e-05
7.9395623	0.000742017972327234	1.41253969517841e-05
7.0765615	0.000744823135513423	1.65821239795409e-05
6.3105822	0.000748628378917023	1.69753742357561e-05
5.6245475	0.000747470219919416	1.51409197045489e-05
5.0112233	0.000750956436382436	1.83401372878979e-05
4.4642835	0.000752802557738846	1.53405017842526e-05
3.9819033	0.000752246344277057	1.73048823824546e-05
3.5479143	0.000753733362034181	1.74545541375223e-05
3.1629577	0.000755896332526298	1.75053450628037e-05
2.818361	0.000756018913624382	1.78583482059915e-05
2.5112481	0.000756397593164825	1.64304278770408e-05
2.2398233	0.000758374515385197	1.69623374091516e-05
1.9950197	0.000757066313543515	1.66629925895927e-05
1.7775893	0.00076214231336208	1.7377738384494e-05
1.5846864	0.000761436749470165	1.70539265155115e-05
1.4122353	0.000762659159983933	1.90542514776667e-05
1.2582541	0.000764046109768551	2.00547230416598e-05
1.1224822	0.000764314886779241	1.80600439751418e-05
1.0000616	0.000766108248210255	2.1291045343295e-05
0.89082122	0.000767033500990916	1.89849836147167e-05
0.79444051	0.000768702262708229	1.93286543645851e-05
0.70784986	0.000770343593267873	2.12534484274344e-05
0.63126236	0.000770516945765116	2.23535153041096e-05
0.562536	0.000774690310101201	2.23233335666856e-05
0.50118715	0.000774428546433704	2.26903942514272e-05
0.44642836	0.000775609780144455	2.53364356630763e-05
0.39821118	0.000777816412065528	2.62169795377895e-05
0.35475865	0.000778776259182176	2.54839705517158e-05
0.31619295	0.000781247023857405	2.81464704584142e-05
0.2819173	0.000783504600038013	2.72856575422205e-05
0.25117323	0.000784154458042782	2.78628650920632e-05
0.22391155	0.000787490342659328	3.1623227226742e-05
0.19957349	0.000787699406460938	3.21692361128057e-05
0.17779917	0.000789193935231936	3.41276256375333e-05
0.15846863	0.000791512062413269	3.49898825822807e-05
0.14123619	0.000793569735836564	3.78360374910763e-05
0.12590662	0.000796396714473834	3.9070687140579e-05
0.1122199	0.00079874923086132	3.91614402692924e-05
0.10002181	0.000800009816289697	4.31363801068213e-05
