10002.226	0.00117354244978326	-0.00953200933646874
8914.9326	0.0011311029442045	-0.008533078150436
7943.9951	0.00109532239641809	-0.00763744201891015
7081.583	0.00106029430780245	-0.0068376696656871
6307.7358	0.00102851396307999	-0.00611820912415138
5622.5879	0.000996827176641151	-0.00547835918880202
5011.603	0.00096652208302731	-0.00490580229816296
4466.4292	0.000944237051619764	-0.00439096674984866
3981.2773	0.00091800054023674	-0.0039319732473183
3548.8679	0.00089767949138775	-0.00352302669105539
3163.0398	0.000877574855397535	-0.00315395051929797
2819.0986	0.000862347306315636	-0.00282182936065698
2512.4104	0.000844547289701417	-0.0025279915871099
2239.2869	0.0008318199352597	-0.00226754880109867
1995.6381	0.000818097337070207	-0.0020288196795412
1778.2897	0.00080557680879564	-0.00181811462257399
1584.4927	0.00079324586120239	-0.00162852148073246
1412.7418	0.000780521974999012	-0.00146130814173453
1258.7905	0.000772883770615516	-0.00131128024942664
1121.7966	0.000760010009450564	-0.00117719702437858
999.68164	0.000754488156521797	-0.00105102687928841
891.42474	0.00074519088614811	-0.000946054854893183
794.23932	0.000737679862447385	-0.000848078395328674
707.96161	0.000730069971741828	-0.000760407167915341
631.00977	0.000723142996289121	-0.000683156158496269
562.33929	0.000719686020782923	-0.000613907179851309
501.12231	0.000712012363759634	-0.000549242363451441
446.57214	0.000707740933825271	-0.000489184401655465
398.08899	0.000701977127452891	-0.00043752195965392
354.88681	0.000696509174829424	-0.000392249195117985
316.31589	0.000694795624114872	-0.000348098059951491
281.8942	0.000690433424251043	-0.000310001644581436
251.20601	0.000688260306506846	-0.000274535871037941
223.92496	0.000685482773876185	-0.000243026196742788
199.55338	0.000685348453902541	-0.00021583815107852
177.78128	0.000683864125440422	-0.000186275522624165
158.52898	0.000683968583858626	-0.000163570438951311
141.21979	0.000682553850211531	-0.000144419152801104
125.92673	0.000683307719989245	-0.000123042612050515
112.19009	0.000685581747706073	-0.000105927177288725
99.968163	0.000686394977694579	-8.93064959336766e-05
89.115646	0.000690228747780043	-7.57799729090885e-05
79.415741	0.000692183882134555	-6.29519153962647e-05
70.793182	0.00069415620252082	-4.9992137386181e-05
63.082279	0.000696774128718448	-4.16414401836009e-05
56.241825	0.000701435495199698	-3.18463065407954e-05
50.112232	0.000700889268789876	-2.24776812850449e-05
44.671223	0.000704734854168209	-1.63345758087042e-05
39.808899	0.000709634509309148	-1.34023072188966e-05
35.488308	0.000711464658929754	-8.5955987734979e-06
31.629578	0.000714747989776656	-3.091675009536e-06
28.187037	0.000717561630658707	-6.91677424844875e-07
25.120602	0.000720796761372699	4.05532835167496e-06
22.385418	0.000724033215630526	6.93544119358425e-06
19.955338	0.000726853702040713	8.13690516684344e-06
17.775894	0.000731492517761814	1.13057454162512e-05
15.846864	0.000733147499992697	1.18660736324074e-05
14.127493	0.000734343424622467	1.42687189547977e-05
12.587309	0.000734721953566415	1.04476883908339e-05
11.216775	0.000738228958731731	1.41412492226677e-05
9.9968166	0.000742275377739156	1.2549156825027e-05
8.9082127	0.000741162659774761	1.61776620057462e-05
7.9395623	0.000741456015138587	1.67654028650951e-05
7.0765615	0.000748149437342309	1.74400165669229e-05
6.3105822	0.00074796616660083	1.62551292010522e-05
5.6245475	0.000748551596237727	1.50219675848347e-05
5.0112233	0.00075084816568427	1.80097157897418e-05
4.4642835	0.000751601602486184	1.53095964532362e-05
3.9819033	0.000751937970715844	1.76507966153871e-05
3.5479143	0.000753515831500451	1.59391563724438e-05
3.1629577	0.000755048748281032	1.8767706738787e-05
2.818361	0.00075714661010196	1.54553518126128e-05
2.5112481	0.00075682234871285	1.66254552428266e-05
2.2398233	0.000756678080245239	1.79609935112794e-05
1.9950197	0.000759213372495169	1.66115237353309e-05
1.7775893	0.000760551038290425	1.7265261072175e-05
1.5846864	0.000763958478631531	1.85701314876055e-05
1.4122353	0.000762765825980667	1.69977463301921e-05
1.2582541	0.000762358686323676	1.92953658401364e-05
1.1224822	0.000763000422665128	1.9748288848721e-05
1.0000616	0.000767834748389265	2.09152699311146e-05
0.89082122	0.000767034829601863	1.92330827181072e-05
0.79444051	0.000768415529045069	2.21436847550494e-05
0.70784986	0.000770898721518273	2.20350134358513e-05
0.63126236	0.000772823663788602	2.16578327725754e-05
0.562536	0.00077408832070198	2.35452260133556e-05
0.50118715	0.000773472683627246	2.27839278456235e-05
0.44642836	0.00077333192480425	2.46713181078715e-05
0.39821118	0.000778921012078107	2.47070081054704e-05
0.35475865	0.000776995305383863	2.6376746698086e-05
0.31619295	0.000779461083497062	2.7893195210002e-05
0.2819173	0.000781641932941946	3.01624813846843e-05
0.25117323	0.000784619261559625	2.92803148714003e-05
0.22391155	0.000785534798252286	3.05849278559442e-05
0.19957349	0.000787873071312609	3.15927023860412e-05
0.17779917	0.000791237891063707	3.36342195652958e-05
0.15846863	0.000790895145350256	3.47865765277183e-05
0.14123619	0.000793253832421228	3.75288266181779e-05
0.12590662	0.000795248269916889	3.91893102724463e-05
0.1122199	0.000799925034932576	4.01539378328383e-05
0.10002181	0.000800048734721666	4.46006734970589e-05
