10002.226	0.00117483800121841	-0.00953257400715313
8914.9326	0.00113247719198338	-0.00853348770611098
7943.9951	0.00109474785836255	-0.00763799518541957
7081.583	0.0010620148059666	-0.00683949397700211
6307.7358	0.00102905002530014	-0.0061186692121348
5622.5879	0.000999620631920484	-0.00547605994256144
5011.603	0.000969965312827238	-0.00490560655862038
4466.4292	0.000943318551037741	-0.00439061518101963
3981.2773	0.000920461464303	-0.00392950074579852
3548.8679	0.00089808352360711	-0.0035191550392024
3163.0398	0.00087939117658173	-0.00315385728205895
2819.0986	0.000861763666135213	-0.00282253808317937
2512.4104	0.000842963846744489	-0.00253026325143937
2239.2869	0.000830924139483686	-0.00226693013181229
1995.6381	0.000816890497584381	-0.00202998055886035
1778.2897	0.000803782162719234	-0.00181845632225389
1584.4927	0.00079331719627017	-0.00162976943688137
1412.7418	0.000782543578241624	-0.00146172273335607
1258.7905	0.000771890660463557	-0.00130977849590053
1121.7966	0.000761811799911522	-0.0011758814652747
999.68164	0.000754080349739949	-0.00105191159712158
891.42474	0.000746132788789359	-0.000944812708841445
794.23932	0.00073830965552072	-0.000850387940174887
707.96161	0.000729051982161543	-0.000759246622281937
631.00977	0.000723580312596556	-0.000682923545759594
562.33929	0.000716331570541884	-0.000610127248009665
501.12231	0.000711423845328964	-0.000548168051882103
446.57214	0.000705772756293953	-0.000489086624408676
398.08899	0.000700288722599105	-0.000438687410687676
354.88681	0.000696078926331518	-0.000391207985735364
316.31589	0.000695378797770048	-0.00034728434328803
281.8942	0.000689642009607501	-0.000311158723464663
251.20601	0.000688015650627407	-0.00027407769397985
223.92496	0.000685581204601785	-0.000242590656893071
199.55338	0.000685985370386727	-0.000214612342076992
177.78128	0.000685494965696607	-0.000187021824269305
158.52898	0.00068536381417923	-0.000163159662987041
141.21979	0.000684184424682673	-0.000143861892331846
125.92673	0.000683033918967287	-0.000122592096857947
112.19009	0.000686498721329824	-0.000105083399347815
99.968163	0.000687555988093156	-8.87289910637921e-05
89.115646	0.000688694356413253	-7.66411601111519e-05
79.415741	0.000693491123699971	-6.28982952843688e-05
70.793182	0.00069404004427942	-5.08089033208165e-05
63.082279	0.000697174559617022	-4.15194542712003e-05
56.241825	0.000704271595235351	-3.34051204686459e-05
50.112232	0.000700190075934488	-2.40932037569129e-05
44.671223	0.000706432044729931	-1.88178208836227e-05
39.808899	0.000706885882278594	-1.43757810335982e-05
35.488308	0.000712986908242952	-6.26013305364e-06
31.629578	0.000716328590816154	-5.12969116220856e-07
28.187037	0.000716760951280868	9.58433318582257e-07
25.120602	0.00072068060464008	3.99557892513518e-06
22.385418	0.000722338680954222	5.95427595523616e-06
19.955338	0.000728971801879064	6.47036699771268e-06
17.775894	0.000729193201783854	1.19364892133728e-05
15.846864	0.00073272250952708	1.04116530937287e-05
14.127493	0.000736061735138867	1.17724381644913e-05
12.587309	0.000735284522019376	1.32828555802941e-05
11.216775	0.0007387068900309	1.66566338807044e-05
9.9968166	0.000743700556718262	1.35902998920417e-05
8.9082127	0.000741113738446162	1.54179495069384e-05
7.9395623	0.000743286432941637	1.81820054811858e-05
7.0765615	0.000745941751516831	1.62481980307966e-05
6.3105822	0.000748683670835152	1.83665899690144e-05
5.6245475	0.000748645735935413	1.64280468372756e-05
5.0112233	0.000748570265902945	1.67700016099021e-05
4.4642835	0.000752909185046717	1.8313085696559e-05
3.9819033	0.000751658790348729	1.77633114376748e-05
3.5479143	0.000753869090889549	1.73522225658187e-05
3.1629577	0.000755674808882083	1.68133651410833e-05
2.818361	0.000756308672435548	1.59052609612978e-05
2.5112481	0.000757607209047247	1.55656974010808e-05
2.2398233	0.000756644535306426	1.72584038168598e-05
1.9950197	0.000759076100332396	1.72853498694668e-05
1.7775893	0.000759546423979124	1.81443514803347e-05
1.5846864	0.000759875914783206	1.84591743032145e-05
1.4122353	0.000763196506820011	1.76794868734451e-05
1.2582541	0.000762451649569408	1.97123023271737e-05
1.1224822	0.00076520165892793	1.80923041037495e-05
1.0000616	0.000765793072814722	1.82333924728918e-05
0.89082122	0.000767019766605969	2.09867991497302e-05
0.79444051	0.000769592551598502	2.09639757860141e-05
0.70784986	0.000769545072368758	2.10434861893212e-05
0.63126236	0.000771755003072186	2.03935642947889e-05
0.562536	0.000772901513196482	2.17407600180879e-05
0.50118715	0.000772751167222166	2.17917387349782e-05
0.44642836	0.000775734765396164	2.55104442394784e-05
0.39821118	0.000778473025767923	2.64469261165781e-05
0.35475865	0.000779346313800078	2.6530025341564e-05
0.31619295	0.000780932509550562	2.89848476810659e-05
0.2819173	0.000781794748761599	2.81945828398271e-05
0.25117323	0.000783436670517353	2.88673845615431e-05
0.22391155	0.000786845803581335	2.84983121573499e-05
0.19957349	0.000788645598045255	3.19643098356037e-05
0.17779917	0.000788592569171063	3.36508506865104e-05
0.15846863	0.000792734606728339	3.49636546595923e-05
0.14123619	0.000793143729512026	3.78658388348862e-05
0.12590662	0.000796945198794135	3.80062795610826e-05
0.1122199	0.000796267105897186	4.01586569781689e-05
0.10002181	0.000801417478922214	4.31725414861205e-05
