10002.226	0.00117348013871725	-0.00953225371474217
8914.9326	0.00113093883672269	-0.00853268943132932
7943.9951	0.00109453848685316	-0.00763826587373392
7081.583	0.0010604712525982	-0.00683876601318656
6307.7358	0.00103002910548995	-0.00611946388614648
5622.5879	0.0009957854503742	-0.00547747245357032
5011.603	0.00096774194878807	-0.00490472851262012
4466.4292	0.000943400092169315	-0.00439060938420015
3981.2773	0.000921226158206644	-0.0039309154526943
3548.8679	0.000897190986319924	-0.00351971473123602
3163.0398	0.000877747547279853	-0.00315337547608682
2819.0986	0.000861867377655006	-0.00282353044901307
2512.4104	0.00084528232366163	-0.00252865297693409
2239.2869	0.000829907083563139	-0.00226548027050193
1995.6381	0.000816894218703352	-0.00203094950418138
1778.2897	0.000804109242213675	-0.00181922582867545
1584.4927	0.000792260629282425	-0.00162727848392126
1412.7418	0.000780519113731535	-0.00146166890186541
1258.7905	0.000773698468332342	-0.00131011019985755
1121.7966	0.000761043791442573	-0.00117759580648509
999.68164	0.000754316865849602	-0.00105285923748386
891.42474	0.00074502156696833	-0.000947173528321576
794.23932	0.000737420665290069	-0.000849224136607042
707.96161	0.000729836131835834	-0.00075889820562126
631.00977	0.000723779857451763	-0.000682848197813635
562.33929	0.00071778302418201	-0.00060970078656183
501.12231	0.000712637634351906	-0.000549024098830778
446.57214	0.000706096271752835	-0.000487689752598489
398.08899	0.000700540548243956	-0.000438491390072977
354.88681	0.000696093237213019	-0.000390827997711345
316.31589	0.000695835190983383	-0.000349108985556058
281.8942	0.000690646998783325	-0.000310081881151133
251.20601	0.00068465811395357	-0.000275404983975111
223.92496	0.000685555325087213	-0.000244103795530743
199.55338	0.000684780672198527	-0.000215235623769798
177.78128	0.000685354169727735	-0.000186910747462989
158.52898	0.000683672458519522	-0.000162805636717726
141.21979	0.000682424809012957	-0.00014110247004878
125.92673	0.000682679886396042	-0.000122300323439629
112.19009	0.00068588737930205	-0.00010669837985914
99.968163	0.000686832541652026	-8.91090975555747e-05
89.115646	0.000690501659271469	-7.4670863962929e-05
79.415741	0.000691989671753795	-6.30701240605783e-05
70.793182	0.000695448930505282	-5.0880427441999e-05
63.082279	0.000696304246007931	-4.0152872691629e-05
56.241825	0.000703168573300296	-3.04857117349322e-05
50.112232	0.00070275380038022	-2.24084813440008e-05
44.671223	0.000704898943719762	-1.8571487854297e-05
39.808899	0.000708748213581266	-1.13872101851662e-05
35.488308	0.000712442967475029	-7.65257351164685e-06
31.629578	0.000713022248395792	-1.60657340213139e-06
28.187037	0.000718430467471875	2.38229195105387e-06
25.120602	0.000722299874700435	2.23176934129574e-06
22.385418	0.000722945622617099	7.655557599759e-06
19.955338	0.000727008690019471	1.12573988347082e-05
17.775894	0.000728914697529679	1.2525041190457e-05
15.846864	0.000730517480865671	1.15133370472029e-05
14.127493	0.000734780211984982	1.24992931314367e-05
12.587309	0.000737597343751674	1.23967914070084e-05
11.216775	0.000736739035290314	1.35975694255194e-05
9.9968166	0.000739268648977456	1.22117849725459e-05
8.9082127	0.000741789471339703	1.48974287508489e-05
7.9395623	0.000741871246975514	1.6566309100835e-05
7.0765615	0.000745788235611225	1.76343488065314e-05
6.3105822	0.000747417256188564	1.62449949407951e-05
5.6245475	0.000750010680298072	1.47138444861814e-05
5.0112233	0.00075042548932789	1.74291346379406e-05
4.4642835	0.000753276692369863	1.55914223006545e-05
3.9819033	0.000752551004215233	1.7991377440697e-05
3.5479143	0.000752689235458811	1.63807689840357e-05
3.1629577	0.000753945118934317	1.87605362417891e-05
2.818361	0.000755759144552273	1.74976991114506e-05
2.5112481	0.000756837438861297	1.86562378496381e-05
2.2398233	0.000758067517190053	1.71088861665236e-05
1.9950197	0.000758398046142914	1.58359071487766e-05
1.7775893	0.000761493834715561	1.92777004686832e-05
1.5846864	0.000759943697230558	1.62417573666108e-05
1.4122353	0.000761931899750427	1.65211328532679e-05
1.2582541	0.000761896079968931	1.95929098988027e-05
1.1224822	0.000764439344858597	1.86452478896683e-05
1.0000616	0.0007654040145456	2.06057138296756e-05
0.89082122	0.000767395718961051	2.03872244369968e-05
0.79444051	0.000771158612387756	2.12852706526765e-05
0.70784986	0.000770707502808103	2.11146300349889e-05
0.63126236	0.000773456128207619	2.31346367518946e-05
0.562536	0.000775077691685168	2.27843944246799e-05
0.50118715	0.000773899371459059	2.51544138519591e-05
0.44642836	0.000777630002912799	2.47535425141285e-05
0.39821118	0.000777465190877651	2.48447319511865e-05
0.35475865	0.000781014193099576	2.62994589038635e-05
0.31619295	0.000779106880562673	2.86154284885448e-05
0.2819173	0.000782518619688131	2.92857016249679e-05
0.25117323	0.000783287647723164	2.9839530276586e-05
0.22391155	0.000785451449079633	3.07640673449805e-05
0.19957349	0.000787764903557249	3.25175191042107e-05
0.17779917	0.000789701136083728	3.5272952814891e-05
0.15846863	0.000791939494279651	3.39653004443996e-05
0.14123619	0.000792624751245403	3.53759476486134e-05
0.12590662	0.000796591268363917	3.89991546757767e-05
0.1122199	0.000799219446478857	3.88701649751347e-05
0.10002181	0.000800639915034933	4.29962748460368e-05
