10002.226	0.00117286613410729	-0.00953243104303889
8914.9326	0.00113178598315389	-0.00853192014377178
7943.9951	0.00109467670038834	-0.00763656007127999
7081.583	0.00105965546011948	-0.00683864391441814
6307.7358	0.00102890289979216	-0.00611754334693573
5622.5879	0.000997234952687984	-0.00547835382174625
5011.603	0.000967421462138278	-0.00490482108847149
4466.4292	0.000943882311176523	-0.00438959456960887
3981.2773	0.000920031651490064	-0.00393215569718364
3548.8679	0.000897387091915045	-0.00352317692012043
3163.0398	0.00088037668303897	-0.003154213397385
2819.0986	0.000861810488845807	-0.00282539044742642
2512.4104	0.000846115436602028	-0.00252776315436347
2239.2869	0.000828873567420981	-0.00226729418196548
1995.6381	0.000816077492112751	-0.00202856155715065
1778.2897	0.000806094842451998	-0.00181847237694819
1584.4927	0.00079284385227816	-0.00162761146475539
1412.7418	0.000781136183217431	-0.00146246177097249
1258.7905	0.00077151116392176	-0.00131205245141308
1121.7966	0.000761270139546492	-0.00117798067221964
999.68164	0.000753312374861498	-0.00105454938308786
891.42474	0.000744295159517438	-0.00094468519651524
794.23932	0.000736442440612291	-0.000849215749409741
707.96161	0.000730039658229693	-0.000760414858796672
631.00977	0.00072334219967529	-0.000683162861941757
562.33929	0.000718291930363135	-0.000611197877545385
501.12231	0.000712826500748508	-0.000548356956992979
446.57214	0.000707882613275167	-0.000488830178099696
398.08899	0.00070213945387026	-0.000438296905565564
354.88681	0.000696492934430473	-0.000391990185243899
316.31589	0.000693758907441467	-0.000347893755955481
281.8942	0.000691066298301693	-0.000309433799410587
251.20601	0.00068639730504362	-0.000274303547813663
223.92496	0.000685425911935904	-0.000243529692010944
199.55338	0.000684472327236595	-0.000215211306116243
177.78128	0.000683281983847612	-0.000187114448405647
158.52898	0.000682803294472863	-0.000165693702791509
141.21979	0.000683065484640564	-0.000143597525542379
125.92673	0.000684303083170734	-0.000122250786914783
112.19009	0.000684874754237524	-0.000106437614854872
99.968163	0.000687308070379431	-9.02464373503368e-05
89.115646	0.000688906464142563	-7.73813874317329e-05
79.415741	0.000691298925847731	-6.49168319840784e-05
70.793182	0.000694411555294575	-5.13616129853962e-05
63.082279	0.000696938601756745	-3.95968080472237e-05
56.241825	0.000701367810616557	-3.02365485492776e-05
50.112232	0.000702391479319479	-2.3542162626208e-05
44.671223	0.000705237336123057	-1.81908696131895e-05
39.808899	0.000709514374856213	-1.35738153869401e-05
35.488308	0.000712475765722515	-6.98335702047521e-06
31.629578	0.000714465821652359	-6.63725294457985e-07
28.187037	0.000718303119675745	-6.47992278869262e-08
25.120602	0.000721335214210088	5.22925359919617e-06
22.385418	0.00072294357215636	5.93376808970676e-06
19.955338	0.000726793451346339	8.81885828823306e-06
17.775894	0.000728763843861139	1.04338827294023e-05
15.846864	0.000731775862786452	1.11234888794218e-05
14.127493	0.000736039549996267	1.25134168070067e-05
12.587309	0.000736462635415289	1.34096406806354e-05
11.216775	0.000739161906287166	1.42920709087868e-05
9.9968166	0.000739635371726643	1.42124131508319e-05
8.9082127	0.000740246994854664	1.51609336733835e-05
7.9395623	0.000741414338109398	1.5430722993128e-05
7.0765615	0.00074512340150789	1.69861507815014e-05
6.3105822	0.000746842285775611	1.69986379508788e-05
5.6245475	0.000747375457044521	1.74312239616857e-05
5.0112233	0.000749724924779936	1.61680374695188e-05
4.4642835	0.00075143494145733	1.75281092981488e-05
3.9819033	0.000751886260096463	1.64763270991553e-05
3.5479143	0.000753437078299551	1.87031342362742e-05
3.1629577	0.00075565107553702	1.85255505623563e-05
2.818361	0.00075692796164542	1.94969575232015e-05
2.5112481	0.000756685473368427	1.68025952364938e-05
2.2398233	0.000758445451663915	1.80711502987102e-05
1.9950197	0.000759099455689799	1.89967217313699e-05
1.7775893	0.000760126835195778	1.63014391310375e-05
1.5846864	0.000762148255116409	2.10699184583339e-05
1.4122353	0.000761913295715498	1.89326657418379e-05
1.2582541	0.000764119675637589	1.95050200240761e-05
1.1224822	0.000763900557574344	1.89469353977559e-05
1.0000616	0.000766641621469689	2.03765135516484e-05
0.89082122	0.000768767151335955	1.938689141427e-05
0.79444051	0.000768427138352957	2.20309474129131e-05
0.70784986	0.000769968020809648	2.13817387488761e-05
0.63126236	0.000771740330498295	2.06068851150645e-05
0.562536	0.000772337825351044	2.37619228557997e-05
0.50118715	0.000774083356705889	2.1872731422392e-05
0.44642836	0.000776259861105841	2.34613727935646e-05
0.39821118	0.000778650950048112	2.46769424493084e-05
0.35475865	0.000778553430025726	2.5052589079111e-05
0.31619295	0.000779914711322419	2.6548674665689e-05
0.2819173	0.000782896270155623	2.89609126013775e-05
0.25117323	0.000784249180410597	3.17854211790207e-05
0.22391155	0.000786864005699687	2.93151720296056e-05
0.19957349	0.000787026784937387	3.31142283021521e-05
0.17779917	0.000789368721553752	3.12609282847625e-05
0.15846863	0.000791685561478692	3.54994881703017e-05
0.14123619	0.000793630512203493	3.60266125616553e-05
0.12590662	0.000793509764481257	3.92992041548644e-05
0.1122199	0.00079803613585612	4.15241615649373e-05
0.10002181	0.000799712265651379	4.23840710451185e-05
