10002.226	0.00117363560485169	-0.00953104507053065
8914.9326	0.0011332671678475	-0.0085324025801175
7943.9951	0.00109279001826061	-0.00763647883617433
7081.583	0.00106005112802936	-0.00683650205245455
6307.7358	0.00102850828318638	-0.00611851748193907
5622.5879	0.000997100179438197	-0.00547782977096337
5011.603	0.000967185628261793	-0.00490548624204751
4466.4292	0.000942935860644873	-0.00439114494754902
3981.2773	0.000920764748552945	-0.00393248358431623
3548.8679	0.000899183250197554	-0.00351932977615039
3163.0398	0.000879729694988387	-0.00315302733214485
2819.0986	0.000861648750627872	-0.00282239960829747
2512.4104	0.000844690385719747	-0.00252908824223113
2239.2869	0.000829474933200198	-0.00226530997004898
1995.6381	0.0008156641070809	-0.00203014117826187
1778.2897	0.000804526393088205	-0.00182062382353002
1584.4927	0.00079180590918858	-0.00163024709021448
1412.7418	0.000778794726575975	-0.00145962624416197
1258.7905	0.00077366637611523	-0.0013086929069079
1121.7966	0.000761823294371885	-0.00117633224304766
999.68164	0.000753224710658802	-0.00105384523337104
891.42474	0.000742924984018309	-0.000947220884271497
794.23932	0.000738046295845847	-0.000850552756598561
707.96161	0.000731125023147764	-0.000761295148781968
631.00977	0.000724782005962366	-0.000682566183016387
562.33929	0.0007180500822438	-0.000612519714764845
501.12231	0.000711991784843489	-0.0005484351176299
446.57214	0.000706954597134637	-0.000490499530620328
398.08899	0.000699936275575829	-0.000438619746098762
354.88681	0.000696738126355555	-0.000390631907839694
316.31589	0.000695529621324008	-0.000346406659791026
281.8942	0.000690556568596587	-0.000309945509775817
251.20601	0.000687237044132152	-0.00027451162822893
223.92496	0.000685725841980018	-0.00024409768069205
199.55338	0.000686438896653072	-0.000213835488003691
177.78128	0.000682676888784414	-0.00018616402773784
158.52898	0.000683327740976159	-0.000164482184564264
141.21979	0.000684216492830905	-0.000143506948495285
125.92673	0.000683988573550848	-0.000123018627134033
112.19009	0.000686805626565476	-0.00010625218186657
99.968163	0.000687743375525739	-8.98401921287717e-05
89.115646	0.000688987720521102	-7.39185540222026e-05
79.415741	0.000690411223280801	-6.43984302138783e-05
70.793182	0.000692936076981766	-5.14567378431281e-05
63.082279	0.00069664845890414	-4.15401080941926e-05
56.241825	0.000702936272903648	-3.23144353693574e-05
50.112232	0.000703129065095188	-2.17406161034155e-05
44.671223	0.000704920591267252	-1.61732825977795e-05
39.808899	0.000706347347651202	-1.06475803854381e-05
35.488308	0.00071301054077115	-9.29539555787868e-06
31.629578	0.000713369289703287	-1.74380309570497e-06
28.187037	0.000717273295123451	8.21302901432399e-07
25.120602	0.000721489974433824	5.63445162905591e-06
22.385418	0.000724872688903566	5.42277224344942e-06
19.955338	0.000727241729656929	7.40130029316407e-06
17.775894	0.000729733516573785	1.26452013641828e-05
15.846864	0.000733361362847513	1.09494073348699e-05
14.127493	0.000735074438298573	1.33502891973277e-05
12.587309	0.000735633450139211	1.29771134911641e-05
11.216775	0.000738993133037269	1.51491843252242e-05
9.9968166	0.000740971401344427	1.45097532398728e-05
8.9082127	0.000741735328493188	1.29251195642465e-05
7.9395623	0.000741577620448076	1.67921058973594e-05
7.0765615	0.000746513208116498	1.69267136850762e-05
6.3105822	0.00074713033696291	1.61614859519647e-05
5.6245475	0.000748991257978525	1.65548188315156e-05
5.0112233	0.000749400118366166	1.68893807544859e-05
4.4642835	0.000752716792105564	1.58839910340013e-05
3.9819033	0.000753558751068437	1.77520294867397e-05
3.5479143	0.000752676743880092	1.65288632430903e-05
3.1629577	0.000756358267252819	1.77166094089743e-05
2.818361	0.000757748357061483	1.72556611875731e-05
2.5112481	0.000755588546528347	1.60320689595625e-05
2.2398233	0.000758107749976259	1.76421463192309e-05
1.9950197	0.000759071768919279	1.85387763650051e-05
1.7775893	0.000759522518957743	1.65243353572194e-05
1.5846864	0.000761232260858847	1.74951916418876e-05
1.4122353	0.000759650273716447	1.85589458223808e-05
1.2582541	0.000763913699183375	2.1082356731024e-05
1.1224822	0.000765505373260719	1.89261124324784e-05
1.0000616	0.000765871933616386	2.11763275611889e-05
0.89082122	0.000768939246251138	1.99854860181943e-05
0.79444051	0.000769427629265238	2.17660277824894e-05
0.70784986	0.000769363475438747	2.05223141244213e-05
0.63126236	0.000772027729107641	2.09787115742914e-05
0.562536	0.000775516483060488	2.33800549260641e-05
0.50118715	0.000772726475385581	2.17601357795278e-05
0.44642836	0.000776462724140103	2.32985218048336e-05
0.39821118	0.000776383499470626	2.51415137973047e-05
0.35475865	0.000778698191050233	2.44696705179454e-05
0.31619295	0.000779075741803882	2.76989552232746e-05
0.2819173	0.000780989946641989	2.91814759827971e-05
0.25117323	0.00078236174941462	3.04522572276026e-05
0.22391155	0.000787095820778889	3.31143347934575e-05
0.19957349	0.000787673078093545	3.19232313525472e-05
0.17779917	0.00078992376853244	3.43705287672357e-05
0.15846863	0.000792353567087469	3.59953589867896e-05
0.14123619	0.000792855916918632	3.69772573222898e-05
0.12590662	0.000796404857435175	3.77057638582911e-05
0.1122199	0.000798001121388447	3.86346733290246e-05
0.10002181	0.000800158809868669	4.1549686785905e-05
