10002.226	0.00117259232918973	-0.0095306274715168
8914.9326	0.00113321685157555	-0.00853387470933368
7943.9951	0.00109304596407121	-0.00763708459857375
7081.583	0.00106207022164348	-0.00683875751658421
6307.7358	0.00102844136736878	-0.00611749243934707
5622.5879	0.000996671728276233	-0.00547637324187428
5011.603	0.000967238494583035	-0.00490490444578046
4466.4292	0.000944631587546233	-0.00439165585733875
3981.2773	0.000920283842555798	-0.00393012603372735
3548.8679	0.00089772118615512	-0.00352124399361497
3163.0398	0.000879946207646481	-0.00315130640189613
2819.0986	0.000862069719422614	-0.00282129035837808
2512.4104	0.000845715470740504	-0.00253042017801017
2239.2869	0.000829514896938569	-0.00226673085808135
1995.6381	0.000816749142327398	-0.00203021444402294
1778.2897	0.000804462494173764	-0.00181885343350471
1584.4927	0.000791288705185179	-0.00162809555725988
1412.7418	0.000782086873953557	-0.00146232800465226
1258.7905	0.000772087980110217	-0.00131206213899474
1121.7966	0.000764480597908579	-0.0011758419685187
999.68164	0.000752242219335677	-0.0010514967837285
891.42474	0.000744856146940937	-0.000945529460705092
794.23932	0.000737226420895753	-0.00084896502420765
707.96161	0.00072982262379223	-0.000760533941225864
631.00977	0.000722494958829666	-0.000683953818329936
562.33929	0.00071672952648998	-0.000611108404620328
501.12231	0.000712278829035212	-0.000549016713154956
446.57214	0.000705219702321947	-0.000490030286354246
398.08899	0.000701649600475201	-0.000438041775289222
354.88681	0.000698871721204596	-0.000393212840718216
316.31589	0.000694243094180457	-0.000347222527420802
281.8942	0.000689508036246511	-0.0003107492611796
251.20601	0.000686685286366146	-0.000274814572261519
223.92496	0.000686185317331882	-0.000242577672395969
199.55338	0.000684928949094939	-0.00021671014357607
177.78128	0.000683233937442374	-0.000185930042016614
158.52898	0.000682089323245567	-0.000161517771954648
141.21979	0.000681569393290737	-0.00014313935651449
125.92673	0.000685712362996305	-0.000122075846969825
112.19009	0.000686741989958957	-0.000108606180609515
99.968163	0.000687573904105031	-9.17464376449771e-05
89.115646	0.00068847944694563	-7.45176081693354e-05
79.415741	0.000693005620254445	-6.27342181732656e-05
70.793182	0.000695037595448422	-5.12383400804855e-05
63.082279	0.000695204998959092	-4.09497608732775e-05
56.241825	0.000701354381565896	-3.15746899965523e-05
50.112232	0.000701736875693336	-2.2349166593985e-05
44.671223	0.00070522891311876	-1.67020156332756e-05
39.808899	0.000707982934366796	-1.24134569787835e-05
35.488308	0.00071404842737314	-7.28171312783665e-06
31.629578	0.0007166482034629	-2.16524165190344e-06
28.187037	0.000718505347633504	5.98581657348031e-07
25.120602	0.000722215429884748	4.08425148475431e-06
22.385418	0.000724120495024897	7.78644777406853e-06
19.955338	0.000726727426841593	8.3823817202886e-06
17.775894	0.000731219926922211	1.18351966454648e-05
15.846864	0.000731572410833152	1.12864320483292e-05
14.127493	0.000733433480655334	1.35511406731046e-05
12.587309	0.000736372147252846	1.32304770812219e-05
11.216775	0.000737743174186557	1.45985947647704e-05
9.9968166	0.000741462222749252	1.19998856762813e-05
8.9082127	0.000742467826262723	1.61513011848075e-05
7.9395623	0.000743223698712314	1.56403216683084e-05
7.0765615	0.00074396728629634	1.79579818948851e-05
6.3105822	0.000746535126237563	1.66184420004249e-05
5.6245475	0.000747796172062293	1.49376062774048e-05
5.0112233	0.00075026439081969	1.92097905661594e-05
4.4642835	0.000750993408858155	1.80947297067383e-05
3.9819033	0.000753305432980087	1.65910845260615e-05
3.5479143	0.000753627050797723	1.74383575683426e-05
3.1629577	0.00075465656272625	1.89397018775788e-05
2.818361	0.000756069474849417	1.68832079311737e-05
2.5112481	0.000757632203053267	1.52454479595302e-05
2.2398233	0.000758881573516382	1.68895624179047e-05
1.9950197	0.000759321440242215	1.71793772693814e-05
1.7775893	0.000762224091302525	1.66954172867057e-05
1.5846864	0.000760854738134666	1.88132288436598e-05
1.4122353	0.000761796275118781	1.92394811542993e-05
1.2582541	0.000764303887484189	1.77147547456674e-05
1.1224822	0.000764239362318679	1.87030498911157e-05
1.0000616	0.000765463630630235	1.82100470832527e-05
0.89082122	0.000767682359875051	1.88607758419008e-05
0.79444051	0.000768849868808328	2.10988837489759e-05
0.70784986	0.000770088011582231	2.26576473673126e-05
0.63126236	0.000771444926016998	2.2880478680183e-05
0.562536	0.000773386031678854	2.21781860894238e-05
0.50118715	0.000772208634884359	2.30688667855388e-05
0.44642836	0.000775439031619831	2.43267932947902e-05
0.39821118	0.00077806645647014	2.54902394920561e-05
0.35475865	0.000777560978973577	2.68574193569643e-05
0.31619295	0.00077890589025598	2.86237457095408e-05
0.2819173	0.000782732679798586	2.8582052355448e-05
0.25117323	0.000783886726617493	2.86120018696634e-05
0.22391155	0.000786561966826451	2.85285042924002e-05
0.19957349	0.000788002056671223	3.23579404390183e-05
0.17779917	0.000788697747109124	3.24493379845997e-05
0.15846863	0.000790161828779373	3.44826891313958e-05
0.14123619	0.000793949202443625	3.70028179267154e-05
0.12590662	0.000794247798067986	3.74788905061819e-05
0.1122199	0.000797247543587068	4.07472501228152e-05
0.10002181	0.000800491122282874	4.32593162739062e-05
