10002.226	0.0011728074624382	-0.0095341592574941
8914.9326	0.00113338704990541	-0.00853306957228752
7943.9951	0.00109586163063207	-0.00763789344581955
7081.583	0.00106107271283855	-0.00683793222295755
6307.7358	0.00102995825327066	-0.00611756487866868
5622.5879	0.000998124655139949	-0.00547751812082246
5011.603	0.000968855494906228	-0.00490394939738941
4466.4292	0.000943507392819928	-0.00438916974673269
3981.2773	0.000919948680759548	-0.00392979970756325
3548.8679	0.000896865739949028	-0.00352037582306124
3163.0398	0.000878802395948306	-0.00315322231399582
2819.0986	0.000860553962086422	-0.00282293746930378
2512.4104	0.000844252968659765	-0.00252804289307579
2239.2869	0.000831257405125781	-0.00226563330933157
1995.6381	0.000819394998220571	-0.0020313210065836
1778.2897	0.000805073290401876	-0.00181852533933238
1584.4927	0.000791308447769762	-0.00163050655479433
1412.7418	0.000779550519922715	-0.00145943105547514
1258.7905	0.000771608342640636	-0.00131103908182387
1121.7966	0.000761872401846866	-0.00117763859486664
999.68164	0.000755043420231753	-0.00105170377578087
891.42474	0.000745638306881693	-0.000946130155809749
794.23932	0.00073796507077264	-0.000849596603389766
707.96161	0.000728245225413829	-0.000759728206712394
631.00977	0.00072393636650937	-0.000684510198992358
562.33929	0.000719458075626035	-0.000611377964944027
501.12231	0.000710237782265886	-0.0005474423886826
446.57214	0.000706798369031357	-0.0004902226680566
398.08899	0.000701543167574883	-0.00043861164767252
354.88681	0.000696287349083789	-0.000390102831082259
316.31589	0.000695295679915345	-0.000347204852727325
281.8942	0.000689330549501648	-0.000307974146746002
251.20601	0.000686725530830445	-0.00027304017678654
223.92496	0.000684986053245027	-0.000243649938862828
199.55338	0.000684801835767501	-0.000216496868038273
177.78128	0.000682006619580095	-0.000187338120346894
158.52898	0.000684573271147284	-0.000162316482109118
141.21979	0.000683461693636626	-0.0001432899178737
125.92673	0.000685105853195389	-0.0001214763992382
112.19009	0.000688342660758405	-0.000106801028168182
99.968163	0.000686952583070844	-8.79655406657635e-05
89.115646	0.000689727398627489	-7.65148817587093e-05
79.415741	0.000691881189257433	-6.29899679974208e-05
70.793182	0.000694938861637345	-5.01548968760589e-05
63.082279	0.000695530646020565	-3.94108819568958e-05
56.241825	0.000700470049914887	-3.21804810204114e-05
50.112232	0.000703992969351641	-2.44375088967814e-05
44.671223	0.000706449728968998	-1.76815629305565e-05
39.808899	0.000707448093067711	-1.34159561165196e-05
35.488308	0.000712647820252444	-6.15865260850375e-06
31.629578	0.000714657318820683	-1.87797951417446e-06
28.187037	0.000716037688818578	-3.66500233876119e-08
25.120602	0.000721015891126743	5.09643531032912e-06
22.385418	0.000724225735624087	7.71522571666103e-06
19.955338	0.000724946434597003	8.80371013601032e-06
17.775894	0.000730334640923328	1.2709970444487e-05
15.846864	0.000733007400541396	1.16575395050938e-05
14.127493	0.000734273747238519	1.35203346278705e-05
12.587309	0.000735739342554765	1.31283702570305e-05
11.216775	0.000738662456922325	1.27917103052056e-05
9.9968166	0.000739147705366486	1.47515345839482e-05
8.9082127	0.000741460053336381	1.29613010239038e-05
7.9395623	0.000742945932166734	1.61905078520864e-05
7.0765615	0.000744896155481039	1.57164429584962e-05
6.3105822	0.000746928450644191	1.71390042553722e-05
5.6245475	0.000748459076656443	1.69270603883676e-05
5.0112233	0.000751070900979859	1.82469352024916e-05
4.4642835	0.000753079700569023	1.49185931756806e-05
3.9819033	0.000752919864821264	1.61581455861493e-05
3.5479143	0.000754226714606191	1.54780141236082e-05
3.1629577	0.000752931213113603	1.77389625152969e-05
2.818361	0.000756903168315086	1.68891039357696e-05
2.5112481	0.000757351312057963	1.61367232051873e-05
2.2398233	0.000757247734556899	1.81256420866907e-05
1.9950197	0.000758538814864475	1.52015111508707e-05
1.7775893	0.000760378191600823	1.69463271763411e-05
1.5846864	0.000761498965000696	1.85503734488603e-05
1.4122353	0.000762583472750549	1.68009773461329e-05
1.2582541	0.000763891913015093	1.7748009887436e-05
1.1224822	0.000764764695648818	2.01305321631939e-05
1.0000616	0.000766593011063468	1.87697222465744e-05
0.89082122	0.000769731230800927	1.94933929581391e-05
0.79444051	0.000770818491782416	2.23008197241086e-05
0.70784986	0.000770113749778503	1.96025809580881e-05
0.63126236	0.000771393547835743	2.45001577708643e-05
0.562536	0.000773130128903696	2.28248981230298e-05
0.50118715	0.000773906469103512	2.56965222857702e-05
0.44642836	0.000777584436576695	2.61339465899276e-05
0.39821118	0.000779264305173891	2.53743523573107e-05
0.35475865	0.000778133353740263	2.66367608551929e-05
0.31619295	0.000781321196160724	2.67693639594406e-05
0.2819173	0.000783323578116942	2.83414140935143e-05
0.25117323	0.000782275849568433	2.80140049719397e-05
0.22391155	0.000787050516616017	3.09224915480817e-05
0.19957349	0.000787851871068242	3.22937334107724e-05
0.17779917	0.000788350990868927	3.37095250528583e-05
0.15846863	0.000791746407208647	3.50413646576467e-05
0.14123619	0.000793821826584504	3.91819807653659e-05
0.12590662	0.000796822141822285	3.86229098963069e-05
0.1122199	0.000800076651008765	4.00042211547706e-05
0.10002181	0.000801088537420058	4.04050000726867e-05
