10002.226	0.00117872061308684	-0.00954520544984782
8914.9326	0.0011368131588052	-0.00854413221124673
7943.9951	0.00110134397765501	-0.00764922038602851
7081.583	0.00106518148230576	-0.00684819455090661
6307.7358	0.00103358017289084	-0.00612764034096588
5622.5879	0.00100133063384737	-0.00548554034700242
5011.603	0.000972646056374334	-0.00491274220888701
4466.4292	0.0009493579069028	-0.00439663220982966
3981.2773	0.000923213347448671	-0.00393618783303171
3548.8679	0.000902823641733456	-0.00352500605074667
3163.0398	0.000883340731175965	-0.00315849948432079
2819.0986	0.000867983047422303	-0.00282664094640609
2512.4104	0.000848922475145881	-0.00253286835185338
2239.2869	0.000834743637136495	-0.00226940551661047
1995.6381	0.000820683735749489	-0.00203149508577231
1778.2897	0.000809253754856128	-0.00182077812749694
1584.4927	0.000797664987100756	-0.00163079868426409
1412.7418	0.000783261982369699	-0.00146296403307179
1258.7905	0.000777857898744745	-0.00131218342285638
1121.7966	0.000768396513024022	-0.00117815933338096
999.68164	0.00075766181370702	-0.00105539353466008
891.42474	0.000750529791213233	-0.000946955812680255
794.23932	0.000742753724623691	-0.000849157427820329
707.96161	0.000736010494036615	-0.000760892779207381
631.00977	0.00072841071246835	-0.000683925374191697
562.33929	0.000722304802360367	-0.000612688597541361
501.12231	0.000716305438480772	-0.000548092292261069
446.57214	0.000711488944176007	-0.000491655936766752
398.08899	0.000706729981367033	-0.000439642444382982
354.88681	0.000701998348479434	-0.000390396077983
316.31589	0.000697242988185869	-0.000347583747786613
281.8942	0.000695984793617093	-0.000311337070900996
251.20601	0.000691002966820177	-0.000275236538859685
223.92496	0.00068994120094334	-0.00024276196958317
199.55338	0.000690056582542075	-0.000213436995661854
177.78128	0.000689356197576191	-0.000186603540941222
158.52898	0.000688366336516382	-0.000163939034466705
141.21979	0.000687928125654065	-0.000143707502911431
125.92673	0.000688300495553044	-0.000123564438930192
112.19009	0.000692127246355185	-0.000107778071835756
99.968163	0.000691935850612194	-8.95154091229867e-05
89.115646	0.000692403055124019	-7.75973845466462e-05
79.415741	0.000694628765488254	-6.18907623292806e-05
70.793182	0.000697556415468606	-5.07152443339437e-05
63.082279	0.000701513843007689	-4.13944433100755e-05
56.241825	0.000704964043121328	-3.03834556187591e-05
50.112232	0.000708400918724375	-2.22132749503277e-05
44.671223	0.000709616303818458	-1.78388913775131e-05
39.808899	0.00071210251638661	-1.33722059875451e-05
35.488308	0.000717269288311884	-8.12730649616287e-06
31.629578	0.000721983758898761	-2.29529140281342e-06
28.187037	0.000721874106182481	4.57038796996117e-08
25.120602	0.00072723021621997	5.99073194568291e-06
22.385418	0.000726957530089802	6.99279491168214e-06
19.955338	0.000731752776525927	8.35300794724375e-06
17.775894	0.000733567058263949	1.17846807606205e-05
15.846864	0.000737341004910388	1.0822219493937e-05
14.127493	0.000738857350943695	1.33574579599341e-05
12.587309	0.000740058720721312	1.34338083473441e-05
11.216775	0.000742110192137198	1.25653276737985e-05
9.9968166	0.000744701661434141	1.43536596491069e-05
8.9082127	0.000746333336396921	1.63102155264204e-05
7.9395623	0.000747901863856791	1.59964554660672e-05
7.0765615	0.000750649198994041	1.77987402405713e-05
6.3105822	0.000751434338996736	1.77804061385448e-05
5.6245475	0.000753263894786019	1.52986712138215e-05
5.0112233	0.000755694020396342	1.70097897624382e-05
4.4642835	0.000756303056405134	1.68021155750037e-05
3.9819033	0.000757484820793625	1.66548303021171e-05
3.5479143	0.00075706982604537	1.63456132058494e-05
3.1629577	0.000760723188172434	1.76369553720758e-05
2.818361	0.000762449218219248	1.78581510686232e-05
2.5112481	0.000763185170397995	1.67390873122617e-05
2.2398233	0.000762343417555371	1.69185166989159e-05
1.9950197	0.000764582677392499	1.7092680130757e-05
1.7775893	0.000764160413565571	1.63807337013338e-05
1.5846864	0.000765531310449489	1.72900561914195e-05
1.4122353	0.000767175740225571	1.84986072504913e-05
1.2582541	0.000768425478865512	1.89110823076306e-05
1.1224822	0.00077006236528269	2.08093366750057e-05
1.0000616	0.000771888376751434	2.06643567993014e-05
0.89082122	0.000773227866425774	2.16256615695913e-05
0.79444051	0.000773284714866858	2.19112394074409e-05
0.70784986	0.00077508748233827	2.27554818395142e-05
0.63126236	0.000776147919363526	2.34914517876633e-05
0.562536	0.000778555029881897	2.34386742803548e-05
0.50118715	0.000779060021849418	2.29061579467238e-05
0.44642836	0.000779703916108055	2.38555411220863e-05
0.39821118	0.000782227774818217	2.46595187908551e-05
0.35475865	0.000784205063805583	2.4515582436592e-05
0.31619295	0.000787342327978613	2.80095069151028e-05
0.2819173	0.000785439948543817	2.88964681734421e-05
0.25117323	0.000789330424380376	2.89679712446412e-05
0.22391155	0.000790060011463209	3.14085509516066e-05
0.19957349	0.000793238150114052	3.05920512835191e-05
0.17779917	0.000792578591966734	3.28226839617225e-05
0.15846863	0.000795433674223178	3.47719926427015e-05
0.14123619	0.000798769479551305	3.546134162087e-05
0.12590662	0.000801674350206866	3.83976566427283e-05
0.1122199	0.000803368555993631	4.05558448234397e-05
0.10002181	0.000805571602062132	4.21208710741963e-05
