10002.226	0.00117836080663373	-0.0095456256072555
8914.9326	0.0011377676389119	-0.00854475366783831
7943.9951	0.00109929088815738	-0.00764889900447186
7081.583	0.0010657290043259	-0.00684729258567544
6307.7358	0.00103558372732438	-0.00612597936530543
5622.5879	0.00100262089209966	-0.00548615240007714
5011.603	0.000971683259395042	-0.0049119115631922
4466.4292	0.000949359984648426	-0.00439788969252199
3981.2773	0.000923489629853783	-0.0039363970924702
3548.8679	0.000901382312877492	-0.00352542127883478
3163.0398	0.00088380088919476	-0.00315609422555616
2819.0986	0.000866358892367436	-0.00282660642714622
2512.4104	0.000850351164701437	-0.00253109702338576
2239.2869	0.000837538304402912	-0.00226997940036828
1995.6381	0.000820527720603728	-0.00203081186674057
1778.2897	0.000809374622237358	-0.00182128574653568
1584.4927	0.000796435352602333	-0.00163148164935369
1412.7418	0.000784089698391867	-0.00146449290262432
1258.7905	0.000776773316468447	-0.0013109564502189
1121.7966	0.000767445944574892	-0.00117556443938814
999.68164	0.000757324693384245	-0.001053305625511
891.42474	0.000749852945824724	-0.000947811363701551
794.23932	0.000743395380759793	-0.000849597795565289
707.96161	0.000734235473691852	-0.000760764320320005
631.00977	0.000728675328183353	-0.000682941741769091
562.33929	0.000722839036557946	-0.000611075673891029
501.12231	0.000716632115603461	-0.000547719946794588
446.57214	0.000709829228625136	-0.000490777071367163
398.08899	0.000703860876876218	-0.000438710508648297
354.88681	0.0007008533054513	-0.000393090987569097
316.31589	0.000699922304885935	-0.000348459684357101
281.8942	0.00069520983136594	-0.00031128022043694
251.20601	0.000690709865316697	-0.000274647436916717
223.92496	0.000689477755113252	-0.000242154463172158
199.55338	0.000689379827700647	-0.000215861830809912
177.78128	0.00069010306265376	-0.000188383929907359
158.52898	0.000690025290399733	-0.000164538622105137
141.21979	0.000687741307932386	-0.00014135570549131
125.92673	0.000687531302292561	-0.00012279050711844
112.19009	0.000689209535150522	-0.00010664047325036
99.968163	0.000690367748205706	-8.96824265612133e-05
89.115646	0.000695855976010683	-7.53116889476987e-05
79.415741	0.000697037043805974	-6.44491081450251e-05
70.793182	0.000698476488190034	-5.07597221686191e-05
63.082279	0.000701321346054529	-4.24631187063507e-05
56.241825	0.000705666970543297	-3.16824989195753e-05
50.112232	0.000708079457378986	-2.4596390025274e-05
44.671223	0.00071024371866365	-1.90182004223192e-05
39.808899	0.000711725594506847	-1.27173118785908e-05
35.488308	0.000717685064613905	-7.41353902292716e-06
31.629578	0.000719106834086189	-4.26914669500834e-07
28.187037	0.000722771188496717	2.20805543993133e-06
25.120602	0.000724405230181507	3.89956671127209e-06
22.385418	0.000728062721913338	4.14395327307077e-06
19.955338	0.00073177019886024	9.25741683769257e-06
17.775894	0.000734553446548818	1.22452356980429e-05
15.846864	0.000735859525953764	9.34831902436918e-06
14.127493	0.000740434818524734	1.34789460730165e-05
12.587309	0.000738486749085159	1.41447318421488e-05
11.216775	0.000741130660884216	1.49934883043224e-05
9.9968166	0.000744186784389588	1.41185760474484e-05
8.9082127	0.000749130612570387	1.55529559230983e-05
7.9395623	0.000747202272869192	1.36523683655638e-05
7.0765615	0.000749884592265855	1.88286611751075e-05
6.3105822	0.000752297415647024	1.64159505275579e-05
5.6245475	0.000753185146288594	1.73425323753763e-05
5.0112233	0.000754904331859854	1.72062953537696e-05
4.4642835	0.000755772118384441	1.74665904469362e-05
3.9819033	0.000756864568748668	1.76370126193822e-05
3.5479143	0.00075829595151348	1.64477509107509e-05
3.1629577	0.000759445975463984	1.61977152638861e-05
2.818361	0.000760458363300806	1.69997384066294e-05
2.5112481	0.000762615477649582	1.76557103595291e-05
2.2398233	0.000762218728725395	1.8780809070002e-05
1.9950197	0.00076222856561418	1.74376805137991e-05
1.7775893	0.000766471653573319	1.64826300322355e-05
1.5846864	0.000765449797073902	1.84437010959368e-05
1.4122353	0.000763964915713616	1.69495959146294e-05
1.2582541	0.000767854334890156	1.80080710191257e-05
1.1224822	0.000769914974636254	1.92194772125476e-05
1.0000616	0.000770198694266511	1.8786071089421e-05
0.89082122	0.000773709950754941	2.11462302631523e-05
0.79444051	0.000773666973991565	1.9876127550665e-05
0.70784986	0.000775368627595814	1.88724593060461e-05
0.63126236	0.000776308421528326	2.24693970348395e-05
0.562536	0.000776921069227848	2.14084678894253e-05
0.50118715	0.0007777629665039	2.44404884669684e-05
0.44642836	0.000782642108227472	2.39692894614088e-05
0.39821118	0.000782565691645838	2.34639777695172e-05
0.35475865	0.000783338454154876	2.64495388081561e-05
0.31619295	0.000782874652226697	2.83284182500696e-05
0.2819173	0.000787231835482993	2.75453719287114e-05
0.25117323	0.000788708681756106	2.81265094033843e-05
0.22391155	0.000791060851256027	3.06032457962119e-05
0.19957349	0.000791613269259864	3.19298639092106e-05
0.17779917	0.000794876178570628	3.44757064266201e-05
0.15846863	0.000798149483449307	3.39086432510075e-05
0.14123619	0.000797973076887885	3.86377510018682e-05
0.12590662	0.000800517546054684	3.70828771112669e-05
0.1122199	0.000801714503734062	4.12454100772687e-05
0.10002181	0.000804662256454504	4.09735034191918e-05
