10002.226	0.00117997531248733	-0.00954659740460288
8914.9326	0.0011366434343319	-0.00854538272415402
7943.9951	0.00109745346023973	-0.00764769823150959
7081.583	0.00106286071388703	-0.00684670684965342
6307.7358	0.00103257507017272	-0.00612732992458588
5622.5879	0.00100233765622237	-0.00548609278657107
5011.603	0.0009740424156627	-0.00491367043985947
4466.4292	0.000948681705511761	-0.00439815608865618
3981.2773	0.000924551246390553	-0.00393663938191118
3548.8679	0.000902692568941409	-0.0035260960033986
3163.0398	0.000884214170414385	-0.0031578521507386
2819.0986	0.000867380972613271	-0.00282682823004459
2512.4104	0.000849804716674081	-0.0025319434742729
2239.2869	0.000834008581316091	-0.00226971351010561
1995.6381	0.000820460759974846	-0.00202936684589787
1778.2897	0.000810201481832551	-0.00182087311599368
1584.4927	0.000798404198195376	-0.00163281159287852
1412.7418	0.000785148516328242	-0.00146268383711835
1258.7905	0.00077648722860787	-0.00131184521833069
1121.7966	0.000767384688089164	-0.00117814763888734
999.68164	0.000757753370276608	-0.00105552423746675
891.42474	0.000750232353148925	-0.000946667871800472
794.23932	0.000742272985695692	-0.000851806601675315
707.96161	0.000736162782268163	-0.000761325700849166
631.00977	0.000728655495807938	-0.000685030331301347
562.33929	0.000722561413000829	-0.000612491940488418
501.12231	0.000715181745867661	-0.000550179921179271
446.57214	0.000709855227274821	-0.000492341149619007
398.08899	0.000705732644941095	-0.000440848791068847
354.88681	0.000701809979747338	-0.000389982024680132
316.31589	0.000698861451366908	-0.000348834957972982
281.8942	0.000694318002663336	-0.0003113354506712
251.20601	0.000692188458434221	-0.00027631429782855
223.92496	0.000690206512762887	-0.00024351760576024
199.55338	0.000689179368204845	-0.000216397995283136
177.78128	0.000686968179516551	-0.00018637317775629
158.52898	0.000687824978992401	-0.000163070993229166
141.21979	0.00068642958648952	-0.000142162090081416
125.92673	0.000688616242947676	-0.000121615899114746
112.19009	0.000691503362160825	-0.000106056646023114
99.968163	0.000692303386786936	-9.00698066022985e-05
89.115646	0.000693619701928277	-7.63153751506311e-05
79.415741	0.000696660662697582	-6.18981127113787e-05
70.793182	0.000696826439086184	-5.15539386178312e-05
63.082279	0.000701919481259986	-3.99678932542202e-05
56.241825	0.000707640944310731	-3.19447699360653e-05
50.112232	0.000707822151449952	-2.39757613303484e-05
44.671223	0.000708867306134887	-1.6731899022405e-05
39.808899	0.000714975213060396	-1.36193484408651e-05
35.488308	0.000717623121505724	-7.64930235214781e-06
31.629578	0.000721150267172699	-9.93080093792238e-07
28.187037	0.000722103680569498	-7.03779251840664e-09
25.120602	0.000725500684334149	3.60281621007174e-06
22.385418	0.000729477482687912	7.01282144771924e-06
19.955338	0.000731625569643809	9.5480857287726e-06
17.775894	0.000733521125074438	1.16638554237461e-05
15.846864	0.000736181669753199	1.15012265240115e-05
14.127493	0.000738749376086473	1.45694522051978e-05
12.587309	0.000739597843197836	1.3373612457501e-05
11.216775	0.000741846586677537	1.41667845635741e-05
9.9968166	0.000744728461691541	1.31168517013186e-05
8.9082127	0.000747451486142826	1.677804157971e-05
7.9395623	0.000748256405657019	1.49786325599412e-05
7.0765615	0.000749292397220138	1.81986585908868e-05
6.3105822	0.000751542627270735	1.7743451392435e-05
5.6245475	0.000752013393082016	1.69781391121127e-05
5.0112233	0.000754348561711128	1.93806915475868e-05
4.4642835	0.000758394332324095	1.71002614437852e-05
3.9819033	0.000757155754235053	1.78803470945488e-05
3.5479143	0.000758181236025438	1.75102902211594e-05
3.1629577	0.000761013625122637	1.7999865500258e-05
2.818361	0.00076094925599196	1.79744646462075e-05
2.5112481	0.000762024548739091	1.33632080691864e-05
2.2398233	0.000761758486839367	1.88784451446631e-05
1.9950197	0.00076320514632452	1.72688044296765e-05
1.7775893	0.000764350996886365	1.63320604737784e-05
1.5846864	0.000767332794232147	1.78576969957124e-05
1.4122353	0.000767818643273348	1.87325428354369e-05
1.2582541	0.000769978721354287	1.98844676683862e-05
1.1224822	0.000768920527802714	1.93275422676736e-05
1.0000616	0.0007714543411825	1.73465611872097e-05
0.89082122	0.000771435830524659	2.21178028001079e-05
0.79444051	0.000773445728726474	2.10631578072551e-05
0.70784986	0.000773415457156139	2.07144122072256e-05
0.63126236	0.000776733652595333	2.21088427771116e-05
0.562536	0.00077892425626353	2.27951391906141e-05
0.50118715	0.000779304036007196	2.32678654488687e-05
0.44642836	0.000782903248502314	2.47471925752368e-05
0.39821118	0.000782707009032599	2.53352124828318e-05
0.35475865	0.00078347037901071	2.65311265796913e-05
0.31619295	0.000783944352826149	2.84631645377732e-05
0.2819173	0.000785609540849473	2.87555953721212e-05
0.25117323	0.000788568424881556	3.17304269351051e-05
0.22391155	0.000791671809978107	3.12756971134392e-05
0.19957349	0.000792054327785908	3.32265570323675e-05
0.17779917	0.000795576775308514	3.51305307906849e-05
0.15846863	0.000798273569200653	3.6008126707046e-05
0.14123619	0.000798308710075256	3.93418895561888e-05
0.12590662	0.000800684033625622	3.81626842713635e-05
0.1122199	0.000803107331050278	4.0922257686065e-05
0.10002181	0.0008067261702444	4.2733700706286e-05
