10002.226	0.00117953752340969	-0.00954502735285661
8914.9326	0.0011383683960769	-0.00854508638221349
7943.9951	0.00109978978147528	-0.00764827065329461
7081.583	0.00106582630194074	-0.00684668915201425
6307.7358	0.00103330028133521	-0.00612670915880707
5622.5879	0.00100220468512415	-0.00548556917877395
5011.603	0.000973892996804148	-0.00491268745116537
4466.4292	0.00094743475290149	-0.00439586623615528
3981.2773	0.000924242690275431	-0.00393724802718002
3548.8679	0.000901211103318309	-0.00352436845321344
3163.0398	0.000883657312791739	-0.00315794323155032
2819.0986	0.000866599760422216	-0.00282440000133056
2512.4104	0.000850780118475112	-0.00253219189662486
2239.2869	0.000833935358079027	-0.00227096652370941
1995.6381	0.000822495015094845	-0.00203276757728728
1778.2897	0.000811132887174802	-0.00181983538530457
1584.4927	0.000797246837855355	-0.00163236839182295
1412.7418	0.000782310275634389	-0.00146249974663765
1258.7905	0.000777070118295578	-0.00131093036706604
1121.7966	0.000766265514236702	-0.00117704534817142
999.68164	0.000759700354993165	-0.00105379915713479
891.42474	0.000750016730657545	-0.000946877124863997
794.23932	0.000742549009354817	-0.00085139189015749
707.96161	0.000732807380879883	-0.000760601990518356
631.00977	0.000728526105470704	-0.000685643048019065
562.33929	0.000724373053499028	-0.000612254862102416
501.12231	0.000717984455918059	-0.000548980224890694
446.57214	0.000710036882653163	-0.000491239850855253
398.08899	0.000706083813170081	-0.000440364944327388
354.88681	0.000701406115249766	-0.000390993616333898
316.31589	0.000699465443045917	-0.000348298782921567
281.8942	0.000694883960982186	-0.000311116155697429
251.20601	0.000689604200770497	-0.000274278103441989
223.92496	0.000687735257559975	-0.000243755527911304
199.55338	0.000688874966255704	-0.000213143688824363
177.78128	0.00068912503227926	-0.000187156494213823
158.52898	0.00068832093252139	-0.000163241081174438
141.21979	0.000688667853259152	-0.000144939174844253
125.92673	0.000688934092913512	-0.00012458417907778
112.19009	0.000689406437002267	-0.000104333831455286
99.968163	0.000693116531741712	-8.77150887390008e-05
89.115646	0.000694889426280514	-7.52170656307111e-05
79.415741	0.000696704634473376	-6.29726135036896e-05
70.793182	0.000698858970080416	-5.09581817985149e-05
63.082279	0.000698712090126125	-4.05943040062923e-05
56.241825	0.000706124697650169	-3.32165018862596e-05
50.112232	0.000708823989416076	-2.37392620847516e-05
44.671223	0.000711714774462439	-1.74588126779491e-05
39.808899	0.000712592214727864	-1.33036800021846e-05
35.488308	0.000718690607082361	-8.02661658411418e-06
31.629578	0.000718393662380354	-3.12905100539096e-06
28.187037	0.00072132744348403	2.84823976958275e-07
25.120602	0.000724772564582765	2.52680604171588e-06
22.385418	0.000729718995099076	6.5380077713346e-06
19.955338	0.000733279666586262	9.04854266335171e-06
17.775894	0.000734276552702959	1.17720267914165e-05
15.846864	0.000737041466468594	1.03923560703522e-05
14.127493	0.000738968279482623	1.41341764944399e-05
12.587309	0.000740829544524015	1.29652814853554e-05
11.216775	0.000742151702509494	1.5651623461435e-05
9.9968166	0.000745911435191781	1.48950500893173e-05
8.9082127	0.00074576660109415	1.45315413126322e-05
7.9395623	0.000748515970364152	1.58418138555991e-05
7.0765615	0.000751139463805461	1.69032740303578e-05
6.3105822	0.000752289948371931	1.73362253658881e-05
5.6245475	0.000754979380650102	1.56203694214744e-05
5.0112233	0.000754258168820349	1.68571462063047e-05
4.4642835	0.000757681783680395	1.52188746717191e-05
3.9819033	0.00075743866966227	1.83266646469994e-05
3.5479143	0.000758327304727395	1.76690085096924e-05
3.1629577	0.0007612606901897	1.87016830040918e-05
2.818361	0.000761907795574359	1.89992069225328e-05
2.5112481	0.000761421065976499	1.48448329593743e-05
2.2398233	0.000763841179240015	1.86537593571955e-05
1.9950197	0.000762561017970167	1.6348834580005e-05
1.7775893	0.000765766840205008	1.79548908247515e-05
1.5846864	0.000767829141776063	1.86913021630219e-05
1.4122353	0.000768220671247338	1.91255671284236e-05
1.2582541	0.000767367305552545	1.93405976266364e-05
1.1224822	0.000770640080381374	2.03372448608742e-05
1.0000616	0.000772483987550635	1.78140596307064e-05
0.89082122	0.000772578181870318	1.85101486769661e-05
0.79444051	0.000773345813908587	1.92375134466142e-05
0.70784986	0.000775520009909875	2.07583065625285e-05
0.63126236	0.000775114076742617	2.23764583365793e-05
0.562536	0.000775590923333718	2.14931281743676e-05
0.50118715	0.000778813226446237	2.49836400580934e-05
0.44642836	0.000780177192339961	2.44082164274557e-05
0.39821118	0.000780163950729325	2.43808638745819e-05
0.35475865	0.000783856013178596	2.53912744581504e-05
0.31619295	0.000784198657199342	3.07879703501124e-05
0.2819173	0.000787076859024632	2.77745749271304e-05
0.25117323	0.000789523913121239	2.99990750912837e-05
0.22391155	0.000790550032270273	3.2129866624181e-05
0.19957349	0.000791814332991958	3.19636671232716e-05
0.17779917	0.000792671575375703	3.24027954888534e-05
0.15846863	0.000795428837990557	3.58673272655166e-05
0.14123619	0.000799320988676889	3.70749719758071e-05
0.12590662	0.000799720219372962	3.86198958241579e-05
0.1122199	0.000801244827984894	4.00044204517295e-05
0.10002181	0.000805233267330399	4.19153029628238e-05
