10002.226	0.00118013254117037	-0.00954626122169442
8914.9326	0.00113838851555779	-0.00854505166274062
7943.9951	0.00110285081281495	-0.00765012549309315
7081.583	0.00106583666129351	-0.00684754073940655
6307.7358	0.00103414818445711	-0.00612722278203473
5622.5879	0.000999812997192204	-0.00548581136091921
5011.603	0.000972056461832782	-0.00491232771004312
4466.4292	0.000950602315824932	-0.00439707753869296
3981.2773	0.000925302622852787	-0.0039370614624844
3548.8679	0.000902605639537174	-0.00352373008972038
3163.0398	0.000884526123964743	-0.00315726023764518
2819.0986	0.000864599826003365	-0.00282652033699706
2512.4104	0.000850832583069094	-0.00253385690382191
2239.2869	0.00083510157615578	-0.00226919305004198
1995.6381	0.000822604502351574	-0.0020308853784588
1778.2897	0.000810033984304056	-0.00182193492037229
1584.4927	0.000796196137455302	-0.00163183098142354
1412.7418	0.000784191814187623	-0.0014634353407802
1258.7905	0.000777432823872338	-0.00131097710541543
1121.7966	0.000767796881225658	-0.00117718858222152
999.68164	0.000759518452140726	-0.00105648302959921
891.42474	0.000750024761914566	-0.000948163355975179
794.23932	0.000743628577237475	-0.000850582243252989
707.96161	0.000736801098503692	-0.000762883415263701
631.00977	0.000729097790872331	-0.000685022558714841
562.33929	0.000721668590699514	-0.000613773940349052
501.12231	0.000716249974096871	-0.000548082681160201
446.57214	0.000710564430383284	-0.000490704420492739
398.08899	0.000704995760705528	-0.0004386154437503
354.88681	0.000702012685009939	-0.000392132976158722
316.31589	0.000699497449387526	-0.000347587471566257
281.8942	0.000695035573598155	-0.000310267278786576
251.20601	0.000691533270939147	-0.000276948193615933
223.92496	0.000689829647300805	-0.000244417635854215
199.55338	0.000689903864854498	-0.000216431579646799
177.78128	0.000688422312135549	-0.000188704345813683
158.52898	0.000689813487921455	-0.000164652499957628
141.21979	0.000689291495868944	-0.000143888958349768
125.92673	0.000689377911432979	-0.000123265238545088
112.19009	0.00069240347678275	-0.000105349343960599
99.968163	0.0006933166670464	-9.04688412547754e-05
89.115646	0.000697466270045468	-7.6208484416596e-05
79.415741	0.000696690131685569	-6.17320779066077e-05
70.793182	0.000699428953363393	-5.18124920054676e-05
63.082279	0.000702118610441888	-4.04631654571794e-05
56.241825	0.000705177483417464	-3.08022538816295e-05
50.112232	0.000707819555364129	-2.19645339919244e-05
44.671223	0.000710142433264355	-1.77697846462507e-05
39.808899	0.000713984231065875	-1.11689496832814e-05
35.488308	0.000715576855472253	-7.00358049177608e-06
31.629578	0.000719935045123167	-9.49258263195973e-07
28.187037	0.000722406196332404	-4.96954859842227e-07
25.120602	0.000724301932899704	5.00109983248944e-06
22.385418	0.000729092151590246	5.30019026013254e-06
19.955338	0.000732455312160438	8.25988116026523e-06
17.775894	0.000733834996983234	1.25963390525206e-05
15.846864	0.000736415615627969	1.04776719171086e-05
14.127493	0.000740155842930866	1.18162097056903e-05
12.587309	0.00074049048719799	1.4846865242844e-05
11.216775	0.000743416051514597	1.45069407650427e-05
9.9968166	0.00074571183964665	1.44967302826335e-05
8.9082127	0.000747129787419949	1.46056284931375e-05
7.9395623	0.0007460315437486	1.54394156443241e-05
7.0765615	0.000750089662506539	1.79890401090887e-05
6.3105822	0.000752294520740225	1.77366398267878e-05
5.6245475	0.000752673231409606	1.68154225497395e-05
5.0112233	0.000755048500095954	1.83095594356044e-05
4.4642835	0.00075525604987551	1.60956701612776e-05
3.9819033	0.000755871440291368	1.60533655461032e-05
3.5479143	0.000757635856595738	1.65919167441858e-05
3.1629577	0.000760042102267104	1.6598160442563e-05
2.818361	0.000761711784026754	1.64590373589312e-05
2.5112481	0.000763463911556448	1.5428538628914e-05
2.2398233	0.00076235404995764	1.50130273262651e-05
1.9950197	0.000763498976390745	1.6017655133755e-05
1.7775893	0.000765904304863528	1.70953451941495e-05
1.5846864	0.000768183474247746	1.64742671849279e-05
1.4122353	0.000766403042393205	1.88338438393031e-05
1.2582541	0.000768838167117857	1.94096397052987e-05
1.1224822	0.000771031172787163	1.95636941180364e-05
1.0000616	0.000770746783792108	2.01063490428306e-05
0.89082122	0.000771234691140724	2.05882289135446e-05
0.79444051	0.00077429310529095	1.99526789438302e-05
0.70784986	0.000774925886204403	2.09056439078322e-05
0.63126236	0.000777579995944663	2.26559250572384e-05
0.562536	0.000778555664540597	2.34444309635428e-05
0.50118715	0.000778125995775835	2.38861654104902e-05
0.44642836	0.000779349385875821	2.1932610187538e-05
0.39821118	0.000784164292730762	2.61748985375066e-05
0.35475865	0.000782731188814509	2.61223326017331e-05
0.31619295	0.0007850354670337	2.8123298570164e-05
0.2819173	0.000787343141413471	2.79244584125863e-05
0.25117323	0.00078764175991606	3.00794898874171e-05
0.22391155	0.000790493835398681	3.16555347412451e-05
0.19957349	0.000793369583042075	3.345101273563e-05
0.17779917	0.000792394511030037	3.42532073607336e-05
0.15846863	0.000794225489201802	3.51008716865874e-05
0.14123619	0.000798535103794008	3.65874513140414e-05
0.12590662	0.000801145686530754	3.83056718600529e-05
0.1122199	0.000803380491175871	4.13166610614292e-05
0.10002181	0.000805214926409344	4.25157603039834e-05
