10002.226	0.00119432739025204	-0.00947102726331663
8914.9326	0.00115280690083352	-0.00847916025927519
7943.9951	0.0011169201790049	-0.00758850410022463
7081.583	0.0010799031720164	-0.00679238911752343
6307.7358	0.00104957427840815	-0.00607880081575251
5622.5879	0.00101796336325377	-0.00544233704905664
5011.603	0.00098723978052164	-0.00487212027399655
4466.4292	0.000963994143839369	-0.00436050964013202
3981.2773	0.000941337444594603	-0.00390717973203307
3548.8679	0.000916886537747497	-0.00349678229521047
3163.0398	0.00089822005076127	-0.00313276956746536
2819.0986	0.000881827748120414	-0.00280404733699629
2512.4104	0.000865689874724489	-0.00251238933742485
2239.2869	0.000851815911966591	-0.00225236887907705
1995.6381	0.000837910562518437	-0.00201611746765008
1778.2897	0.000825435294758227	-0.00180717752040413
1584.4927	0.000813818129180346	-0.001620104233745
1412.7418	0.000800121880326779	-0.00145190484182465
1258.7905	0.000792295271791718	-0.00130112624759537
1121.7966	0.000783882006729144	-0.0011682125978192
999.68164	0.000774375152763238	-0.00104633897922306
891.42474	0.000765151341895188	-0.000939439576924599
794.23932	0.000759266345301397	-0.000844070087655052
707.96161	0.000750546161572927	-0.000757385528429399
631.00977	0.000743686821161886	-0.000680013494414862
562.33929	0.000737176424997056	-0.000607490782095212
501.12231	0.000730287371317694	-0.00054437954815537
446.57214	0.000726842918235723	-0.000487876465137959
398.08899	0.000720922919705185	-0.000437941704445123
354.88681	0.000716840194656776	-0.00038770782995724
316.31589	0.000716327836240566	-0.000345953228487668
281.8942	0.000711318151930843	-0.000307370151579338
251.20601	0.000707536027430179	-0.000270920146401272
223.92496	0.000705582609317616	-0.000241405107173226
199.55338	0.000705310744980243	-0.000212966644993309
177.78128	0.000703557873659463	-0.000186051207106087
158.52898	0.000704399502062	-0.000163820460270686
141.21979	0.0007043005052893	-0.000142155519409496
125.92673	0.000703209609753714	-0.000120490032687251
112.19009	0.000708210760288318	-0.000106541025074901
99.968163	0.000706490605312936	-8.99694474784633e-05
89.115646	0.00070867609147476	-7.47334389133473e-05
79.415741	0.000710851174020798	-6.35998995457575e-05
70.793182	0.000713757764170596	-4.99381600897944e-05
63.082279	0.000714165295052257	-4.27250876908566e-05
56.241825	0.000722716459878398	-3.14147087650866e-05
50.112232	0.000723554261745667	-2.29960882454755e-05
44.671223	0.000727016201673997	-1.87479169698686e-05
39.808899	0.000729373074451741	-1.21780884109689e-05
35.488308	0.000734055108068944	-8.7472464906897e-06
31.629578	0.000735798764171687	-9.50845235945187e-07
28.187037	0.000739011975678122	6.59787192724304e-07
25.120602	0.000740253258801497	4.39374824185227e-06
22.385418	0.000745762800110576	6.28818739698983e-06
19.955338	0.000746390136189793	7.65387425103824e-06
17.775894	0.000750348041331743	1.06577478100352e-05
15.846864	0.000754010561291398	1.1450234474758e-05
14.127493	0.00075487322324302	1.2442737007635e-05
12.587309	0.000755925831790306	1.46931289420988e-05
11.216775	0.000758330929361212	1.50296919961293e-05
9.9968166	0.000758172077266738	1.3300600505605e-05
8.9082127	0.000762479988353983	1.64939066924697e-05
7.9395623	0.000762714507622272	1.4833792297665e-05
7.0765615	0.000766441271858345	1.64147793652807e-05
6.3105822	0.000767259642864671	1.62352439539871e-05
5.6245475	0.00076851721009441	1.53378518740442e-05
5.0112233	0.000769914633802044	1.80014891429677e-05
4.4642835	0.000770701906963359	1.53138774313451e-05
3.9819033	0.000771494930825052	1.68835030725907e-05
3.5479143	0.000775946260643935	1.64287817645357e-05
3.1629577	0.00077588079445049	1.76122573244975e-05
2.818361	0.000777304747983758	1.87206764159176e-05
2.5112481	0.000777194437519136	1.6321288249885e-05
2.2398233	0.000780161159503044	1.67982833728666e-05
1.9950197	0.000780244323587904	1.70413371220896e-05
1.7775893	0.000781363301056166	1.74728649663386e-05
1.5846864	0.00078297320416863	1.81382463640217e-05
1.4122353	0.000783263049372269	1.94460333889819e-05
1.2582541	0.000785784660322124	1.91288107619224e-05
1.1224822	0.000786027193052904	1.81938494065767e-05
1.0000616	0.000786154410199164	1.92302532425974e-05
0.89082122	0.00078827204520966	1.9377468838656e-05
0.79444051	0.00078936054044249	1.98738383562204e-05
0.70784986	0.000791610148521155	1.91065563655511e-05
0.63126236	0.000792661993517199	2.17480142866977e-05
0.562536	0.000795374825485965	2.11304180077435e-05
0.50118715	0.000795611082448182	2.45126053064537e-05
0.44642836	0.000794636010589259	2.16190150773337e-05
0.39821118	0.000799251173370779	2.40465512341733e-05
0.35475865	0.000796700439601472	2.67845245828276e-05
0.31619295	0.000799685774497035	2.761773861182e-05
0.2819173	0.000803809077398188	2.64510962516941e-05
0.25117323	0.000806098867417426	3.03317853585448e-05
0.22391155	0.000806523409145519	3.18549645294244e-05
0.19957349	0.000807192532463968	3.28136482301139e-05
0.17779917	0.000809374874516878	3.19964231923937e-05
0.15846863	0.000813572971487723	3.54577920026549e-05
0.14123619	0.000814722386055581	3.7709107586972e-05
0.12590662	0.000817711591388979	3.89505664039033e-05
0.1122199	0.000818537904335636	4.09927579828208e-05
0.10002181	0.000821831694519309	4.09483454094288e-05
