10002.226	0.00119395078319646	-0.00947364681620724
8914.9326	0.00115236846715157	-0.00847959710218856
7943.9951	0.00111588400594132	-0.0075894964531037
7081.583	0.00108001824483047	-0.00679389062069691
6307.7358	0.00104904065309741	-0.00607891540277391
5622.5879	0.00101600606624662	-0.0054437554304282
5011.603	0.000989510477751269	-0.00487364781745139
4466.4292	0.000963101221838177	-0.00436281494392769
3981.2773	0.00094033984078737	-0.003906974938161
3548.8679	0.000918339146329439	-0.00349937591991251
3163.0398	0.000898778345927047	-0.00313332839552635
2819.0986	0.000881229998291613	-0.00280539910196167
2512.4104	0.000866720925416369	-0.00251319877051382
2239.2869	0.000852137142591598	-0.00225242909044174
1995.6381	0.000837832004752743	-0.00201630311299226
1778.2897	0.000826565332233576	-0.00180724926892677
1584.4927	0.000812556749861073	-0.00162133996285223
1412.7418	0.000800948523107645	-0.00145169742779271
1258.7905	0.000792834362274777	-0.00130012250943908
1121.7966	0.000783453032521032	-0.0011669483350944
999.68164	0.000773891618981713	-0.00104655856913161
891.42474	0.000765013161433448	-0.000939323314730355
794.23932	0.00076073913182949	-0.000845496598222774
707.96161	0.000752625046601689	-0.000755349991612596
631.00977	0.000744390027128844	-0.000678045860601776
562.33929	0.000737753853421367	-0.000608218657928844
501.12231	0.000732229324982775	-0.000543566195373781
446.57214	0.000726516052818703	-0.000486491965698542
398.08899	0.00072083170561986	-0.00043527820808122
354.88681	0.000717419838114252	-0.000388074045452315
316.31589	0.000716744614211122	-0.000345827972447065
281.8942	0.000710562611747008	-0.000311808834678072
251.20601	0.000706539809143156	-0.000272199444024153
223.92496	0.00070777335217075	-0.00024127325555003
199.55338	0.000707348513418644	-0.00021379979386042
177.78128	0.00070489116571867	-0.000186145861940777
158.52898	0.00070247841178804	-0.000163040063766563
141.21979	0.000703957311055978	-0.000142275730837015
125.92673	0.000706637911550071	-0.000124116978637818
112.19009	0.000707338511761787	-0.000107553832894606
99.968163	0.000707864389511741	-8.92230277675453e-05
89.115646	0.000710210114398138	-7.51788169904146e-05
79.415741	0.000712627628106873	-6.34603425747486e-05
70.793182	0.00071450373516966	-5.04019097361207e-05
63.082279	0.000716497292162	-4.01464797258878e-05
56.241825	0.000721194412421219	-3.16706963492819e-05
50.112232	0.000721485133303071	-2.28498139203578e-05
44.671223	0.000724699345333274	-1.66117337919225e-05
39.808899	0.000729839618202419	-1.19610992351024e-05
35.488308	0.000731925348993718	-5.96435175571511e-06
31.629578	0.000735789270689969	-3.14896229544619e-06
28.187037	0.00073801401975934	3.50071173067268e-07
25.120602	0.000741843202913288	1.90055437870974e-06
22.385418	0.000745430343953889	6.14951289611625e-06
19.955338	0.000746880129234329	7.37612249108618e-06
17.775894	0.000749753529551093	1.22479722788852e-05
15.846864	0.000750699203240603	1.12253523918727e-05
14.127493	0.000754962844528004	1.15301454827569e-05
12.587309	0.000757876207892797	1.44367678165559e-05
11.216775	0.00075711712604459	1.37385189143255e-05
9.9968166	0.000761621150907989	1.37803226221729e-05
8.9082127	0.000761827691803005	1.60885016923259e-05
7.9395623	0.000762877375182997	1.59078018893993e-05
7.0765615	0.000766294749830826	1.8305974329814e-05
6.3105822	0.000767786846259154	1.70133323941545e-05
5.6245475	0.000770679273353022	1.65202635043442e-05
5.0112233	0.000770865313359946	1.72399356534021e-05
4.4642835	0.000773161101087694	1.63421159695308e-05
3.9819033	0.000770327579642786	1.75745443471534e-05
3.5479143	0.000773217442559981	1.89373040358261e-05
3.1629577	0.00077742084499565	1.71270377869915e-05
2.818361	0.000775642680952876	1.67819844045138e-05
2.5112481	0.000779466142808994	1.57873065767667e-05
2.2398233	0.000778033616701391	1.71496116039433e-05
1.9950197	0.000779561304190917	1.78905319955258e-05
1.7775893	0.000779404534228841	1.70502911865438e-05
1.5846864	0.000782237719931634	1.66979437589634e-05
1.4122353	0.000782119841678307	1.6256124037435e-05
1.2582541	0.000782961565904839	1.95710291518738e-05
1.1224822	0.00078512131132165	2.08007921718721e-05
1.0000616	0.000787359551430045	1.88190985782168e-05
0.89082122	0.000787737998905872	2.12679910846759e-05
0.79444051	0.000789623710714392	1.91016021003426e-05
0.70784986	0.000790001047121591	2.16800347958115e-05
0.63126236	0.000791087026286569	2.25691744344319e-05
0.562536	0.000793493635850708	2.2153123942731e-05
0.50118715	0.000792353428095204	2.40178818238845e-05
0.44642836	0.000798104497515114	2.20136550329731e-05
0.39821118	0.000797766840028961	2.5575519307187e-05
0.35475865	0.000797698600387642	2.68475064457914e-05
0.31619295	0.000799884552437941	2.73653438885971e-05
0.2819173	0.000804833630909148	2.84051821952943e-05
0.25117323	0.000804984295759882	2.85925876790472e-05
0.22391155	0.000805159811484373	3.01353186531079e-05
0.19957349	0.00080630018222875	3.3315438588575e-05
0.17779917	0.000808191186496685	3.37921792823265e-05
0.15846863	0.000812818083944701	3.45478067940666e-05
0.14123619	0.000814083100684414	3.75667878704582e-05
0.12590662	0.000816589798670923	3.95692806458104e-05
0.1122199	0.000816649704692351	4.01293368975885e-05
0.10002181	0.000822181523975241	4.23608763711226e-05
