10002.226	0.00119401491839838	-0.00947242235015845
8914.9326	0.0011530152538601	-0.00847858966235667
7943.9951	0.00111456864292553	-0.00758814084488404
7081.583	0.00107995207479212	-0.00679550522070446
6307.7358	0.00104863435756119	-0.00607909270015231
5622.5879	0.00101950950066447	-0.00544257213711757
5011.603	0.000988602901167481	-0.00487417036442535
4466.4292	0.000962760246127318	-0.0043624057008126
3981.2773	0.000939077862002159	-0.00390742151956035
3548.8679	0.000916089276262878	-0.00349963113520603
3163.0398	0.000899120154720116	-0.00313296329881265
2819.0986	0.000883172947111821	-0.00280353956778465
2512.4104	0.0008653871797421	-0.00251368876881878
2239.2869	0.000850143590851681	-0.00225181030626436
1995.6381	0.000838204759797593	-0.00201772055396403
1778.2897	0.000824053137274404	-0.00180669073909838
1584.4927	0.00081277552883365	-0.00161953524871247
1412.7418	0.000801360893933816	-0.0014520874283219
1258.7905	0.000793637029589884	-0.00130181684784931
1121.7966	0.000782284672962394	-0.00116754567225604
999.68164	0.00077490793868085	-0.0010472354053951
891.42474	0.000765832729839597	-0.000940579728441258
794.23932	0.000757626342761563	-0.000844840694285132
707.96161	0.000751194649572436	-0.000754659356979972
631.00977	0.000745986528303028	-0.000679643641854022
562.33929	0.000737856245019681	-0.000608312565137996
501.12231	0.000732518400275137	-0.000545032704016838
446.57214	0.000728025696090348	-0.000486069425537387
398.08899	0.000722948709705028	-0.000436557097368181
354.88681	0.000718133290965826	-0.000387390776291497
316.31589	0.000714667215683223	-0.000344856716524789
281.8942	0.000714103574650739	-0.000305416850349787
251.20601	0.000707010434311767	-0.00027415109275579
223.92496	0.000706527850045902	-0.000239980264409823
199.55338	0.000702761660477041	-0.000213358085763312
177.78128	0.000705860177118725	-0.000185140913704469
158.52898	0.000705098309580544	-0.000162957000619165
141.21979	0.000704009335241648	-0.000142403769908514
125.92673	0.000704473958694503	-0.000122155420437518
112.19009	0.000705747731180845	-0.000105340761558992
99.968163	0.00070948785726202	-8.76197717216939e-05
89.115646	0.000708249717029247	-7.40791739390076e-05
79.415741	0.000711137522677639	-6.23843745679307e-05
70.793182	0.00071595080342769	-5.03464084261069e-05
63.082279	0.000717391151175461	-4.02356386702986e-05
56.241825	0.000722485199680102	-2.93622564070598e-05
50.112232	0.000723690212322294	-2.28271111236179e-05
44.671223	0.000726776048993809	-1.79550329184261e-05
39.808899	0.000729383534624736	-1.21603719566076e-05
35.488308	0.000732983450513332	-8.90142233077966e-06
31.629578	0.0007357228227322	-2.58502759757047e-06
28.187037	0.000738329634103026	-6.94940572691262e-07
25.120602	0.000740719249794748	5.56528296655608e-06
22.385418	0.000743812764797064	7.36601193427006e-06
19.955338	0.000747726480094522	9.36279017532523e-06
17.775894	0.000750115499592918	1.03011029526992e-05
15.846864	0.000752113605286129	1.15259363424555e-05
14.127493	0.000756093943893155	1.47695880741105e-05
12.587309	0.000756712273589542	1.2379006398764e-05
11.216775	0.000758998895478773	1.30490494562131e-05
9.9968166	0.000762373948356748	1.36115081194943e-05
8.9082127	0.000762733203944607	1.54211403355346e-05
7.9395623	0.000763069535553359	1.44671939937909e-05
7.0765615	0.00076586903603011	1.67756660121311e-05
6.3105822	0.000769366928346905	1.66137860646029e-05
5.6245475	0.00076892616726024	1.44169387034976e-05
5.0112233	0.000770836241237762	1.64827333949323e-05
4.4642835	0.000772751448056066	1.85123021473334e-05
3.9819033	0.000773109620652045	1.76105894042919e-05
3.5479143	0.000775871842840346	1.50595666038524e-05
3.1629577	0.000775441355521867	1.84793444022779e-05
2.818361	0.000777002810993585	1.54579158524408e-05
2.5112481	0.000777509634360481	1.53961969515474e-05
2.2398233	0.000780002285920098	1.7021629432255e-05
1.9950197	0.000776820325311036	1.83885136343149e-05
1.7775893	0.000780692406998757	1.86191138443936e-05
1.5846864	0.000784119267719565	1.94070453192775e-05
1.4122353	0.000782908682931548	1.76422987481573e-05
1.2582541	0.000783989633676306	1.90312860442463e-05
1.1224822	0.000784886671411163	1.93516784580849e-05
1.0000616	0.000787822195006428	1.89118884548089e-05
0.89082122	0.000787520309408755	2.02505939107669e-05
0.79444051	0.000789498425182013	2.08709879449654e-05
0.70784986	0.000790298435455079	2.29937813801095e-05
0.63126236	0.000793559568144046	2.19760948298574e-05
0.562536	0.000793511864965004	2.19265285260483e-05
0.50118715	0.000795639131430841	2.32283390162748e-05
0.44642836	0.000795842741011546	2.19617628642987e-05
0.39821118	0.000798659869006316	2.58592017529381e-05
0.35475865	0.000797401059914511	2.54681234959012e-05
0.31619295	0.000799901428274166	2.6852445536005e-05
0.2819173	0.000803090040625638	2.90429309963932e-05
0.25117323	0.000802720321087604	2.73858030810099e-05
0.22391155	0.000805071914013677	3.02026922155559e-05
0.19957349	0.000808337724839681	3.07740723650304e-05
0.17779917	0.000810677559663614	3.42839978883685e-05
0.15846863	0.000812087071366629	3.47058336391749e-05
0.14123619	0.000813429245406649	3.75853938004532e-05
0.12590662	0.000816204342308309	3.75146665400458e-05
0.1122199	0.000819641711226179	4.13912735444364e-05
0.10002181	0.000821637242945634	4.16550609420813e-05
