10002.226	0.00119350958857676	-0.00947132999546071
8914.9326	0.00115246432805585	-0.00847937049707052
7943.9951	0.00111530557448754	-0.00758957360300706
7081.583	0.00108136042166232	-0.00679501294469407
6307.7358	0.00104885739548134	-0.00607906463027534
5622.5879	0.00101537985300806	-0.00544449956696351
5011.603	0.000989458776214426	-0.00487448988494106
4466.4292	0.00096537090811771	-0.00436178743054552
3981.2773	0.000941487466942001	-0.00390677322080076
3548.8679	0.000918648481300546	-0.00349907456496877
3163.0398	0.000898371550592018	-0.00313435786731373
2819.0986	0.00088202240160577	-0.00280347969731208
2512.4104	0.000865585213941378	-0.00251300022613358
2239.2869	0.000849889041971303	-0.00225068560191519
1995.6381	0.000836407645861865	-0.00201752547851771
1778.2897	0.000825891825015885	-0.0018073657802764
1584.4927	0.000813602461478522	-0.00162045274511084
1412.7418	0.000800073850636112	-0.0014503166855444
1258.7905	0.000792974812750919	-0.00130207689511154
1121.7966	0.000781565188223407	-0.00116851436575119
999.68164	0.00077492523321719	-0.00104803043272253
891.42474	0.000767718627040955	-0.000939804067794427
794.23932	0.000757555916536409	-0.000842645471269457
707.96161	0.000750540512586734	-0.000754185382493796
631.00977	0.000743872276093833	-0.000677098476540519
562.33929	0.000739548202563545	-0.00060607968409652
501.12231	0.00073273510657822	-0.000544988522873075
446.57214	0.000726384231453309	-0.000488920198335011
398.08899	0.000719486297554534	-0.000437459716922083
354.88681	0.00071420987118178	-0.000389576844016962
316.31589	0.000714038274660926	-0.000345863326964029
281.8942	0.00071115478529715	-0.000310839505121585
251.20601	0.000705946955044201	-0.000274444715981691
223.92496	0.000706103458093552	-0.000241152160231122
199.55338	0.00070564196713052	-0.000212054358480147
177.78128	0.00070500759873353	-0.000183852867427083
158.52898	0.000706205711336782	-0.00016351524271598
141.21979	0.00070479791361024	-0.000143023236569509
125.92673	0.000703935323295242	-0.00012276635464329
112.19009	0.000706163374209509	-0.000106613264800185
99.968163	0.000707358339985233	-8.93378278257162e-05
89.115646	0.000710196338274116	-7.51918454134633e-05
79.415741	0.000714786784846477	-6.2394046521961e-05
70.793182	0.000713762197951386	-5.06539553021905e-05
63.082279	0.000717428700444819	-3.95537723812985e-05
56.241825	0.000720766195778946	-3.29350672088669e-05
50.112232	0.000725169920391342	-2.28326646629696e-05
44.671223	0.00072616354868711	-1.91919734213797e-05
39.808899	0.000730969294714889	-1.45380837737997e-05
35.488308	0.000731423463312476	-6.98995484606227e-06
31.629578	0.000736548478071731	-1.83221009921398e-06
28.187037	0.000738927931236445	4.10414432901459e-07
25.120602	0.000740770174897268	3.97436731198067e-06
22.385418	0.000744482789090531	7.7273309015885e-06
19.955338	0.000746673508138483	8.84942760417414e-06
17.775894	0.000751003495207882	1.1670810416844e-05
15.846864	0.000753478680106088	1.10701909281265e-05
14.127493	0.000753069842060065	1.1571547944817e-05
12.587309	0.000757385813840303	1.30365418993666e-05
11.216775	0.000757472141070563	1.42825057558475e-05
9.9968166	0.000759716350933685	1.2648879697641e-05
8.9082127	0.000761031371290391	1.46482158488598e-05
7.9395623	0.00076121913450008	1.60523328350535e-05
7.0765615	0.000765401979312013	1.71728847444641e-05
6.3105822	0.000766790319337443	1.56366718663e-05
5.6245475	0.000767552393658058	1.52398506110628e-05
5.0112233	0.000771749256523744	1.63325594125602e-05
4.4642835	0.000772900587448331	1.68086359766833e-05
3.9819033	0.000773233989482059	1.57180910126096e-05
3.5479143	0.000774968513196007	1.72635890536697e-05
3.1629577	0.000776809375857746	1.76828064635272e-05
2.818361	0.000776187670823362	1.71050831265351e-05
2.5112481	0.000778595616785481	1.80466307690021e-05
2.2398233	0.000778853773355898	1.6952537131069e-05
1.9950197	0.000778767288998775	1.78630866072403e-05
1.7775893	0.000780318964275936	1.81539772220696e-05
1.5846864	0.000780607370816331	1.96605762392376e-05
1.4122353	0.000784262168724795	1.73276181495565e-05
1.2582541	0.000785144371379171	1.99482890283171e-05
1.1224822	0.000782768515898624	1.89535090411603e-05
1.0000616	0.000788116454978172	2.03243344742696e-05
0.89082122	0.000788116244455283	2.22411078276018e-05
0.79444051	0.000789888080715626	2.14667182371787e-05
0.70784986	0.000789977006740646	2.19563315809361e-05
0.63126236	0.000791151776359632	2.31412363367585e-05
0.562536	0.000794275761047433	2.52261322512072e-05
0.50118715	0.000795007545312343	2.27923489179555e-05
0.44642836	0.000796010714014996	2.36250207890794e-05
0.39821118	0.000797485531011936	2.60883188767824e-05
0.35475865	0.000800271471065563	2.6853556231338e-05
0.31619295	0.000800778776348731	2.66586196956796e-05
0.2819173	0.000803262987297086	2.63626151246139e-05
0.25117323	0.000804704406612953	2.92279242790535e-05
0.22391155	0.000806459798682336	3.12479829406877e-05
0.19957349	0.000808655348370768	3.31548249403395e-05
0.17779917	0.00080853146663675	3.48682031038882e-05
0.15846863	0.000812501921184771	3.56832658221871e-05
0.14123619	0.000813309640585383	3.67249017277172e-05
0.12590662	0.000816508043834682	3.77084028983923e-05
0.1122199	0.000818540648214103	4.17556629776722e-05
0.10002181	0.000819775538265344	4.17351150659037e-05
