10002.226	0.00119476375468103	-0.00947230037027903
8914.9326	0.0011530602046064	-0.0084780443091698
7943.9951	0.00111508461013906	-0.00759020340942414
7081.583	0.0010811709308135	-0.00679428460984459
6307.7358	0.00104693437739935	-0.00607902558073175
5622.5879	0.00101699097310267	-0.00544262434048677
5011.603	0.000988871756225428	-0.00487487301145666
4466.4292	0.000964058187025679	-0.00436357765943054
3981.2773	0.000942013610240836	-0.00390631772609572
3548.8679	0.000917589833756304	-0.00349811394678128
3163.0398	0.000900478817275203	-0.00313462305290164
2819.0986	0.000882192887037761	-0.00280417906251489
2512.4104	0.000865010613868579	-0.00251280598959324
2239.2869	0.000850648513568937	-0.00225206683519218
1995.6381	0.000836787621186941	-0.00201581177395626
1778.2897	0.00082598608047316	-0.00180685145299387
1584.4927	0.000812283526415515	-0.00162032788844637
1412.7418	0.000799696196220953	-0.001452843941334
1258.7905	0.00079151450650249	-0.00130234378628104
1121.7966	0.000784530594950519	-0.00116797029575406
999.68164	0.000772923548573142	-0.0010463807361871
891.42474	0.000766177591383813	-0.000939467198034654
794.23932	0.00075853789862019	-0.000844173708344154
707.96161	0.000751259450565119	-0.000754700106170622
631.00977	0.000743559620908897	-0.000679456707146475
562.33929	0.000738081300274783	-0.00060591595354308
501.12231	0.000733767281571101	-0.000546512909008265
446.57214	0.000727220739377183	-0.000485652982478371
398.08899	0.00072198341597233	-0.000435447636788079
354.88681	0.000717883148216697	-0.000388696692176945
316.31589	0.000715457468643557	-0.000346470882222994
281.8942	0.000713051790212971	-0.000307678704387401
251.20601	0.000707853861010678	-0.000272448416106565
223.92496	0.000706026782783615	-0.000240994887818422
199.55338	0.00070673426988366	-0.000213028094449717
177.78128	0.000704423778848162	-0.000185082733382194
158.52898	0.000703403669837164	-0.000163249043563
141.21979	0.000702686150897993	-0.000143271280105057
125.92673	0.00070359623634175	-0.000121135497474397
112.19009	0.000705268193249203	-0.000105698558025026
99.968163	0.00070857752643943	-8.87579164647301e-05
89.115646	0.000709765711106957	-7.53349189471837e-05
79.415741	0.000712936791143204	-6.42938190148256e-05
70.793182	0.000714675265639923	-5.26541958659698e-05
63.082279	0.000718290468529734	-4.12496892840869e-05
56.241825	0.000721902841329543	-3.22524664019319e-05
50.112232	0.000722023062652371	-2.22239202040146e-05
44.671223	0.000725783733338334	-1.69364231537731e-05
39.808899	0.000729976143882324	-1.34591621639353e-05
35.488308	0.000732533808411745	-8.56297412564648e-06
31.629578	0.000734940570932039	-3.44006991043837e-06
28.187037	0.000740326749750461	4.54321453869106e-07
25.120602	0.000741935422755826	3.26733822869143e-06
22.385418	0.000745378834234378	4.07637436321322e-06
19.955338	0.000747040139983967	7.69237757405735e-06
17.775894	0.000749700179301784	1.2488673154348e-05
15.846864	0.000753578596557382	1.26371092796765e-05
14.127493	0.000754797525799414	1.44037749034142e-05
12.587309	0.000757421674625752	1.3229695815756e-05
11.216775	0.000759251468899956	1.29023510648298e-05
9.9968166	0.000761740793540318	1.43137057837999e-05
8.9082127	0.000763842046962158	1.44649571426719e-05
7.9395623	0.000763432539919737	1.45646917499131e-05
7.0765615	0.000766645438243569	1.44832329439929e-05
6.3105822	0.000767521963265039	1.68960590315998e-05
5.6245475	0.000768784369781247	1.57622670337483e-05
5.0112233	0.000769451152503417	1.88313102445271e-05
4.4642835	0.000772559375760663	1.74248256616805e-05
3.9819033	0.000770608249672438	1.59033541139301e-05
3.5479143	0.00077421210206851	1.54356636821966e-05
3.1629577	0.000775306712355628	1.86774005225538e-05
2.818361	0.000777451739604684	1.91617967390038e-05
2.5112481	0.00077625280964422	1.61238327285096e-05
2.2398233	0.000778500925647759	1.64307512839082e-05
1.9950197	0.000779269280266843	1.6693313643811e-05
1.7775893	0.000778943456799499	1.7439930791297e-05
1.5846864	0.000782036937709442	1.77241055977719e-05
1.4122353	0.000782354111550999	1.77846596197674e-05
1.2582541	0.000784047263815063	1.81188097113399e-05
1.1224822	0.000785944884161572	1.95902269949832e-05
1.0000616	0.000784809539043297	1.92367387849322e-05
0.89082122	0.000788197951794862	1.89144589071279e-05
0.79444051	0.000789289086429176	2.11649316335181e-05
0.70784986	0.000792335564119321	2.17949383404878e-05
0.63126236	0.000792264877375306	2.28742238418618e-05
0.562536	0.000793558915861752	2.32998060244882e-05
0.50118715	0.000795520977452404	2.29710703113626e-05
0.44642836	0.00079569741189948	2.39377322205589e-05
0.39821118	0.000796800784567917	2.43165899627568e-05
0.35475865	0.000799055526758123	2.8078036049526e-05
0.31619295	0.000801932547176177	2.81762430170264e-05
0.2819173	0.000802836569853797	2.78203481674214e-05
0.25117323	0.000803256083295565	2.89937533201153e-05
0.22391155	0.000805587957243104	2.97465496131659e-05
0.19957349	0.00080713077806403	3.33635458519274e-05
0.17779917	0.000811468568143958	3.35812496498851e-05
0.15846863	0.00081309246101289	3.64953170382935e-05
0.14123619	0.000814612777083257	3.61431641836218e-05
0.12590662	0.000817608722920696	3.69422598913946e-05
0.1122199	0.000819020311926039	3.94476862921349e-05
0.10002181	0.000821390324575909	4.17182267979356e-05
