10002.226	0.00119476211479563	-0.00947074193787162
8914.9326	0.00115235397585058	-0.00847927142396443
7943.9951	0.00111600552232517	-0.00758987077427753
7081.583	0.00108120207388011	-0.00679402954629917
6307.7358	0.00105083989215291	-0.00607928868406738
5622.5879	0.00101687436279261	-0.00544216656212329
5011.603	0.000987573050322074	-0.00487358878769014
4466.4292	0.000965239491640157	-0.00436254467368101
3981.2773	0.000939892814195819	-0.00390772119009473
3548.8679	0.000918675052592986	-0.00349577016977389
3163.0398	0.000900316757600587	-0.00313335730763844
2819.0986	0.0008830087592114	-0.00280491815151647
2512.4104	0.00086489358979321	-0.00251099185955411
2239.2869	0.000850088976152776	-0.0022517612174845
1995.6381	0.000836019814720712	-0.00201631958419399
1778.2897	0.000823300292167687	-0.00180619495475808
1584.4927	0.000814519431782991	-0.00162012507506195
1412.7418	0.000801521867712832	-0.00145343896817226
1258.7905	0.000791664124427706	-0.0013021941135525
1121.7966	0.000782124914286291	-0.00116892719488268
999.68164	0.000772614980781578	-0.00104423327702962
891.42474	0.000766294444727403	-0.000941073238727726
794.23932	0.000759998132537709	-0.000842393293795635
707.96161	0.00075109250966264	-0.00075475085995877
631.00977	0.000743657714110166	-0.000679401756238931
562.33929	0.000739022323657309	-0.00060821037782643
501.12231	0.000733090014841223	-0.000544140208744048
446.57214	0.000726043113041305	-0.000485708438002396
398.08899	0.000722678919637594	-0.000436312128535524
354.88681	0.000717560007592794	-0.000386089287183675
316.31589	0.000715454576789781	-0.000346454440882643
281.8942	0.000711674651926606	-0.000310460712946409
251.20601	0.000708066013900813	-0.000272742454931261
223.92496	0.000707761114959636	-0.000242418286866086
199.55338	0.000704981720248146	-0.000215582871334195
177.78128	0.000704755531249083	-0.000184741770335675
158.52898	0.000705267841950683	-0.00016172949744714
141.21979	0.00070509651551366	-0.000140708024311323
125.92673	0.000704537230435958	-0.000121894732750128
112.19009	0.000707135978487374	-0.000104749363693346
99.968163	0.00070854902518068	-8.98861328656856e-05
89.115646	0.000709502244735353	-7.61706953213397e-05
79.415741	0.000711472857998173	-6.15885749215221e-05
70.793182	0.000713749301351856	-4.90508756623261e-05
63.082279	0.000716774676475502	-4.00866348173824e-05
56.241825	0.000720367457885831	-3.20539559816316e-05
50.112232	0.000724157512514316	-2.37629587143207e-05
44.671223	0.000726602043686747	-1.91901199860449e-05
39.808899	0.000728533356799614	-1.3855785869251e-05
35.488308	0.000734190346238543	-8.31675896085849e-06
31.629578	0.000733475628225563	-1.38302634195222e-06
28.187037	0.00073714155494399	8.21178237352067e-07
25.120602	0.000742745042557781	4.81172038799893e-06
22.385418	0.000743256000961263	7.12335366731938e-06
19.955338	0.000745970003790435	8.17014297843956e-06
17.775894	0.000750569127653269	9.30398455858387e-06
15.846864	0.000751590586526201	1.15470415004479e-05
14.127493	0.000754778012831493	1.39101765498057e-05
12.587309	0.000755022909979696	1.34594683907507e-05
11.216775	0.000759716344172368	1.36672961999548e-05
9.9968166	0.000761549036589784	1.48934789037593e-05
8.9082127	0.000762166943850127	1.50957736697476e-05
7.9395623	0.000763526500546213	1.55182191948751e-05
7.0765615	0.00076652888582132	1.78848620385409e-05
6.3105822	0.000767431151486348	1.73517071118155e-05
5.6245475	0.000770518267117782	1.45377895287036e-05
5.0112233	0.000769313730261541	1.84237998722166e-05
4.4642835	0.000772053317694732	1.63951957528289e-05
3.9819033	0.000772128584438587	1.79962659629205e-05
3.5479143	0.000774322176275047	1.77034467825793e-05
3.1629577	0.00077464133020862	1.744481058783e-05
2.818361	0.000776550108594444	1.71194050018509e-05
2.5112481	0.000779351600881672	1.82572165260069e-05
2.2398233	0.000776995672290927	1.62543743629955e-05
1.9950197	0.000779047302568866	1.57487317974211e-05
1.7775893	0.000781057259343267	1.67172870540251e-05
1.5846864	0.000782712475686213	1.82134753062994e-05
1.4122353	0.000781941931247402	1.94662451147962e-05
1.2582541	0.000783436235966041	1.84107318245871e-05
1.1224822	0.000786011872760636	1.91343127815722e-05
1.0000616	0.000786048540411577	1.98648366987339e-05
0.89082122	0.0007881897252819	2.06749852514346e-05
0.79444051	0.000790021036644641	2.08949808015746e-05
0.70784986	0.00079093323474224	2.30298576289859e-05
0.63126236	0.000790904721706908	2.19438769986285e-05
0.562536	0.000793583739013996	2.29677780391967e-05
0.50118715	0.000792994798019765	2.25900579456012e-05
0.44642836	0.000796903089211086	2.47909703996652e-05
0.39821118	0.000797760588285224	2.48717700976258e-05
0.35475865	0.000799065972303386	2.68983717630619e-05
0.31619295	0.00080033339895403	2.80746487011013e-05
0.2819173	0.000803831968413961	2.95203056897834e-05
0.25117323	0.00080392746415796	2.88524704582192e-05
0.22391155	0.000807248737416918	3.23942649545127e-05
0.19957349	0.000806679438472465	3.14308280438737e-05
0.17779917	0.000809721416440998	3.26320396685695e-05
0.15846863	0.000812636726521164	3.71568960276937e-05
0.14123619	0.000812008748083234	3.64810099917764e-05
0.12590662	0.000814943562867	3.89515769338842e-05
0.1122199	0.000816432514300617	3.77494163104728e-05
0.10002181	0.000820389091936474	4.357895743904e-05
