10002.226	0.00118262156597679	-0.00958672781127041
8914.9326	0.00114005777599918	-0.00858109477520829
7943.9951	0.00110559996940934	-0.00768046482131507
7081.583	0.00106854475567603	-0.00687783222800075
6307.7358	0.00103616725332215	-0.00615287123265388
5622.5879	0.00100604240015446	-0.00550922882647922
5011.603	0.000977273437225703	-0.00493175082404813
4466.4292	0.000952604392227968	-0.00441391767410382
3981.2773	0.000928811216283797	-0.00395339460098385
3548.8679	0.000906023696740926	-0.00354119263503199
3163.0398	0.000887734958814245	-0.0031689553145828
2819.0986	0.000867936049006388	-0.00283835426973131
2512.4104	0.000854087973296454	-0.0025431015650329
2239.2869	0.000836880232420189	-0.00227681220220463
1995.6381	0.000824269861159631	-0.00204214722357068
1778.2897	0.000813122838605906	-0.00182917190743626
1584.4927	0.000801852525226	-0.00163920389725246
1412.7418	0.000790172985731529	-0.00146840866363527
1258.7905	0.000778121851885231	-0.0013173724956662
1121.7966	0.000769543591573365	-0.00118097607319447
999.68164	0.000762448803343676	-0.00105835102918675
891.42474	0.000754422239006387	-0.000951136588302397
794.23932	0.000745940700339346	-0.000854556556620123
707.96161	0.000738858931282997	-0.000763796706391655
631.00977	0.000730960309659024	-0.000686982148762607
562.33929	0.000726198582938755	-0.000614524025338453
501.12231	0.000720307942135713	-0.000551614805144265
446.57214	0.000714591333494784	-0.000492787144336711
398.08899	0.000708255070907317	-0.000440516458703103
354.88681	0.000705073936572571	-0.000395426063188479
316.31589	0.000703027888615627	-0.000348401074886655
281.8942	0.00069840416788261	-0.000312080696797108
251.20601	0.000694819507502696	-0.000277344789936444
223.92496	0.000694437941560096	-0.000245296376809885
199.55338	0.000691970889488322	-0.000216353335725528
177.78128	0.000692282003351881	-0.000187274205250513
158.52898	0.00069368545970364	-0.000164916839796276
141.21979	0.000691833650811436	-0.000144089659820508
125.92673	0.000691607152494699	-0.000122764816117427
112.19009	0.000694605635661826	-0.000106880019690311
99.968163	0.000694266821604778	-8.74304191257678e-05
89.115646	0.000697943048422587	-7.68280508856374e-05
79.415741	0.000700567123130939	-6.26677430283628e-05
70.793182	0.00070193540575951	-5.04787421673564e-05
63.082279	0.000705403515772036	-4.20255748208298e-05
56.241825	0.000708892711529485	-3.19254640960853e-05
50.112232	0.000710944374912494	-2.28801750800197e-05
44.671223	0.000712987413704411	-1.71299631770703e-05
39.808899	0.000716877831269628	-1.21928087924369e-05
35.488308	0.000722305383136506	-5.83636722603931e-06
31.629578	0.000724667206050423	-2.97746230178839e-06
28.187037	0.000727216687657634	-6.94144563039178e-07
25.120602	0.000727504696893286	3.72320963166127e-06
22.385418	0.000731637367252368	6.02739203976637e-06
19.955338	0.000735740192192571	1.00450327271197e-05
17.775894	0.000737664047201654	1.29195553650439e-05
15.846864	0.000740334190316669	9.69255490212729e-06
14.127493	0.000741717385766277	1.376424957642e-05
12.587309	0.000743466212812782	1.20122660979291e-05
11.216775	0.000746143653564634	1.56879230690212e-05
9.9968166	0.000748172063082568	1.42518534339488e-05
8.9082127	0.000747986728964549	1.51127583263387e-05
7.9395623	0.000753108980168416	1.59025128192173e-05
7.0765615	0.000753950185958491	1.99179215067273e-05
6.3105822	0.000754452631511627	1.73488537225107e-05
5.6245475	0.000755522857951184	1.49517237082015e-05
5.0112233	0.000757999218432873	1.65152075991811e-05
4.4642835	0.00076118351131515	1.72480381331692e-05
3.9819033	0.000760828974936685	1.61013717805323e-05
3.5479143	0.000764013957653959	1.70666998093793e-05
3.1629577	0.00076250569916992	1.78591706354659e-05
2.818361	0.000763590523608591	1.6717262975433e-05
2.5112481	0.000764876602837031	1.63190897826032e-05
2.2398233	0.000765929112493483	1.70673272982545e-05
1.9950197	0.000768001516755835	1.83119842384914e-05
1.7775893	0.000767832692307414	1.62288737124161e-05
1.5846864	0.000769435845637672	1.78256603178339e-05
1.4122353	0.00077035141910043	1.79248752102638e-05
1.2582541	0.000770695778513121	2.00616270727145e-05
1.1224822	0.00077472625455573	2.07352562445662e-05
1.0000616	0.000775800876730936	1.97804288989255e-05
0.89082122	0.000775662015356806	2.21885344891841e-05
0.79444051	0.000776757273578897	2.12420593668725e-05
0.70784986	0.000777661882729944	2.19765240714487e-05
0.63126236	0.000779847946481062	2.14635774219024e-05
0.562536	0.000781620171637285	2.10127625355718e-05
0.50118715	0.000782539503860872	2.3004646824667e-05
0.44642836	0.000784451512850816	2.47680947983574e-05
0.39821118	0.000784843527598787	2.54082948889843e-05
0.35475865	0.000786151584450187	2.51616781357258e-05
0.31619295	0.000788443291540851	2.73823867979434e-05
0.2819173	0.000789518008175479	2.97467549172449e-05
0.25117323	0.000793713141340993	3.12177963455275e-05
0.22391155	0.000792580286833979	3.18486074450226e-05
0.19957349	0.000796119374838986	3.32864861729944e-05
0.17779917	0.000800326807686901	3.57333801132818e-05
0.15846863	0.000800929403856103	3.71851517290054e-05
0.14123619	0.000802442389725311	3.61585993233068e-05
0.12590662	0.000801886187073139	4.02423470942008e-05
0.1122199	0.000805848377914206	4.03419492398863e-05
0.10002181	0.000809914568216892	4.14140910804711e-05
