10002.226	0.00118040397761521	-0.00958561033926517
8914.9326	0.00114197434878896	-0.00858034531824674
7943.9951	0.00110114849206195	-0.00768041022760549
7081.583	0.00106797693136299	-0.00687621188181007
6307.7358	0.00103713567505839	-0.00615326257557989
5622.5879	0.00100684407472645	-0.00550741176539361
5011.603	0.00097657315312286	-0.00493397664307532
4466.4292	0.000951506359539973	-0.00441627914106678
3981.2773	0.000929019884527366	-0.00395400931574691
3548.8679	0.000906298947109851	-0.00354017801735963
3163.0398	0.000886201288423899	-0.00316956954354588
2819.0986	0.000870632806304691	-0.0028388066814734
2512.4104	0.000853832910145236	-0.00254201371838475
2239.2869	0.000838498709250895	-0.00228026591603029
1995.6381	0.000825011396629415	-0.00204263086452327
1778.2897	0.000812998365380658	-0.00182815191800521
1584.4927	0.000800116120462799	-0.00163786652996313
1412.7418	0.000789544931205555	-0.00146846803295663
1258.7905	0.000781776569876514	-0.00131582087728204
1121.7966	0.00076998698153422	-0.00118093695594046
999.68164	0.00076253249564942	-0.00105902054740657
891.42474	0.000754021317090995	-0.000950328940553363
794.23932	0.000746687227823605	-0.000853909166067163
707.96161	0.000737307892971905	-0.000763754750537508
631.00977	0.000732645837489017	-0.000687267254294943
562.33929	0.000725016735407435	-0.00061607624404808
501.12231	0.000718956985733478	-0.000550901803161361
446.57214	0.000715621705623457	-0.000492633720067769
398.08899	0.000707977026356474	-0.000442171721039518
354.88681	0.000704311459775387	-0.000392534481927696
316.31589	0.000703087015727709	-0.000349801476637797
281.8942	0.000699356673513068	-0.000312960701170894
251.20601	0.000693999674401632	-0.00027491441239951
223.92496	0.000696422972765548	-0.000243866980439618
199.55338	0.000690120282487138	-0.000214527858998239
177.78128	0.000693397899638193	-0.000187371985317681
158.52898	0.000691629086232353	-0.000163374851977034
141.21979	0.000691473128206451	-0.000144548398574057
125.92673	0.000690623709318688	-0.000124095482072077
112.19009	0.000692973948469959	-0.000107232269551122
99.968163	0.00069511115784955	-8.9230214348051e-05
89.115646	0.000697998923367319	-7.36028147673336e-05
79.415741	0.000699368579046551	-6.36545896687806e-05
70.793182	0.000703154048571047	-4.91368675417675e-05
63.082279	0.000703441478205171	-3.99784740359623e-05
56.241825	0.000711477608013384	-3.25162774179481e-05
50.112232	0.000709851632528228	-2.22377071818572e-05
44.671223	0.000714226084198766	-1.84868206972934e-05
39.808899	0.000717727040283226	-1.45120291747327e-05
35.488308	0.000719415593741252	-6.60392716521891e-06
31.629578	0.000724586813128289	-4.192237912955e-06
28.187037	0.000726337482817659	1.10650539020922e-06
25.120602	0.000729439682221609	2.2053339798502e-06
22.385418	0.000732502783768622	7.39996992785049e-06
19.955338	0.000733509394996273	9.1564506136038e-06
17.775894	0.000737692528428121	1.01348152274603e-05
15.846864	0.000740581852526827	1.02333831001318e-05
14.127493	0.00074169863065877	1.21010637243319e-05
12.587309	0.000743078603642671	1.1833036373158e-05
11.216775	0.00074619009702918	1.22942777621219e-05
9.9968166	0.000749798192998684	1.42912160557248e-05
8.9082127	0.000749437643757638	1.54069417168357e-05
7.9395623	0.000751765262941037	1.57827303127765e-05
7.0765615	0.000753436506449553	1.60707808697606e-05
6.3105822	0.000756871168806231	1.71320055440182e-05
5.6245475	0.000757418838673357	1.73757353926103e-05
5.0112233	0.00075948627408212	1.65651317294702e-05
4.4642835	0.000760839874329567	1.70392971703648e-05
3.9819033	0.000761466984363323	1.76032958875682e-05
3.5479143	0.000762860321760276	1.56973565653034e-05
3.1629577	0.000762698873441018	1.93448886071108e-05
2.818361	0.000764163654751644	1.63991464182353e-05
2.5112481	0.000765261687833553	1.70380302494104e-05
2.2398233	0.000767281784707558	1.66152553019488e-05
1.9950197	0.000765877798271234	1.85275208956641e-05
1.7775893	0.00076980099671854	1.89387601756788e-05
1.5846864	0.000770640343516084	1.9119191804494e-05
1.4122353	0.000768722269052664	1.80783072384443e-05
1.2582541	0.000771067968814268	2.01779145562883e-05
1.1224822	0.000774376730962194	2.13786445420278e-05
1.0000616	0.000774904882619548	1.89724356872559e-05
0.89082122	0.000776271506112278	1.8805898684109e-05
0.79444051	0.000776544410735605	2.05313061674601e-05
0.70784986	0.000778702967428813	1.95295559459167e-05
0.63126236	0.000781380666821209	2.1383251174325e-05
0.562536	0.000782143459209351	2.28355205275427e-05
0.50118715	0.000782459543556544	2.2270610173151e-05
0.44642836	0.000782924422730563	2.32269392352267e-05
0.39821118	0.000787351444951365	2.61373161962549e-05
0.35475865	0.000787317947494819	2.68970289996311e-05
0.31619295	0.000786946624592026	2.57586582101909e-05
0.2819173	0.000790116512122789	2.86784086069209e-05
0.25117323	0.000792135458621804	2.9607892938184e-05
0.22391155	0.000795896244177095	3.16826172048422e-05
0.19957349	0.000797656726801118	3.13135051104769e-05
0.17779917	0.000798374634920249	3.4352118769525e-05
0.15846863	0.000798639297505409	3.58338392967136e-05
0.14123619	0.000801529857987105	3.80606768440854e-05
0.12590662	0.000803063095387831	3.65180092658082e-05
0.1122199	0.00080710325843618	3.90193333502398e-05
0.10002181	0.000809294339549531	4.40439868341645e-05
