10002.226	0.00118037350670283	-0.00958667698368859
8914.9326	0.00113964938904019	-0.00858111081772121
7943.9951	0.00110296658865236	-0.00768183773787525
7081.583	0.00107076476210358	-0.00687529479597744
6307.7358	0.00103774293743643	-0.0061514747874983
5622.5879	0.00100582287591395	-0.00550799086334039
5011.603	0.000975030042419088	-0.00493176317248231
4466.4292	0.000953651751269544	-0.00441412232227814
3981.2773	0.000928039836850475	-0.00395434047200847
3548.8679	0.000907114666196951	-0.00353999215321509
3163.0398	0.000886205529375006	-0.00317023815241632
2819.0986	0.000869771099673429	-0.00283938232364609
2512.4104	0.000853237302467488	-0.00254249154418466
2239.2869	0.0008376298166863	-0.00227888077919007
1995.6381	0.000825257120412784	-0.00204011690423331
1778.2897	0.000813783765801629	-0.00182862182063595
1584.4927	0.000800211134679329	-0.00163972072969635
1412.7418	0.000786781869084048	-0.00147179431352134
1258.7905	0.000780104345550453	-0.00131822911767386
1121.7966	0.000771602138075637	-0.00118205201165676
999.68164	0.000760403789595406	-0.00105958344614985
891.42474	0.000752808219675352	-0.000950910146516638
794.23932	0.000749267175882987	-0.000854450241594708
707.96161	0.000739702183673627	-0.000763931984301604
631.00977	0.000730675724452906	-0.000687858422452616
562.33929	0.000725746590126943	-0.000616051994469404
501.12231	0.000719886543319746	-0.000550757464055446
446.57214	0.000714168925364214	-0.000491218192925004
398.08899	0.000709488599427016	-0.000441417932647452
354.88681	0.000705491217099383	-0.000392856351868285
316.31589	0.000705027101101308	-0.000347157692846919
281.8942	0.000699778492988385	-0.000312053517830947
251.20601	0.000693335793367812	-0.000274692058915154
223.92496	0.000694744567416709	-0.000243134987641438
199.55338	0.000692209957244251	-0.000216779276527893
177.78128	0.000690449158085145	-0.000187908679753643
158.52898	0.000692879624811881	-0.000165534394202874
141.21979	0.000690885545324422	-0.000143943436148798
125.92673	0.000691203384343531	-0.000123925743053655
112.19009	0.000694469568086801	-0.000108027649636732
99.968163	0.000696883209072404	-8.82408784460202e-05
89.115646	0.000698143148932163	-7.58115136359108e-05
79.415741	0.000698873336639703	-6.27434802875552e-05
70.793182	0.000701865203503746	-5.0382249475619e-05
63.082279	0.00070611284421542	-4.08033213298428e-05
56.241825	0.000708669881107065	-3.26063950390748e-05
50.112232	0.000709204772666366	-2.27299562890159e-05
44.671223	0.000713590949345404	-1.89462531822745e-05
39.808899	0.000719185509699697	-1.20604002896511e-05
35.488308	0.000720739257508576	-8.28496974072291e-06
31.629578	0.000723628468774582	-1.88327200928545e-06
28.187037	0.00072705500025545	-1.42264259814279e-07
25.120602	0.000729669135224009	3.18768903130661e-06
22.385418	0.00073132683071755	8.69770614931585e-06
19.955338	0.000735679092344711	8.63170364692272e-06
17.775894	0.00073747331708524	1.22828371648245e-05
15.846864	0.000741215184763145	1.06131773069255e-05
14.127493	0.000743807976234185	1.29325232664097e-05
12.587309	0.000745352739536647	1.15312801389638e-05
11.216775	0.000746038400611896	1.51383605481999e-05
9.9968166	0.000747966808013978	1.41282328978669e-05
8.9082127	0.000750906614293733	1.46929669428663e-05
7.9395623	0.000749636209738368	1.53218648528538e-05
7.0765615	0.000755442013810852	1.66822816616829e-05
6.3105822	0.000753518111473663	1.86501114507224e-05
5.6245475	0.000756814861005637	1.56011141118837e-05
5.0112233	0.000758783834540199	1.87795163543835e-05
4.4642835	0.000759509589260933	1.6713608794386e-05
3.9819033	0.000760236494310531	1.62405132919216e-05
3.5479143	0.000761624782083883	1.66452667169204e-05
3.1629577	0.000762952886283084	1.74174220862474e-05
2.818361	0.000765236939931234	1.69039474350736e-05
2.5112481	0.000764703827968994	1.60308444283586e-05
2.2398233	0.000765647698509881	1.79353481891006e-05
1.9950197	0.000766613667849198	2.0323302108424e-05
1.7775893	0.000768863209624654	1.72680273360686e-05
1.5846864	0.000770483690939603	1.65936428351881e-05
1.4122353	0.000771025940709174	1.68941003085648e-05
1.2582541	0.0007715361097902	1.88015535329663e-05
1.1224822	0.000773296053943765	1.97960423463744e-05
1.0000616	0.000775754053464707	2.08363964872898e-05
0.89082122	0.000775039115461825	1.95772485225074e-05
0.79444051	0.000777980896147474	2.0406920456731e-05
0.70784986	0.000779132151476292	2.20175260795425e-05
0.63126236	0.000780804221549841	2.11606112864469e-05
0.562536	0.00078126550942803	2.08030707341973e-05
0.50118715	0.000782402137014089	2.30674168165761e-05
0.44642836	0.000782818257301466	2.44573046372012e-05
0.39821118	0.000785328387570067	2.46034137848595e-05
0.35475865	0.000786678548868518	2.4272486943426e-05
0.31619295	0.000786631571454454	2.80472112204727e-05
0.2819173	0.000790622651697341	2.70406020610107e-05
0.25117323	0.000791769493060814	2.97185821580646e-05
0.22391155	0.000793411719384743	2.99387106485888e-05
0.19957349	0.000796660085686885	3.23689141719317e-05
0.17779917	0.000798824377077931	3.47336365788556e-05
0.15846863	0.000799150551124837	3.56810866132415e-05
0.14123619	0.000801423018223516	3.61307919229569e-05
0.12590662	0.000804290855411479	3.88664445733904e-05
0.1122199	0.000805644289818311	4.18566639028815e-05
0.10002181	0.000809091889334634	4.41964529530733e-05
