10002.226	0.00118250269786259	-0.00958608447534893
8914.9326	0.00114169391558661	-0.00858098167724374
7943.9951	0.00110294271822935	-0.00768035041037105
7081.583	0.00106580666328169	-0.00687740706489171
6307.7358	0.00103825556276705	-0.00615349984597706
5622.5879	0.00100567261421328	-0.00550605742784419
5011.603	0.000978199978983953	-0.0049328162721091
4466.4292	0.000951727387796011	-0.00441512375947357
3981.2773	0.000930513619490136	-0.00395446051001177
3548.8679	0.000905913754950146	-0.00354032412599083
3163.0398	0.00088752680942823	-0.00317053552621232
2819.0986	0.000870156269190087	-0.00283807877032706
2512.4104	0.000852819226399644	-0.00254302651599098
2239.2869	0.000838437168255449	-0.00227867717031413
1995.6381	0.000826137644388956	-0.00204009688404026
1778.2897	0.000814816775034814	-0.00182839264052311
1584.4927	0.000799082407579506	-0.00163920494918345
1412.7418	0.000788690565411239	-0.00146880373303488
1258.7905	0.00077860269397309	-0.00131621055809779
1121.7966	0.000770787693621743	-0.00118400564716295
999.68164	0.000762501666089083	-0.0010592556960645
891.42474	0.00075425120006921	-0.000950208239043938
794.23932	0.000749014522066704	-0.000854017036519204
707.96161	0.000738071598674735	-0.000763525925908378
631.00977	0.000733628317424222	-0.000687826021052316
562.33929	0.000725725956358872	-0.000614091404408189
501.12231	0.000720553961058178	-0.000553469819477204
446.57214	0.000715489004771638	-0.000492141522148579
398.08899	0.000709244265325749	-0.000442062884484416
354.88681	0.000705782194506245	-0.000394103833549967
316.31589	0.000703212837924657	-0.000348705136571457
281.8942	0.000698376074345365	-0.00031150385804095
251.20601	0.000696202882350946	-0.000276596293873132
223.92496	0.000692273433268691	-0.000243126874760741
199.55338	0.000692150804727722	-0.000215118816746759
177.78128	0.000693057679422102	-0.000187543435965224
158.52898	0.00069141774387204	-0.000164408138867028
141.21979	0.000690946010396792	-0.000144191282444595
125.92673	0.000692644847448902	-0.000123231069341034
112.19009	0.000694592292188645	-0.000108193717281399
99.968163	0.00069455926461899	-8.98417722483737e-05
89.115646	0.000697108781477312	-7.55306807030402e-05
79.415741	0.000699366851216658	-6.25835578418869e-05
70.793182	0.000701172277838526	-5.13016750316463e-05
63.082279	0.000704520772295551	-4.16262256058163e-05
56.241825	0.000709645655317494	-3.1631974845386e-05
50.112232	0.000710654012259066	-2.32730921572024e-05
44.671223	0.000713829424443068	-1.8650596704423e-05
39.808899	0.000716321177989867	-1.40333461817178e-05
35.488308	0.000720918134867613	-8.02970359834861e-06
31.629578	0.000723889067199612	-2.82901190312115e-06
28.187037	0.000725484496446889	-1.86551549763945e-06
25.120602	0.000728785457439379	5.71926944851794e-06
22.385418	0.000732535532628486	7.0991982687426e-06
19.955338	0.000736571072176816	7.24372911913408e-06
17.775894	0.0007372145581734	1.0925009862393e-05
15.846864	0.000739918626118094	1.14111967786194e-05
14.127493	0.000745081537288214	1.24935031416618e-05
12.587309	0.000743233907928188	1.2856666147395e-05
11.216775	0.000746923999952596	1.43015260766606e-05
9.9968166	0.000749186442521211	1.45287064063578e-05
8.9082127	0.000749214634306805	1.45990942026009e-05
7.9395623	0.00075255259261724	1.50795582748877e-05
7.0765615	0.000754388922715396	1.8413377474784e-05
6.3105822	0.000754975638608208	1.76928327854242e-05
5.6245475	0.000757775832965603	1.50746096664264e-05
5.0112233	0.000759274321832094	1.81182686935035e-05
4.4642835	0.000761482211543887	1.83504628040516e-05
3.9819033	0.000759854252908996	1.71193106186656e-05
3.5479143	0.000762907378759376	1.8338291018454e-05
3.1629577	0.000764620657549517	1.93143255516286e-05
2.818361	0.000767026540884925	1.5781957055103e-05
2.5112481	0.000765780062242279	1.66554795589912e-05
2.2398233	0.000765766452611572	1.92978595921585e-05
1.9950197	0.000766807630225232	1.885287572609e-05
1.7775893	0.000768132733754659	1.60931724813666e-05
1.5846864	0.000769867800349453	1.84861198878074e-05
1.4122353	0.000771849859851994	1.90974372745036e-05
1.2582541	0.000769730310477177	2.07743667133607e-05
1.1224822	0.000773267690156497	2.08089218010019e-05
1.0000616	0.000772687781347311	2.04135538955197e-05
0.89082122	0.00077554751930774	2.23302468022202e-05
0.79444051	0.000775615207240176	2.06344760241709e-05
0.70784986	0.000776474413298431	2.1340763660479e-05
0.63126236	0.000781481780767465	2.28980259221538e-05
0.562536	0.000781831531476044	2.42247582835056e-05
0.50118715	0.000784684247866586	2.43030324041651e-05
0.44642836	0.000785385807320715	2.61240333003906e-05
0.39821118	0.000784120791181286	2.66876466051577e-05
0.35475865	0.000787532566039545	2.44052962866252e-05
0.31619295	0.000789526410636415	2.84386418449887e-05
0.2819173	0.000790889409932552	2.88057748423214e-05
0.25117323	0.000792691839658381	3.00987049776705e-05
0.22391155	0.000796578262223447	3.15487451577537e-05
0.19957349	0.000795244036652381	3.23098829298675e-05
0.17779917	0.000797599659432819	3.46216451554293e-05
0.15846863	0.000802036448103791	3.57296768094204e-05
0.14123619	0.000801641213414112	3.70658922345317e-05
0.12590662	0.000802275365492222	3.83975845809678e-05
0.1122199	0.00080622524370489	4.03380067235907e-05
0.10002181	0.000810502404455853	4.22447349880574e-05
