10002.226	0.00118185102971622	-0.00958532991407106
8914.9326	0.00113989832741061	-0.00858107163127365
7943.9951	0.00110369022550772	-0.00768182554385543
7081.583	0.00106889968327268	-0.00687614115999432
6307.7358	0.00103656834276632	-0.00615399759603338
5622.5879	0.00100562689112216	-0.00550780513067986
5011.603	0.000976824027686102	-0.00493187590896334
4466.4292	0.00095282292954334	-0.00441441280436971
3981.2773	0.000927418805656098	-0.0039536935290453
3548.8679	0.000907601423616924	-0.00354254325754981
3163.0398	0.000887269004426835	-0.00317257259197065
2819.0986	0.000871894468621034	-0.0028377020979252
2512.4104	0.000853802356208773	-0.00254081579881951
2239.2869	0.000838767678354113	-0.00228070681078909
1995.6381	0.000824936692009091	-0.00204110964394658
1778.2897	0.000814009551391989	-0.00182853372605086
1584.4927	0.000800136997218201	-0.00163860044300718
1412.7418	0.000788666999537741	-0.00146803086871753
1258.7905	0.000779964316575341	-0.00132018267236813
1121.7966	0.000771496755096344	-0.00118290478330116
999.68164	0.000763564158324545	-0.00105770668874684
891.42474	0.000754567182224152	-0.000951371576633386
794.23932	0.000746076116183872	-0.000853740574938763
707.96161	0.000738387413150802	-0.000764617123297305
631.00977	0.000731669675762393	-0.000685121995885982
562.33929	0.000725375657561671	-0.000613624123561382
501.12231	0.000720387737002878	-0.000551654970356108
446.57214	0.000716551044781743	-0.000493309443916967
398.08899	0.000708257406803324	-0.000441480323173708
354.88681	0.000705597220587222	-0.000393476410065577
316.31589	0.000704159592723777	-0.000350931734528419
281.8942	0.000697394669766164	-0.000311910389930825
251.20601	0.000694395906198141	-0.000277053959947711
223.92496	0.000695801515602068	-0.000246047410559586
199.55338	0.000695362064151073	-0.000218327117991754
177.78128	0.00069387066769889	-0.0001882049493039
158.52898	0.000691521346399841	-0.000164996895341044
141.21979	0.000691222768959219	-0.000144327597129906
125.92673	0.000692777137018376	-0.000124285457084678
112.19009	0.000696138207705531	-0.000106809232688676
99.968163	0.000695945802309972	-8.8856404453819e-05
89.115646	0.000697647475679545	-7.6530515016249e-05
79.415741	0.000700611094177452	-6.24095871280851e-05
70.793182	0.000701718221891383	-4.98135647365e-05
63.082279	0.000705463676566932	-4.11214627590961e-05
56.241825	0.000708213523610102	-3.30677204343765e-05
50.112232	0.000709799869393844	-2.39766454908544e-05
44.671223	0.000714440447495162	-1.64490280430486e-05
39.808899	0.00071794055471907	-1.22899891647997e-05
35.488308	0.000720616159310911	-6.64256481646174e-06
31.629578	0.000723117195783066	-1.89235980175663e-06
28.187037	0.000726096073189979	6.33094360727069e-07
25.120602	0.000729069685158267	4.73781804611168e-06
22.385418	0.000732534972087546	7.86245534886732e-06
19.955338	0.000735355883290804	9.3548092727769e-06
17.775894	0.000737603280489807	1.15577738440371e-05
15.846864	0.000739803261734235	9.63232736890057e-06
14.127493	0.000741124767927138	1.12233669278574e-05
12.587309	0.000745354270184414	1.36086342544356e-05
11.216775	0.000747047898605	1.27889918409323e-05
9.9968166	0.000750077557525997	1.46431757902661e-05
8.9082127	0.000750053445144093	1.67506934542676e-05
7.9395623	0.000750527119473432	1.64152888703689e-05
7.0765615	0.000753513106192523	1.64996203055659e-05
6.3105822	0.000755477835658515	1.66973712565824e-05
5.6245475	0.000756654264981788	1.52244954946995e-05
5.0112233	0.000758624223884487	1.78207655113684e-05
4.4642835	0.000759564475284515	1.63617897829749e-05
3.9819033	0.000759278953272056	1.67498687357862e-05
3.5479143	0.000761534229546431	1.57415816076647e-05
3.1629577	0.000766121899380606	1.67607193038955e-05
2.818361	0.000764693209561682	1.67269008594215e-05
2.5112481	0.000765899271878507	1.65672755735924e-05
2.2398233	0.000766970612412864	1.71783406379867e-05
1.9950197	0.000766478863151017	1.80735814302033e-05
1.7775893	0.000767311303699569	1.77943653739018e-05
1.5846864	0.000770594139392672	1.91991732058507e-05
1.4122353	0.000770605169028031	1.86197831072582e-05
1.2582541	0.000770659083808637	1.7840641952815e-05
1.1224822	0.000772456687753711	1.98712071248782e-05
1.0000616	0.000776023586638664	1.96801137402828e-05
0.89082122	0.000775140273947305	2.25540894572154e-05
0.79444051	0.000778166813652517	2.1180274688695e-05
0.70784986	0.000778691870000801	2.0511463262581e-05
0.63126236	0.000779895222176226	2.31648612173361e-05
0.562536	0.000781261848134592	2.30715914637322e-05
0.50118715	0.000783674855271848	2.28882469715317e-05
0.44642836	0.000784037965055311	2.43414046772677e-05
0.39821118	0.000785565575396796	2.46759334023712e-05
0.35475865	0.000787358196432554	2.86339463072011e-05
0.31619295	0.000788934397906244	2.82889247253906e-05
0.2819173	0.000790014633772939	2.88969765715466e-05
0.25117323	0.000791812241281662	2.99343286698257e-05
0.22391155	0.000795286135683155	3.15795364603726e-05
0.19957349	0.000793422311832209	3.3172476053682e-05
0.17779917	0.000795631711700727	3.46890394345601e-05
0.15846863	0.000800378041090553	3.47589887098232e-05
0.14123619	0.000800581170620105	3.69377623060698e-05
0.12590662	0.000802434325263094	3.910510594382e-05
0.1122199	0.000805715318063629	4.00708955348166e-05
0.10002181	0.000810249731603566	4.36202472367625e-05
