10002.226	0.00118406652413465	-0.00955252951164892
8914.9326	0.00114285764219094	-0.00855230426520201
7943.9951	0.00110739375307844	-0.00765358173465301
7081.583	0.001071791412634	-0.00685130993421835
6307.7358	0.00104144320614211	-0.00612955274676716
5622.5879	0.00100920414957489	-0.00548753827054226
5011.603	0.000979618912233336	-0.00491718373399302
4466.4292	0.000956571910416867	-0.00439950147522824
3981.2773	0.000931725229710671	-0.00394091886144802
3548.8679	0.00090937952984105	-0.00352885042569324
3163.0398	0.000891238321926779	-0.00315959946012785
2819.0986	0.000873355491653653	-0.00282806245720087
2512.4104	0.000856693223785915	-0.00253369695508504
2239.2869	0.000841726618992795	-0.00227130446441971
1995.6381	0.000829142180778045	-0.00203403594193158
1778.2897	0.000817716628709034	-0.00182256824836703
1584.4927	0.000804197853561236	-0.00163085081337314
1412.7418	0.000790596448938982	-0.00146326909401153
1258.7905	0.000783783700771316	-0.00131382581825538
1121.7966	0.0007741131174137	-0.00117750515440538
999.68164	0.00076501841821233	-0.00105409587905315
891.42474	0.000755954370822995	-0.000948004329009374
794.23932	0.00075089352092361	-0.000850190760895734
707.96161	0.000742860756993805	-0.000762310583677337
631.00977	0.000735116256347894	-0.00068361599859515
562.33929	0.000732246345003461	-0.000613167721354356
501.12231	0.000723945495649323	-0.000549039436360713
446.57214	0.00071883592435676	-0.000491563648421338
398.08899	0.000712512138280783	-0.00043863204593665
354.88681	0.000707478295135269	-0.000390651026276081
316.31589	0.000708065994767326	-0.000348544943838074
281.8942	0.000702930945090403	-0.000312227060248038
251.20601	0.000699026436528109	-0.000276282495172185
223.92496	0.000698562633251714	-0.000243105786377677
199.55338	0.000697893614554081	-0.000215367415238845
177.78128	0.000695405192800702	-0.000186220288817484
158.52898	0.000697847110777927	-0.000163654823020515
141.21979	0.000695413453670123	-0.000143891254334017
125.92673	0.000694806406246678	-0.000123687541559888
112.19009	0.000697468226793904	-0.000109214969856139
99.968163	0.000700183072624495	-8.79396210900273e-05
89.115646	0.000703853212383783	-7.42404653118076e-05
79.415741	0.00070347626835809	-6.32202977678216e-05
70.793182	0.000705636920969492	-5.02811440988976e-05
63.082279	0.000710233493143415	-4.30666947073536e-05
56.241825	0.000713325681599605	-3.21465328349868e-05
50.112232	0.000714194033249773	-2.29443359347774e-05
44.671223	0.000717377512874848	-1.79927526552712e-05
39.808899	0.000720628002458002	-1.18661733512536e-05
35.488308	0.00072608712354565	-7.01736542123233e-06
31.629578	0.000727202110106151	-2.59890074493801e-06
28.187037	0.000729960594005468	-1.19279428233206e-07
25.120602	0.000734056433215799	4.87920437492588e-06
22.385418	0.000735395447144731	8.07734037945596e-06
19.955338	0.000738562029910201	7.88980657262083e-06
17.775894	0.000741881599938828	9.71532448954241e-06
15.846864	0.000742086095656377	1.07042027908202e-05
14.127493	0.0007478368263533	1.33835686447529e-05
12.587309	0.000745869157685516	1.20797098844669e-05
11.216775	0.000750325301766098	1.46292255820371e-05
9.9968166	0.00075236135534694	1.28958142098453e-05
8.9082127	0.000753473457135352	1.49460645058705e-05
7.9395623	0.000755403965326636	1.69497199445969e-05
7.0765615	0.000759006670107952	1.72720658247877e-05
6.3105822	0.000757879633021386	1.64241422255095e-05
5.6245475	0.000761517869292142	1.54373640355272e-05
5.0112233	0.000762718989942522	1.65880690389965e-05
4.4642835	0.000765635608270726	1.6497708754115e-05
3.9819033	0.000765227946921478	1.60372584368213e-05
3.5479143	0.000764741541115919	1.71472188838124e-05
3.1629577	0.000766766594953667	2.00081934770718e-05
2.818361	0.000766661471758093	1.79411881870762e-05
2.5112481	0.000769495034540411	1.66720706155914e-05
2.2398233	0.000768512446283629	1.70523039385755e-05
1.9950197	0.000770715190930673	1.60556763526519e-05
1.7775893	0.000771711463257638	1.7880601668748e-05
1.5846864	0.000773006366622212	1.82466049663149e-05
1.4122353	0.000773756249892567	1.78734444906001e-05
1.2582541	0.000775044838710011	2.03740938122587e-05
1.1224822	0.000778367198797528	1.9821088661128e-05
1.0000616	0.000780051713361273	1.91905623955776e-05
0.89082122	0.000779856954544444	2.09033320995945e-05
0.79444051	0.000781377002216775	2.09052776178602e-05
0.70784986	0.000783956948048112	2.25128434945543e-05
0.63126236	0.000783652912965896	2.21613190234444e-05
0.562536	0.000784412946287105	2.29923724558211e-05
0.50118715	0.000785724291073563	2.22616805845597e-05
0.44642836	0.00078854557795498	2.50134782494683e-05
0.39821118	0.000789942307149372	2.63113424913856e-05
0.35475865	0.000790678726327347	2.70315405992928e-05
0.31619295	0.000792731822577999	2.63491383430881e-05
0.2819173	0.000795381457791045	3.05362703201613e-05
0.25117323	0.000796086006986905	2.96464644301555e-05
0.22391155	0.000800353674007396	3.02905907720368e-05
0.19957349	0.000799085794007039	3.35707791227272e-05
0.17779917	0.000800875182524744	3.36777973954778e-05
0.15846863	0.000804665820671615	3.51997692688426e-05
0.14123619	0.000804903447503719	3.99342161862848e-05
0.12590662	0.000807078341242285	4.00866682388321e-05
0.1122199	0.000811238662829843	3.98873683196413e-05
0.10002181	0.000812447040777608	4.28179074734674e-05
