10002.226	0.00118404313807029	-0.00955343199606232
8914.9326	0.00114634173894132	-0.008549873543781
7943.9951	0.00110677886918424	-0.00765320105052264
7081.583	0.0010715550841644	-0.0068516608798779
6307.7358	0.00104117286953494	-0.00612877267308594
5622.5879	0.00100810815523318	-0.00548873539760575
5011.603	0.000980327405496033	-0.00491556198357082
4466.4292	0.000956750541997888	-0.00440086711644802
3981.2773	0.000932526883175014	-0.00393830417244277
3548.8679	0.000909937462573263	-0.00352891940838395
3163.0398	0.000890834171073771	-0.0031606973291664
2819.0986	0.000872464755749786	-0.00282896951515015
2512.4104	0.000858215223946363	-0.00253405615614302
2239.2869	0.000841012065896075	-0.00227103111783338
1995.6381	0.000829246092829194	-0.00203293744579942
1778.2897	0.000817448266532292	-0.00182339923859171
1584.4927	0.000803363687716609	-0.00163335644912186
1412.7418	0.000793385717735216	-0.00146355903452136
1258.7905	0.000782950064319274	-0.00131216824003505
1121.7966	0.000776311885450084	-0.00117618456770591
999.68164	0.000766394974125771	-0.00105496207257294
891.42474	0.000756602940284389	-0.000947906963308997
794.23932	0.0007510160976971	-0.000848449216096632
707.96161	0.000743321687836089	-0.000762582701852272
631.00977	0.000736958316537523	-0.000685441872651743
562.33929	0.000729415998517967	-0.000611731970931849
501.12231	0.000726376969428101	-0.000549683722884122
446.57214	0.000721053525090277	-0.000492299251828645
398.08899	0.000714609413001974	-0.000439465675996189
354.88681	0.000708846565497721	-0.000393523894351481
316.31589	0.000707201029397806	-0.000347833774353658
281.8942	0.000701273334026932	-0.000311513508279034
251.20601	0.00069915942672662	-0.000276224490842491
223.92496	0.000697732623682072	-0.0002419402405849
199.55338	0.000696530632373701	-0.000217008111491832
177.78128	0.000694705915918973	-0.000187601819311599
158.52898	0.00069644022613756	-0.000162440907254689
141.21979	0.000695672232463951	-0.000141208332068286
125.92673	0.000695735832830463	-0.000122324348442065
112.19009	0.000695858997723129	-0.000106539516627475
99.968163	0.000698904873286959	-8.93342385844837e-05
89.115646	0.000702553279757579	-7.66041124060614e-05
79.415741	0.000703346002602084	-6.22989582484274e-05
70.793182	0.000706459824354657	-4.99778729774394e-05
63.082279	0.000708371014392765	-4.24035207962334e-05
56.241825	0.00071154788340451	-3.25625063388467e-05
50.112232	0.000714551389872723	-2.39927246305157e-05
44.671223	0.000719437459745841	-1.65647707823401e-05
39.808899	0.000722815984676839	-1.31055269780518e-05
35.488308	0.000724115784585018	-8.27406113665851e-06
31.629578	0.000727264636556877	-8.02698790630924e-07
28.187037	0.000730468190436701	1.16484965580581e-07
25.120602	0.000731298071581098	2.63283682190804e-06
22.385418	0.000735425558668606	6.75600523171882e-06
19.955338	0.000738567626816592	7.76675674397609e-06
17.775894	0.000742235397097161	1.18295364326116e-05
15.846864	0.000743909383120452	1.21633276075408e-05
14.127493	0.000746825020421913	1.26476262509929e-05
12.587309	0.00074825190641489	1.24558727500612e-05
11.216775	0.000748925321893541	1.46304168834204e-05
9.9968166	0.000751869610774445	1.35708584594343e-05
8.9082127	0.000753931091319231	1.45005179786256e-05
7.9395623	0.000753857001041346	1.58087342688465e-05
7.0765615	0.000757218884091205	1.71118280209548e-05
6.3105822	0.000761040956001591	1.92251787558338e-05
5.6245475	0.000759957519416496	1.60839777912901e-05
5.0112233	0.00076256819376069	1.92466555286382e-05
4.4642835	0.000763990915634299	1.65584495901189e-05
3.9819033	0.000764393740377807	1.67009160478598e-05
3.5479143	0.000767685922106565	1.67724812793329e-05
3.1629577	0.000767032900770829	1.72396089141316e-05
2.818361	0.000766770455900873	1.67706656165324e-05
2.5112481	0.000772377662924108	1.84598430452665e-05
2.2398233	0.000771195898679167	1.79896958117418e-05
1.9950197	0.000770807412587443	1.83316148164843e-05
1.7775893	0.000772486105043001	1.61232433696182e-05
1.5846864	0.000774424511033235	1.62215094702978e-05
1.4122353	0.000774903353795304	1.76762950796606e-05
1.2582541	0.000775744165761316	1.86394474429435e-05
1.1224822	0.000777772887757542	1.89025781093141e-05
1.0000616	0.000778597762124796	2.02407668062343e-05
0.89082122	0.000783461629665192	2.06810244016787e-05
0.79444051	0.000780867383943575	1.90415827565639e-05
0.70784986	0.000784619271469751	2.15022692170546e-05
0.63126236	0.000784862016950062	2.26513904921635e-05
0.562536	0.000784469229476804	2.24527435330382e-05
0.50118715	0.000787376244426687	2.30521723231963e-05
0.44642836	0.000787422326982904	2.47875306302732e-05
0.39821118	0.000789552453145587	2.48371632771036e-05
0.35475865	0.000790271956183992	2.72602642408364e-05
0.31619295	0.000793348518432901	2.94370047438808e-05
0.2819173	0.0007933688916136	2.9647767467385e-05
0.25117323	0.000796649384887202	3.07463528977917e-05
0.22391155	0.000797979784969986	3.00458030746148e-05
0.19957349	0.000800467451917593	3.20444505906802e-05
0.17779917	0.000801199468145962	3.33849306109831e-05
0.15846863	0.000801319445208187	3.43361308782127e-05
0.14123619	0.000804661623270776	3.70047522200065e-05
0.12590662	0.000808961842804851	3.98230395781726e-05
0.1122199	0.000809728428978747	4.08824578901797e-05
0.10002181	0.000812565234832576	4.29886287964653e-05
