10002.226	0.00118579464762954	-0.00955092264360838
8914.9326	0.00114354151633617	-0.00855055157825254
7943.9951	0.00110736045170634	-0.00765404803485308
7081.583	0.00106914545708482	-0.00685183827496097
6307.7358	0.00103974350536388	-0.00613181907095073
5622.5879	0.00101033996858123	-0.00549043644106719
5011.603	0.00098113585179765	-0.00491549523255755
4466.4292	0.000954743054748664	-0.00439881983191884
3981.2773	0.000933264891545507	-0.00393829179406083
3548.8679	0.000908981912166549	-0.0035287522678762
3163.0398	0.000889119438612712	-0.00316079578413797
2819.0986	0.000872361761376647	-0.0028291717920621
2512.4104	0.000856793398416806	-0.00253382041476911
2239.2869	0.000840394195245136	-0.00227151979790515
1995.6381	0.000828629403177014	-0.00203360793337221
1778.2897	0.000815528272643012	-0.00182279409763923
1584.4927	0.000805423633191863	-0.00163262160828925
1412.7418	0.00079019282448408	-0.0014650050743811
1258.7905	0.000786080732673248	-0.00131283921076754
1121.7966	0.000774668020509137	-0.00117777510215711
999.68164	0.000766138476696437	-0.00105430427305809
891.42474	0.00075666845251848	-0.000948436151033964
794.23932	0.000751277722172613	-0.000850208860698727
707.96161	0.000742958324416	-0.000762394848704918
631.00977	0.000735323755353466	-0.000684660287661491
562.33929	0.000730165268430956	-0.000610914295774862
501.12231	0.000723367954666022	-0.000549416702032929
446.57214	0.000720150851034174	-0.000490103439279546
398.08899	0.000713407523209819	-0.00043846010347503
354.88681	0.000709823047995909	-0.000394209808008759
316.31589	0.000708559207729194	-0.000347995162886797
281.8942	0.00070474553491017	-0.000311345518930188
251.20601	0.000699113525387063	-0.000275427139800571
223.92496	0.000696838453825057	-0.000244885158498113
199.55338	0.00069709070231375	-0.000214755791947865
177.78128	0.000695815609208995	-0.000188405070333709
158.52898	0.000695046338533905	-0.000163531177937493
141.21979	0.000696307627437625	-0.00014221814840561
125.92673	0.000695738304049275	-0.000122642108933954
112.19009	0.000697176518231908	-0.000108358473709231
99.968163	0.000701651986726712	-8.88018060344463e-05
89.115646	0.000701488915797828	-7.45169624195297e-05
79.415741	0.000704171806451753	-6.33683065032084e-05
70.793182	0.000705476271513072	-5.218931456897e-05
63.082279	0.000707844268197133	-4.08471173850775e-05
56.241825	0.000714741772249184	-3.22052686853514e-05
50.112232	0.000714680172893922	-2.34266239083288e-05
44.671223	0.000716432785567188	-1.71258391049481e-05
39.808899	0.000719412680850639	-1.25252056104168e-05
35.488308	0.000724321932778715	-6.26024912133186e-06
31.629578	0.000724777897925498	-2.29546391874248e-06
28.187037	0.000729134179936368	9.97319280207912e-07
25.120602	0.000731131371987443	4.04264773572667e-06
22.385418	0.000735837899790248	8.44596149637576e-06
19.955338	0.000736370380504416	9.1607874047743e-06
17.775894	0.000741496059553528	1.32054373580394e-05
15.846864	0.000743322373040119	1.21527513823662e-05
14.127493	0.00074732573880532	1.37467753570166e-05
12.587309	0.000747824143132336	1.32277499565223e-05
11.216775	0.000749761557316912	1.43853323989428e-05
9.9968166	0.0007515236032824	1.58444251861762e-05
8.9082127	0.000755186321899015	1.46605107268919e-05
7.9395623	0.000755192069265873	1.46136753630287e-05
7.0765615	0.000758613034104938	1.63082546225273e-05
6.3105822	0.000760377461660894	1.60387586088661e-05
5.6245475	0.000760735877595675	1.69988013764339e-05
5.0112233	0.000763409771186441	1.75761210939421e-05
4.4642835	0.000763523208620577	1.84342973939428e-05
3.9819033	0.000763926683527085	1.62624400697744e-05
3.5479143	0.000765420260267578	1.85186074078206e-05
3.1629577	0.000767311609857063	1.7278975484352e-05
2.818361	0.000768780432230183	1.75712096452546e-05
2.5112481	0.000768694852209964	1.62072655000685e-05
2.2398233	0.000769481355582727	1.66944871958267e-05
1.9950197	0.00077263852631902	1.61652805994785e-05
1.7775893	0.000771587658903919	1.88990293983238e-05
1.5846864	0.00077304123158618	1.66168304238593e-05
1.4122353	0.000773983722267979	1.7195664766665e-05
1.2582541	0.000772476819233345	1.94843330378161e-05
1.1224822	0.000776895439158977	1.99221217838e-05
1.0000616	0.000778473403444049	2.08463707871382e-05
0.89082122	0.0007783805106858	2.05558902597828e-05
0.79444051	0.0007809809042925	2.06136046425956e-05
0.70784986	0.000782919010622675	2.05654327956628e-05
0.63126236	0.000785336870206857	2.16414168011131e-05
0.562536	0.000784446311502384	2.29867099683059e-05
0.50118715	0.00078697647276178	2.25089480234239e-05
0.44642836	0.000786823477753895	2.49166037154808e-05
0.39821118	0.000792014840648295	2.59424552578216e-05
0.35475865	0.000791985227907763	2.72257052564016e-05
0.31619295	0.000791140589571565	2.94152583597102e-05
0.2819173	0.000793539898138985	2.80739461715482e-05
0.25117323	0.000797344070868132	2.98954480936325e-05
0.22391155	0.000797060535150931	3.20104289966983e-05
0.19957349	0.000800991517577887	3.15544029008596e-05
0.17779917	0.000801536601228206	3.40731636896939e-05
0.15846863	0.000804430512731446	3.56144215860478e-05
0.14123619	0.000805358933392331	3.79972513849683e-05
0.12590662	0.000809591774333542	3.82080707218562e-05
0.1122199	0.000809998488528565	3.92846707108705e-05
0.10002181	0.000813801864461088	4.33081388045113e-05
