10002.226	0.00118497256639637	-0.00955368508267721
8914.9326	0.0011443137046426	-0.00854967846254508
7943.9951	0.00110968708987254	-0.00765538303424911
7081.583	0.00107189405762077	-0.00685070764708922
6307.7358	0.00104003784589553	-0.00613164029937808
5622.5879	0.00100839446228698	-0.00548915044424476
5011.603	0.000980513343120776	-0.00491329894881414
4466.4292	0.000956996720485988	-0.00440094623388255
3981.2773	0.000932310032621453	-0.00394056618000671
3548.8679	0.000908455933654116	-0.00352864222309763
3163.0398	0.000890234048073948	-0.00316046659461098
2819.0986	0.000876141059393582	-0.00282768950511616
2512.4104	0.000857087176619806	-0.00253254949019362
2239.2869	0.000841763531215964	-0.00227292040955934
1995.6381	0.000829399639855879	-0.00203412130016959
1778.2897	0.000817003620139104	-0.00182215781346561
1584.4927	0.000803293012721584	-0.00163244651340176
1412.7418	0.0007908506324755	-0.00146446026613883
1258.7905	0.000784183695885809	-0.00131171063298604
1121.7966	0.000775906978163173	-0.00117893465963671
999.68164	0.000765056416406526	-0.00105410548620824
891.42474	0.000756740069794728	-0.000950185101200451
794.23932	0.00075191515465217	-0.000851257122181741
707.96161	0.000742695073375204	-0.000761341286971812
631.00977	0.000735840846342166	-0.000686843605313994
562.33929	0.000730163222619236	-0.000612869961266741
501.12231	0.000723937018738168	-0.000549304674567793
446.57214	0.00071778866921719	-0.000491426349800375
398.08899	0.000713170153560398	-0.000440514529015781
354.88681	0.000709509350285671	-0.000392673953439306
316.31589	0.000705991338370792	-0.000349894231108461
281.8942	0.000703521341207118	-0.000309592770592286
251.20601	0.000699166235812109	-0.00027429814422219
223.92496	0.00069875206321617	-0.000242686332743807
199.55338	0.000697642602925951	-0.000214233543915997
177.78128	0.000694039324934472	-0.000185739661152415
158.52898	0.000695969057345443	-0.000164182665557316
141.21979	0.000696059536147337	-0.000143065934432375
125.92673	0.000695733053471219	-0.00012338592674169
112.19009	0.000699388482971527	-0.000106532648191298
99.968163	0.000699686902993696	-8.98153417186453e-05
89.115646	0.000702300097021949	-7.61386307664892e-05
79.415741	0.000703628897690687	-6.349417170118e-05
70.793182	0.000705859786270393	-5.23411566858117e-05
63.082279	0.000707300358474899	-4.1994017175418e-05
56.241825	0.000712377275357493	-3.06973280511839e-05
50.112232	0.000714068325311301	-2.43261972544226e-05
44.671223	0.000717934321857432	-1.69005360706215e-05
39.808899	0.000722527495837033	-1.23274681896579e-05
35.488308	0.000724894719106062	-7.00291180489483e-06
31.629578	0.00072691985435129	-2.47837706772437e-06
28.187037	0.000729739271287878	1.40411731767326e-06
25.120602	0.000732813476609493	4.18239752104168e-06
22.385418	0.000736430997707053	5.61884944102999e-06
19.955338	0.000737667067711988	7.04677054717571e-06
17.775894	0.000742273219339912	1.27050942588117e-05
15.846864	0.000745449529859669	1.05014257561221e-05
14.127493	0.000745703613050132	1.46897424812235e-05
12.587309	0.000746844703801683	1.22090991924763e-05
11.216775	0.000750139200465173	1.33274748311789e-05
9.9968166	0.000752706602321144	1.33269867846794e-05
8.9082127	0.000753689110046077	1.47079451309634e-05
7.9395623	0.00075587171169696	1.62107439631437e-05
7.0765615	0.000757689306396085	1.95057151127587e-05
6.3105822	0.000761334549978818	1.56334480345907e-05
5.6245475	0.00076088997091732	1.48815776263384e-05
5.0112233	0.000762897806063296	1.74070941986345e-05
4.4642835	0.000763945820842924	1.80266662139514e-05
3.9819033	0.000764743252568019	1.74234334607609e-05
3.5479143	0.000765876760112094	1.5795613803806e-05
3.1629577	0.000767555551797738	1.93205210713499e-05
2.818361	0.000770815338017887	1.62198469676114e-05
2.5112481	0.000769286456299082	1.57865891752989e-05
2.2398233	0.000771076162022977	1.60684268683893e-05
1.9950197	0.000771333532428477	1.87865602450824e-05
1.7775893	0.000771702538600622	1.75100448920131e-05
1.5846864	0.000774637288020597	1.8853695626112e-05
1.4122353	0.000773779589360708	1.73536252384125e-05
1.2582541	0.000775386735805266	1.89480515397676e-05
1.1224822	0.000777096018370864	1.8696877550208e-05
1.0000616	0.000778533768213387	1.91840302560093e-05
0.89082122	0.000781006845806575	2.06948593080795e-05
0.79444051	0.00078051713796506	2.03548635317403e-05
0.70784986	0.000780476259287016	2.18174885267481e-05
0.63126236	0.000784181123296352	2.0700088819565e-05
0.562536	0.000784229270219187	2.11413348989676e-05
0.50118715	0.000787032385203883	2.4118459232887e-05
0.44642836	0.000790907598982129	2.41288786867234e-05
0.39821118	0.000790016384812085	2.41496432115509e-05
0.35475865	0.000790961215623539	2.65587041462246e-05
0.31619295	0.000793001021298124	2.68356062586277e-05
0.2819173	0.000794661171508668	2.97204547587125e-05
0.25117323	0.000797703462031584	2.87575530888339e-05
0.22391155	0.000797057507275833	3.12365974871848e-05
0.19957349	0.000801256088063729	3.18702525681589e-05
0.17779917	0.000802338013461517	3.25763054090016e-05
0.15846863	0.000804095081498777	3.50095938757647e-05
0.14123619	0.000805518409353597	3.63601592452498e-05
0.12590662	0.000807239919326873	3.8658514419079e-05
0.1122199	0.000811061537758958	4.03218104310511e-05
0.10002181	0.000811364579802615	4.28593912346192e-05
