10002.226	0.00118587460894668	-0.00955384342086828
8914.9326	0.00114462887918279	-0.00855082253945232
7943.9951	0.00110934018288688	-0.00765356147550461
7081.583	0.00107191042102321	-0.00685083510456793
6307.7358	0.00104247813901808	-0.00613134394713229
5622.5879	0.00100910690941682	-0.00548847817194065
5011.603	0.0009799119812376	-0.00491470967591161
4466.4292	0.00095667428862846	-0.00439973936021223
3981.2773	0.000932848438225964	-0.00394140363237529
3548.8679	0.000910980899252748	-0.00352845925109176
3163.0398	0.000890657839293772	-0.00315925758184371
2819.0986	0.00087356956466004	-0.00283028308306779
2512.4104	0.000857143471965443	-0.00253492663219057
2239.2869	0.000842157801632261	-0.00227152548773854
1995.6381	0.000826533226975604	-0.00203283333236623
1778.2897	0.000817473772489774	-0.00182348975339118
1584.4927	0.000804996513578446	-0.0016342110501506
1412.7418	0.000793043792837824	-0.00146497275021444
1258.7905	0.000783501896587096	-0.00131221633476078
1121.7966	0.00077307263249616	-0.00117890962163375
999.68164	0.000766689383476415	-0.00105584554663633
891.42474	0.000755522796523945	-0.000947464608960819
794.23932	0.000749496769288926	-0.000851144617116669
707.96161	0.000742179410684709	-0.000761106020452979
631.00977	0.000736349913684402	-0.000684929158690684
562.33929	0.00073030518709917	-0.000612678485319726
501.12231	0.000722823815090939	-0.000549546500907105
446.57214	0.000718590114827769	-0.000489556231476908
398.08899	0.000711794742698683	-0.000439501013138292
354.88681	0.000710596703612204	-0.000392278153986474
316.31589	0.000709290675193162	-0.000348008715981952
281.8942	0.000702763860731842	-0.000311665922897785
251.20601	0.000698090545905807	-0.000276598391635797
223.92496	0.000698037722388288	-0.000244093290706784
199.55338	0.000696011515106282	-0.000215539929224941
177.78128	0.000694601840750564	-0.000185447598295105
158.52898	0.000696609372505731	-0.000162671530976953
141.21979	0.000696615811997518	-0.000144652114156767
125.92673	0.000694583009192832	-0.000122882732386025
112.19009	0.000697661657704658	-0.000107901964982242
99.968163	0.000699905818046843	-8.89605921926229e-05
89.115646	0.000701680383683391	-7.64578250067969e-05
79.415741	0.000703709349273562	-6.36873244999427e-05
70.793182	0.000705393168940736	-5.14705572320791e-05
63.082279	0.000710652022349941	-4.24533276711828e-05
56.241825	0.000713539227907023	-3.12506367724365e-05
50.112232	0.000715500696191885	-2.37446809326948e-05
44.671223	0.000717073143991434	-1.82640011692772e-05
39.808899	0.000719395402416537	-1.53351212489057e-05
35.488308	0.000725098284240864	-7.12821885401025e-06
31.629578	0.000725667748687344	-1.62234278942619e-06
28.187037	0.000731342542497286	-1.7668968396719e-07
25.120602	0.00073191339917087	4.69635030773327e-06
22.385418	0.0007367173715741	7.11640399473004e-06
19.955338	0.000740713055549479	7.79458046054834e-06
17.775894	0.000741019241782905	1.13375653257806e-05
15.846864	0.000744532417140573	1.15822672426576e-05
14.127493	0.000748074108384747	1.08625936384032e-05
12.587309	0.000747180066382951	1.45071929795099e-05
11.216775	0.000748878698194508	1.71734434591332e-05
9.9968166	0.000752537841847853	1.29397372604531e-05
8.9082127	0.000753159825097728	1.55932200378387e-05
7.9395623	0.00075503029834313	1.75227612798929e-05
7.0765615	0.000756155504400229	1.77188116502418e-05
6.3105822	0.000758654542905914	1.78729890585823e-05
5.6245475	0.000760917957638673	1.71486770014877e-05
5.0112233	0.000762479962638727	1.67572838946452e-05
4.4642835	0.000764464338332731	1.63732655416481e-05
3.9819033	0.000764841858625062	1.74222115987292e-05
3.5479143	0.000766181601758005	1.75834833193836e-05
3.1629577	0.000767640298667895	1.84917202511256e-05
2.818361	0.000769633006052924	1.6086293024878e-05
2.5112481	0.000767658387056419	1.56796929043205e-05
2.2398233	0.000771378221543239	1.72028169049859e-05
1.9950197	0.000772755844862456	1.58619047183675e-05
1.7775893	0.000772469538622765	1.73661554049112e-05
1.5846864	0.000774240983462835	1.83425928147291e-05
1.4122353	0.000775649339559343	1.78152502019381e-05
1.2582541	0.000773706483948589	1.88008018813723e-05
1.1224822	0.00077695707988237	2.07418145190466e-05
1.0000616	0.000777643002748633	2.00197331396357e-05
0.89082122	0.000780047057342029	2.13211301734082e-05
0.79444051	0.000780614885548097	2.16806242460224e-05
0.70784986	0.000781392671358287	2.06790104348046e-05
0.63126236	0.000784580337931016	2.28536849745115e-05
0.562536	0.000786146852591231	2.17739927421747e-05
0.50118715	0.000784742612593976	2.57160882171777e-05
0.44642836	0.000788163245112182	2.33845498316207e-05
0.39821118	0.000789448267332666	2.46504104080831e-05
0.35475865	0.000792289298790398	2.72674319445223e-05
0.31619295	0.000793079338803098	2.75348566277746e-05
0.2819173	0.000793640506405714	2.72360869253711e-05
0.25117323	0.00079516886024351	2.74010760335078e-05
0.22391155	0.000797554213157196	3.25429920960696e-05
0.19957349	0.000799852309287129	2.99737458600745e-05
0.17779917	0.000800316524411139	3.26588230200171e-05
0.15846863	0.00080526672843503	3.74154328050474e-05
0.14123619	0.00080672970799682	3.73896832488139e-05
0.12590662	0.000807600001728434	3.85336595237758e-05
0.1122199	0.000809792859897303	3.87011162542407e-05
0.10002181	0.000814623086590068	4.36826150378095e-05
