10002.226	0.00118480453238936	-0.00955196897002175
8914.9326	0.00114443009037939	-0.0085512955849442
7943.9951	0.00110489366129319	-0.00765384278718116
7081.583	0.00107258501826246	-0.00685249047357081
6307.7358	0.00104049105843444	-0.00613045434460034
5622.5879	0.00100728776005933	-0.00548943261618471
5011.603	0.000980567072160113	-0.00491475718306136
4466.4292	0.000956312087524558	-0.00439979451771135
3981.2773	0.000932551782390289	-0.00393919335240754
3548.8679	0.000910509525171203	-0.00352806234654632
3163.0398	0.000891542702904808	-0.0031582175253337
2819.0986	0.000874382083279023	-0.00282884283472491
2512.4104	0.000855621486880147	-0.00253485123899176
2239.2869	0.000841617524570069	-0.00227056981217603
1995.6381	0.000828157619261329	-0.00203168600617262
1778.2897	0.000817511322663717	-0.00182426679360614
1584.4927	0.000803582408463832	-0.00163285302419479
1412.7418	0.000790838331551724	-0.00146291292930294
1258.7905	0.000783861828823193	-0.00131423219758269
1121.7966	0.000774487406536197	-0.00117884842389935
999.68164	0.000766892688011096	-0.00105428277705021
891.42474	0.000757546951340491	-0.000950052786022127
794.23932	0.00075081863909976	-0.000851546187868582
707.96161	0.000743421069769661	-0.000760743788412881
631.00977	0.000735401121506408	-0.00068664281798201
562.33929	0.000730690386942608	-0.000613149602741438
501.12231	0.000724549759802605	-0.000548898062052152
446.57214	0.000718808511271569	-0.000489780262140695
398.08899	0.000715985247541717	-0.000440197498216235
354.88681	0.000709120671705547	-0.000391623632501004
316.31589	0.000706193296334436	-0.000348423399749026
281.8942	0.000704722344146348	-0.000310902026718991
251.20601	0.000697007545022929	-0.0002760926008043
223.92496	0.000697914721025506	-0.000244063346747281
199.55338	0.000696830118557695	-0.000215975704701865
177.78128	0.000696373431592484	-0.00018838431220409
158.52898	0.000694328751766425	-0.000164931953850796
141.21979	0.000695373632268385	-0.000144002308151873
125.92673	0.000693898505407012	-0.000121867032686611
112.19009	0.000698550895380372	-0.000106956046838605
99.968163	0.000699040393610019	-9.05768459488677e-05
89.115646	0.000702072820486503	-7.43182048306842e-05
79.415741	0.000703804217278283	-6.37757086914897e-05
70.793182	0.000706049144128886	-4.9926741628437e-05
63.082279	0.000709007583330545	-4.09727720463629e-05
56.241825	0.000712698270549375	-3.12689255081837e-05
50.112232	0.000714874442044305	-2.3287409043955e-05
44.671223	0.000717989978258833	-1.91381732344347e-05
39.808899	0.000720230537669718	-1.30570072748233e-05
35.488308	0.000724101660937865	-6.49166819658039e-06
31.629578	0.000727080999437146	-2.45335339033644e-06
28.187037	0.000730360043290664	7.76816099954802e-07
25.120602	0.000732283403160858	4.97247165013724e-06
22.385418	0.000736463859601329	7.6086553691048e-06
19.955338	0.000738245408334076	8.01782914271107e-06
17.775894	0.000742135859613136	1.05176266052186e-05
15.846864	0.000744983258383916	1.17795745236132e-05
14.127493	0.000747756512259174	1.48196781742704e-05
12.587309	0.000747228056844495	1.28788408722755e-05
11.216775	0.000752591977478324	1.45072358775743e-05
9.9968166	0.000752563010831014	1.30099318394322e-05
8.9082127	0.000753468848940861	1.59281913944389e-05
7.9395623	0.000755285030126768	1.72811015984793e-05
7.0765615	0.000755552419147664	1.63783194573208e-05
6.3105822	0.000758515825948924	1.67900651609987e-05
5.6245475	0.000759292840211229	1.7422453277448e-05
5.0112233	0.000763464587049183	1.69265449202354e-05
4.4642835	0.000763729871464818	1.74258509832776e-05
3.9819033	0.000764498913040198	1.6501433633695e-05
3.5479143	0.000765127433097181	1.67846414114136e-05
3.1629577	0.000766439744086254	1.94183821489956e-05
2.818361	0.000768407514920317	1.65843867454686e-05
2.5112481	0.000770360376025077	1.50784792735171e-05
2.2398233	0.000770633524067317	1.66036195078835e-05
1.9950197	0.000770997285966348	2.03335007905636e-05
1.7775893	0.000772924838264389	1.68324818203421e-05
1.5846864	0.000775175113171343	1.75289596292349e-05
1.4122353	0.000773581468302482	1.83250213097459e-05
1.2582541	0.000774879618478556	1.80336578705907e-05
1.1224822	0.000776588520575174	2.06604484738572e-05
1.0000616	0.000779436408541996	1.92819944150876e-05
0.89082122	0.000780832320025334	2.00828995187153e-05
0.79444051	0.000780467959451589	2.13427832039117e-05
0.70784986	0.000782022211493739	2.24649380139477e-05
0.63126236	0.000782792164108569	2.23110344615995e-05
0.562536	0.000784799213306301	2.23144561427671e-05
0.50118715	0.000784051885654132	2.34142210162279e-05
0.44642836	0.00078773555892154	2.3954306849937e-05
0.39821118	0.000788700443284529	2.46343387963724e-05
0.35475865	0.000791571823770633	2.72294021861045e-05
0.31619295	0.000791397291721186	2.62346396869309e-05
0.2819173	0.000793519405960284	2.7873912414292e-05
0.25117323	0.000794764155670967	2.96037427634235e-05
0.22391155	0.000798660856871818	3.04101020842803e-05
0.19957349	0.000798744948043427	3.21446967317113e-05
0.17779917	0.000800858927718926	3.54579955565707e-05
0.15846863	0.000805438241241725	3.4772659386959e-05
0.14123619	0.000804487226336828	3.85529480199189e-05
0.12590662	0.000805290328460411	4.0458100706994e-05
0.1122199	0.00081032671325738	4.1682266710529e-05
0.10002181	0.000811080267754436	4.32561423145712e-05
