10002.226	0.00117718095039557	-0.0094473790920844
8914.9326	0.00113632099240902	-0.00845761500885717
7943.9951	0.00110109864859547	-0.00756983689735396
7081.583	0.00106444732254226	-0.00677534425280858
6307.7358	0.00103446253951524	-0.00606207695505596
5622.5879	0.00100149729527332	-0.00542901393679072
5011.603	0.000972587161533004	-0.00486175050556337
4466.4292	0.000948003940878367	-0.00435261676406917
3981.2773	0.000925121913329315	-0.00389740897297995
3548.8679	0.000902061662214367	-0.00348936602938211
3163.0398	0.000885296534507054	-0.00312417105928429
2819.0986	0.000864126954572422	-0.00279881010408893
2512.4104	0.000848593658363158	-0.00250505028830078
2239.2869	0.000834575041422421	-0.002246360679734
1995.6381	0.000823246602355386	-0.00201154255899327
1778.2897	0.000807984853252517	-0.00180155620388069
1584.4927	0.000795418933040111	-0.00161611433733039
1412.7418	0.000785919560727282	-0.00144927475357633
1258.7905	0.000776471195593313	-0.00130099695830342
1121.7966	0.000766111281542306	-0.00116534148091662
999.68164	0.000757493885626374	-0.00104319842076309
891.42474	0.000749577722086087	-0.000936928830080835
794.23932	0.00074188158278272	-0.000841747403922286
707.96161	0.000734721259487333	-0.000751131498224814
631.00977	0.000727540343124169	-0.000678265180164314
562.33929	0.000722353245692351	-0.000604759987471037
501.12231	0.00071495788814604	-0.000543230811247608
446.57214	0.000710775025977304	-0.000484457975178681
398.08899	0.000707251518063023	-0.000435714569133176
354.88681	0.000701597088951685	-0.000388115485597684
316.31589	0.000697892496430718	-0.000345150830402403
281.8942	0.000694775791036616	-0.000308100982027054
251.20601	0.000691424002946651	-0.000271493717524766
223.92496	0.000688935006429159	-0.000240875983606231
199.55338	0.000687886794996473	-0.000213149739096359
177.78128	0.000688481753515291	-0.000184137858818564
158.52898	0.000687540503837922	-0.000160608894862657
141.21979	0.000688826101542198	-0.000141427890344552
125.92673	0.00068844084298033	-0.000120179198481526
112.19009	0.000691038259128069	-0.000108173254222494
99.968163	0.000691603423402453	-8.92869763798385e-05
89.115646	0.000695574735806714	-7.53661416266059e-05
79.415741	0.000695788304923827	-6.40402984056983e-05
70.793182	0.000697779363679989	-5.19297660580602e-05
63.082279	0.000700706475789509	-3.92741281454814e-05
56.241825	0.000707951189304857	-3.22985616048871e-05
50.112232	0.000708388473584631	-2.35062023903158e-05
44.671223	0.00071098911829611	-1.75800038600353e-05
39.808899	0.000713602236922663	-1.47068122828743e-05
35.488308	0.000715515672946751	-7.26568755611476e-06
31.629578	0.000719735289364537	-2.44994324952784e-06
28.187037	0.00072340364074548	1.7413203174802e-06
25.120602	0.00072500847992095	2.97082400376495e-06
22.385418	0.000729477485904548	6.74885742559807e-06
19.955338	0.000730989990062435	8.92475163503258e-06
17.775894	0.000735587061942802	1.19495912532012e-05
15.846864	0.000736109811799937	1.15234622966865e-05
14.127493	0.000739396211017948	1.19517238650079e-05
12.587309	0.000740719278924205	1.23545120558056e-05
11.216775	0.000742377886592414	1.49444320802585e-05
9.9968166	0.000744179227307031	1.45186719916332e-05
8.9082127	0.000746370154431567	1.50205103815329e-05
7.9395623	0.000748896524149939	1.4858719141487e-05
7.0765615	0.000749212311114615	1.74560970550363e-05
6.3105822	0.000753315639002851	1.5593278470242e-05
5.6245475	0.000751384739156378	1.60640323200161e-05
5.0112233	0.000753201303033023	1.60368908125084e-05
4.4642835	0.000755683096465433	1.60286326559221e-05
3.9819033	0.000756930841778577	1.71866033304736e-05
3.5479143	0.000757161149613847	1.75354170618621e-05
3.1629577	0.000760466518102626	1.74112270578661e-05
2.818361	0.000762194351829882	1.67186293864439e-05
2.5112481	0.000759256568761412	1.64641296442409e-05
2.2398233	0.000762723664837739	1.584796201975e-05
1.9950197	0.000763019924282952	1.63909996651023e-05
1.7775893	0.000763471629767878	1.81807192976697e-05
1.5846864	0.000766856265262592	1.64896724332018e-05
1.4122353	0.000768657942778191	1.74324367452776e-05
1.2582541	0.000767080542209266	1.84650095382348e-05
1.1224822	0.000769278814820157	1.722186009435e-05
1.0000616	0.000770129799756461	2.03389215022739e-05
0.89082122	0.000772052448106233	2.0291017317132e-05
0.79444051	0.000772962981981929	2.0211605213836e-05
0.70784986	0.00077459367481951	2.23143200499385e-05
0.63126236	0.000776072304617268	2.07239273733626e-05
0.562536	0.000776815927849774	2.31628851091844e-05
0.50118715	0.000779962876918579	2.17366924093502e-05
0.44642836	0.000779924452325344	2.31445137096687e-05
0.39821118	0.000782342694326725	2.45325875486029e-05
0.35475865	0.000782131872258315	2.55562021757804e-05
0.31619295	0.000784932592521154	2.95045231594661e-05
0.2819173	0.000787723923844582	2.64735561306622e-05
0.25117323	0.000790386985685385	2.80248598709849e-05
0.22391155	0.000789083404022706	3.12017927208738e-05
0.19957349	0.000791160370284173	2.97125680358642e-05
0.17779917	0.000794194701102241	3.33347065246789e-05
0.15846863	0.000795216443011945	3.32497979958303e-05
0.14123619	0.000797695051129199	3.71201140271955e-05
0.12590662	0.000799902657189511	3.80965321781485e-05
0.1122199	0.000802313089358124	4.02443082608598e-05
0.10002181	0.000804788679027585	4.02059804814137e-05
