10002.226	0.00117738494873365	-0.00944672274306399
8914.9326	0.00113705080335025	-0.00845774438763893
7943.9951	0.00109921864268236	-0.00756879279119354
7081.583	0.00106296700105894	-0.00677702076259133
6307.7358	0.00103310970248444	-0.00606335517659025
5622.5879	0.00100083462926321	-0.00542911680151904
5011.603	0.000973049729175161	-0.00485926304571146
4466.4292	0.000948630012801525	-0.00435105257019531
3981.2773	0.000923693441485143	-0.00389535750241316
3548.8679	0.000903616887470309	-0.0034895355239516
3163.0398	0.000884323391595337	-0.00312438470231263
2819.0986	0.000866450696801278	-0.00279689271142248
2512.4104	0.000848539137464712	-0.00250580678042321
2239.2869	0.000834785007616182	-0.00224611605660134
1995.6381	0.000821791611370992	-0.00201272898024726
1778.2897	0.00081115792946041	-0.00180217060612178
1584.4927	0.00079615100692647	-0.00161505765596176
1412.7418	0.000782615643792006	-0.00144880453554232
1258.7905	0.000775307029608157	-0.00129813552634394
1121.7966	0.000767362119741021	-0.00116376260401482
999.68164	0.000757362321885666	-0.00104381185077013
891.42474	0.000749130717612482	-0.000937356428444945
794.23932	0.00074098486055977	-0.000841700134952881
707.96161	0.000735588681306696	-0.000752461614675024
631.00977	0.000728634626568715	-0.000677093093016799
562.33929	0.000721301388404517	-0.00060708577949879
501.12231	0.000715875371580194	-0.0005425066961073
446.57214	0.000711145695160458	-0.000486284585203534
398.08899	0.000705720136224984	-0.00043419450639922
354.88681	0.000700972563714766	-0.000388735675838812
316.31589	0.000698562888625167	-0.000344901151913183
281.8942	0.0006963284264507	-0.000307284960988833
251.20601	0.000689137700166281	-0.000272388124083766
223.92496	0.000688435060431091	-0.00023986492878547
199.55338	0.000688715164882463	-0.000211807920473653
177.78128	0.000688183484729837	-0.000184827239651085
158.52898	0.000689209339117624	-0.000165357499585933
141.21979	0.000689774708872195	-0.000140282224099755
125.92673	0.000687408547816264	-0.000122323011654166
112.19009	0.000691593834988145	-0.000106917384227059
99.968163	0.00069286597286452	-8.78849416287104e-05
89.115646	0.000693457125519703	-7.53680473170195e-05
79.415741	0.00069729598460217	-6.19081371777265e-05
70.793182	0.000698346424116439	-5.08679502224109e-05
63.082279	0.000701924082215409	-4.099985769008e-05
56.241825	0.000706708763324117	-3.19800385262769e-05
50.112232	0.000706476271927529	-2.39474694274205e-05
44.671223	0.00070974185064113	-1.70995734583164e-05
39.808899	0.000712298365500131	-1.12940265488737e-05
35.488308	0.000717080830976609	-8.75417049572594e-06
31.629578	0.000719131399043697	-2.33878639849478e-06
28.187037	0.000721293681338994	-1.29079219421007e-06
25.120602	0.000725436073670926	3.34282873486756e-06
22.385418	0.000727702233501333	6.0951021408021e-06
19.955338	0.000731528053272007	8.11644240379824e-06
17.775894	0.000732253159728772	1.19774605225225e-05
15.846864	0.000737433947946132	1.05499445964797e-05
14.127493	0.000740428235497844	1.25052871002358e-05
12.587309	0.000739024867323202	1.36728181087181e-05
11.216775	0.000740279327322706	1.56514233386413e-05
9.9968166	0.000747156988225023	1.49604424166201e-05
8.9082127	0.00074662489671516	1.5226388953743e-05
7.9395623	0.000746861386302408	1.61469076248786e-05
7.0765615	0.000750864123988411	1.69138110744043e-05
6.3105822	0.000750865450770369	1.65728206191581e-05
5.6245475	0.000754103123901414	1.42333535671896e-05
5.0112233	0.000755759007622542	1.65821288918704e-05
4.4642835	0.000756989185036341	1.55924236746795e-05
3.9819033	0.000757026016984053	1.83333941789396e-05
3.5479143	0.000759360043429146	1.68749330567183e-05
3.1629577	0.000758716121540442	1.77896241534186e-05
2.818361	0.000760850398566732	1.80965902981544e-05
2.5112481	0.000761061838765164	1.61271570587847e-05
2.2398233	0.000761943691982904	1.66540574141504e-05
1.9950197	0.000763748902402022	1.73304379385773e-05
1.7775893	0.000764738792531296	1.70674245156824e-05
1.5846864	0.000765578990897896	1.85740142958756e-05
1.4122353	0.000766414350937848	1.76576693378859e-05
1.2582541	0.000768594266105214	1.87527774513188e-05
1.1224822	0.000770912989395073	1.82574601080882e-05
1.0000616	0.000770908471892979	2.02930907844787e-05
0.89082122	0.000771300417931632	1.91948310617396e-05
0.79444051	0.000772735140364431	2.21093866136996e-05
0.70784986	0.000774949846984876	2.01206885783428e-05
0.63126236	0.000776329744805624	2.25905932012431e-05
0.562536	0.000778248318798452	2.21588967955533e-05
0.50118715	0.000778869058114236	2.17408149981375e-05
0.44642836	0.000781828589479645	2.34238042371456e-05
0.39821118	0.00078121746724169	2.47771320518169e-05
0.35475865	0.000783642564961066	2.79043945440472e-05
0.31619295	0.000783441536845258	2.70492791122683e-05
0.2819173	0.000788043021160175	2.62014491391937e-05
0.25117323	0.000786780476529639	2.98148126269794e-05
0.22391155	0.000789916604399888	3.08926869348779e-05
0.19957349	0.000791949197279134	3.24099901369608e-05
0.17779917	0.000793665034860402	3.41673729319209e-05
0.15846863	0.000794988574858792	3.49735684135635e-05
0.14123619	0.000798450843470322	3.56105306563797e-05
0.12590662	0.000800351610694232	3.75531194214429e-05
0.1122199	0.000803091588604509	4.10410627639114e-05
0.10002181	0.00080365559955056	4.23158569274785e-05
