10002.226	0.0011786764941329	-0.00944643379190613
8914.9326	0.00113800699011167	-0.00845597703797662
7943.9951	0.00109867280106819	-0.00756947617010922
7081.583	0.00106481131755215	-0.00677872308230363
6307.7358	0.00103365847096668	-0.00606329172006215
5622.5879	0.00100090694554241	-0.00542935721810734
5011.603	0.000975390190896812	-0.00486096774168785
4466.4292	0.00094737685064054	-0.00435167988086912
3981.2773	0.000924335757825114	-0.00389833269667616
3548.8679	0.000901563921300693	-0.00348814405989477
3163.0398	0.000883966505197392	-0.00312642756022624
2819.0986	0.000866064015904118	-0.00279676559593023
2512.4104	0.000849548133858908	-0.00250652157815577
2239.2869	0.000832444300958505	-0.00224472299607708
1995.6381	0.000821763994184115	-0.00201273693867932
1778.2897	0.000808646960302908	-0.00180120791627065
1584.4927	0.000795761481335329	-0.00161709984121151
1412.7418	0.000783259596290345	-0.00144786307200953
1258.7905	0.000776335812353017	-0.00129985791254114
1121.7966	0.000766976903869572	-0.00116461566802648
999.68164	0.000757602139321361	-0.00104231134687928
891.42474	0.00075083513019651	-0.00093630426481853
794.23932	0.000743111202043427	-0.000841000174560332
707.96161	0.000734842689298828	-0.000753826334042905
631.00977	0.000729033903869523	-0.000677019897964648
562.33929	0.000721028904331792	-0.000605284685032504
501.12231	0.000716259160999888	-0.00054264210763907
446.57214	0.000710446915314489	-0.000483420450774996
398.08899	0.000705336597570991	-0.000434459134124941
354.88681	0.000702871257252453	-0.000388440317931559
316.31589	0.0006984811069627	-0.000344433761446269
281.8942	0.000694652519715972	-0.000307740119288935
251.20601	0.000690225681869634	-0.000273206890268595
223.92496	0.000689905865722707	-0.000241358795705431
199.55338	0.000688521533014537	-0.000212464796834158
177.78128	0.00068844723783981	-0.000186892114585712
158.52898	0.000688821043762198	-0.000162839882847508
141.21979	0.000688656984242118	-0.000141376993416981
125.92673	0.000689501802797792	-0.000122134511581126
112.19009	0.000691317742579471	-0.000105085058930907
99.968163	0.000692161781198124	-8.69513248064783e-05
89.115646	0.000695075524168196	-7.60491828639609e-05
79.415741	0.000694811589427274	-5.95573288945363e-05
70.793182	0.000698600229755169	-4.83233566526838e-05
63.082279	0.00070040518487318	-3.97823408674294e-05
56.241825	0.000704869876499595	-3.18274013989851e-05
50.112232	0.00070635659389576	-2.23552895673731e-05
44.671223	0.00070800650574896	-1.95091695285234e-05
39.808899	0.000715122244940956	-1.32513624717918e-05
35.488308	0.000715057949277094	-7.90168395566103e-06
31.629578	0.000719537662251282	-3.1439038311651e-07
28.187037	0.000721482565595991	-2.81437339000017e-07
25.120602	0.00072622973917975	2.15154109388889e-06
22.385418	0.000727100341291959	7.03381013058983e-06
19.955338	0.000730104385305383	8.07749371398141e-06
17.775894	0.000735314207306612	1.13907103810867e-05
15.846864	0.000735382774459568	1.0459725492373e-05
14.127493	0.00073863263836205	1.25591200943899e-05
12.587309	0.000739746571007442	1.36511211510221e-05
11.216775	0.000741463338669661	1.46482960250946e-05
9.9968166	0.000744917867335577	1.49444139963602e-05
8.9082127	0.0007470064249381	1.47695602005204e-05
7.9395623	0.000748152193869402	1.669754944346e-05
7.0765615	0.000751513603914965	1.76497178050953e-05
6.3105822	0.000752673094063976	1.75040608938573e-05
5.6245475	0.000753296512634495	1.60716106110036e-05
5.0112233	0.000756496765684768	1.80155467552044e-05
4.4642835	0.000756975696641661	1.77465626284952e-05
3.9819033	0.000755645756157104	1.70941700866982e-05
3.5479143	0.000758379725518129	1.91107847684854e-05
3.1629577	0.00076171213418587	1.79957542185308e-05
2.818361	0.000759791064818405	1.82367532879593e-05
2.5112481	0.000761736529982427	1.54901020614097e-05
2.2398233	0.000760598187665967	1.82390890683658e-05
1.9950197	0.000762877269312889	1.75067599902634e-05
1.7775893	0.000762248358529741	1.69984748654338e-05
1.5846864	0.000766171247516054	1.97125148873146e-05
1.4122353	0.000767075696476084	1.72580651995693e-05
1.2582541	0.000767628703550184	1.97603293047674e-05
1.1224822	0.000768607983147318	1.83606744023145e-05
1.0000616	0.000771804503690881	1.98627106460374e-05
0.89082122	0.000771589942885343	2.18254250642068e-05
0.79444051	0.000774976900937135	2.17178855673531e-05
0.70784986	0.000774819599093663	2.29886346279104e-05
0.63126236	0.000776285991847362	2.1408427717897e-05
0.562536	0.000778305938770324	2.38412141954886e-05
0.50118715	0.0007790785263105	2.24118021895448e-05
0.44642836	0.000779881313741587	2.51683423392047e-05
0.39821118	0.000779724253317293	2.56493730965008e-05
0.35475865	0.000783752148125494	2.71366124369525e-05
0.31619295	0.000784371142101543	2.74936495814879e-05
0.2819173	0.000785414973662787	2.85744319431331e-05
0.25117323	0.000786948882000435	2.91256316544236e-05
0.22391155	0.000790970745660307	2.95659991456785e-05
0.19957349	0.000791089570533178	3.17508837269203e-05
0.17779917	0.00079312055982657	3.46712266132877e-05
0.15846863	0.000794884171479304	3.61545075362754e-05
0.14123619	0.000797130570255714	3.88195423346349e-05
0.12590662	0.000801406130659793	3.90469838795504e-05
0.1122199	0.00080294964633079	3.92677690683652e-05
0.10002181	0.00080632695087202	4.22281882364562e-05
