10002.226	0.00117677298309184	-0.00944661931464474
8914.9326	0.00113654135496664	-0.00845703708739132
7943.9951	0.00109894571872725	-0.00756938211504188
7081.583	0.0010656345225935	-0.00677450784176716
6307.7358	0.0010329931765727	-0.00606454736902099
5622.5879	0.00100141161599228	-0.00542824339195036
5011.603	0.000973499324525735	-0.00486294691451947
4466.4292	0.000947884755433159	-0.00435124872157397
3981.2773	0.000924736829969678	-0.00389568650831998
3548.8679	0.000901874691132174	-0.0034899710789876
3163.0398	0.000882164252169109	-0.00312460753075733
2819.0986	0.000867244068425893	-0.00279785949883779
2512.4104	0.000848717616643949	-0.00250501213719877
2239.2869	0.000834383409571801	-0.00224666101474946
1995.6381	0.000823402090164002	-0.00201128418880739
1778.2897	0.000806561433279427	-0.00180297977593441
1584.4927	0.0007975992704934	-0.00161521260707676
1412.7418	0.000785089663208725	-0.00144867328321615
1258.7905	0.000775511470789703	-0.00129823770329806
1121.7966	0.0007677904547845	-0.00116560027939053
999.68164	0.000757737776824215	-0.00104380704754912
891.42474	0.000749066820419273	-0.000937364377522314
794.23932	0.000743698049272648	-0.000841901031052678
707.96161	0.000734527380489573	-0.000753851206830881
631.00977	0.000726510484065578	-0.000677980131541628
562.33929	0.000722630762764483	-0.000606616589250337
501.12231	0.000713837945029476	-0.000543441567044314
446.57214	0.00071038666544308	-0.000483153740299677
398.08899	0.000705990073596168	-0.000435771690019914
354.88681	0.000701558733147488	-0.000388636487989504
316.31589	0.000699280673501165	-0.00034403936704509
281.8942	0.000694204087788281	-0.000307097398465319
251.20601	0.000688996009744737	-0.000270426744954296
223.92496	0.000689495551174951	-0.000239139827911086
199.55338	0.00068898247571009	-0.000211876831764084
177.78128	0.000688145644923026	-0.000184685395309382
158.52898	0.000686366499524779	-0.000161749477631176
141.21979	0.000689330724401258	-0.000141939863440338
125.92673	0.000688057908691316	-0.000121986530232904
112.19009	0.00069184850810777	-0.000105957283801704
99.968163	0.00069076068064128	-8.90927966045174e-05
89.115646	0.000694359929250584	-7.62679128890261e-05
79.415741	0.000696321032801964	-6.28607288965711e-05
70.793182	0.0006991706506769	-5.07276783731533e-05
63.082279	0.000700942413225563	-4.06583088034338e-05
56.241825	0.000704057244996735	-3.24674903487919e-05
50.112232	0.000706326769477745	-2.13748613750917e-05
44.671223	0.000708803570471246	-1.92556746262122e-05
39.808899	0.000713731358688016	-1.2469059582523e-05
35.488308	0.000715841933726216	-7.73302109239509e-06
31.629578	0.000719444270799793	-1.04258916921081e-06
28.187037	0.000722321200018761	1.21652134718357e-06
25.120602	0.000724329229521528	2.93447278790348e-06
22.385418	0.000726825877958775	7.17942263470675e-06
19.955338	0.000730795163465102	8.90932032122023e-06
17.775894	0.000734640975951333	9.68322047242874e-06
15.846864	0.000737187440994329	1.15979733891738e-05
14.127493	0.000739053788214429	1.17293454443662e-05
12.587309	0.000742708155622109	1.27580952071077e-05
11.216775	0.0007420531361607	1.53701296514834e-05
9.9968166	0.000745153695198276	1.35642666908418e-05
8.9082127	0.000745247864520411	1.68187447253023e-05
7.9395623	0.000745935418760532	1.61444090761419e-05
7.0765615	0.000751727567998126	1.62271848717534e-05
6.3105822	0.000750617362890134	1.78930794971191e-05
5.6245475	0.000754909580904634	1.50693930221031e-05
5.0112233	0.000754008192924984	1.67126358869891e-05
4.4642835	0.000758387494877136	1.70448409074244e-05
3.9819033	0.000756761950614332	1.64123550496543e-05
3.5479143	0.00075839735404502	1.69738164150056e-05
3.1629577	0.000760657184628904	1.89007684861504e-05
2.818361	0.000761480992361102	1.55555801136944e-05
2.5112481	0.000761496812364766	1.53866279470141e-05
2.2398233	0.000762251027908977	1.67708765542679e-05
1.9950197	0.000763912485533088	1.61462100267752e-05
1.7775893	0.000766129473224129	1.6966304486032e-05
1.5846864	0.000766087245836473	1.79510451577124e-05
1.4122353	0.000768500843803662	1.89798105364529e-05
1.2582541	0.000767963238147841	1.92220305551284e-05
1.1224822	0.000770086535092591	2.03079330143854e-05
1.0000616	0.000771118064164774	2.2650064348005e-05
0.89082122	0.00077184186334619	2.01442683370571e-05
0.79444051	0.000773552231105288	1.89319826624776e-05
0.70784986	0.000775518028189486	2.10987234015666e-05
0.63126236	0.000775295489544344	2.16529997979794e-05
0.562536	0.000778947838966266	2.27361316878244e-05
0.50118715	0.000778270480214839	2.18474365371786e-05
0.44642836	0.000779384040998718	2.42197857015616e-05
0.39821118	0.000781623224579301	2.34411991074304e-05
0.35475865	0.000783665985850214	2.68681341675582e-05
0.31619295	0.000784984928093672	2.63073109800837e-05
0.2819173	0.00078624499410859	2.84324806665543e-05
0.25117323	0.000789280467141561	2.82140693169598e-05
0.22391155	0.000790631807669762	3.02561005105595e-05
0.19957349	0.000792246593598812	3.33313420423195e-05
0.17779917	0.000793053213428379	3.49570422127273e-05
0.15846863	0.00079565144536557	3.47261991964733e-05
0.14123619	0.000797095943074743	3.66493346326475e-05
0.12590662	0.000800527712199695	3.83626197116632e-05
0.1122199	0.000803982746488861	3.88137902622039e-05
0.10002181	0.000803828686471914	4.16181560168935e-05
