10002.226	0.00117806408669638	-0.00944792649953759
8914.9326	0.00113709149560388	-0.00845799037750148
7943.9951	0.00110068412306415	-0.00756886323380178
7081.583	0.00106419894249555	-0.0067772241542489
6307.7358	0.00103155186496869	-0.00606306634657895
5622.5879	0.00100163302790649	-0.00542868845969166
5011.603	0.000973914060701088	-0.00486198252089287
4466.4292	0.000947790850979625	-0.00435191929224044
3981.2773	0.000925909191722414	-0.00389458192916539
3548.8679	0.00090113620257568	-0.00349102998873506
3163.0398	0.000882587726723209	-0.00312235844339955
2819.0986	0.000866139271922776	-0.00279794440139952
2512.4104	0.000851069329788598	-0.00250585003128926
2239.2869	0.000832476374993311	-0.00224654678791937
1995.6381	0.00082452926284154	-0.00201395794356757
1778.2897	0.000808795094983036	-0.00180442707646265
1584.4927	0.000796532175660134	-0.00161497188083385
1412.7418	0.000785471487069233	-0.00145020874856928
1258.7905	0.000774481568019951	-0.00129923861278395
1121.7966	0.000766638910221026	-0.00116572496047213
999.68164	0.000757824182677698	-0.0010444614235304
891.42474	0.000750169354303649	-0.00093671877840369
794.23932	0.000743163360722947	-0.000842799321697366
707.96161	0.000735348049357389	-0.000753171926618571
631.00977	0.000728038850367386	-0.000675540254322797
562.33929	0.000720435638138594	-0.000604812061864633
501.12231	0.000715732511472527	-0.000543404898824856
446.57214	0.000710800482781872	-0.000483461011259384
398.08899	0.000705892022344123	-0.000434632873981239
354.88681	0.000699748110871552	-0.000388679324729302
316.31589	0.000699728634431358	-0.000344480231892117
281.8942	0.000693534925204851	-0.000306586550651946
251.20601	0.000691118456183159	-0.000272990167517473
223.92496	0.000692093541857819	-0.000241507674629368
199.55338	0.000690113819756587	-0.000213181715893214
177.78128	0.000688099335141019	-0.000185132417346769
158.52898	0.000689563457450695	-0.00016271469452247
141.21979	0.000686420233525377	-0.000141897498813628
125.92673	0.000686641185205872	-0.000121642189847162
112.19009	0.000691718233485343	-0.000104821538718626
99.968163	0.000691161021761084	-8.81242220632381e-05
89.115646	0.000694236487695778	-7.60454883312696e-05
79.415741	0.000696367631873735	-6.11505277150496e-05
70.793182	0.000698312808963087	-5.11268701126726e-05
63.082279	0.000700918558742564	-4.24489291254467e-05
56.241825	0.000704020613711	-3.08343072400303e-05
50.112232	0.000707908460247735	-2.34414793668732e-05
44.671223	0.000709759957643306	-1.69280938608646e-05
39.808899	0.000714180005639345	-1.17073451236547e-05
35.488308	0.000716938000865641	-7.48355661158018e-06
31.629578	0.000719522932776548	-1.85180897204021e-06
28.187037	0.000722428775278124	1.43000349687778e-06
25.120602	0.00072516126308473	4.59340825189807e-06
22.385418	0.000728655278224447	5.97546085032702e-06
19.955338	0.000732554844510416	7.89644737778475e-06
17.775894	0.00073297494114805	1.11338785293584e-05
15.846864	0.000736155838254149	9.12706926077183e-06
14.127493	0.000739248447150735	1.30772860551079e-05
12.587309	0.000739964003862933	1.29625351519384e-05
11.216775	0.000740998566842275	1.33467726101042e-05
9.9968166	0.000743398559789009	1.28645391719029e-05
8.9082127	0.000746060954583679	1.57315212549292e-05
7.9395623	0.000748063185870646	1.38447427618557e-05
7.0765615	0.000750262134051579	1.73478253488485e-05
6.3105822	0.000750513653199069	1.69181560847122e-05
5.6245475	0.000753700923330828	1.56340845144195e-05
5.0112233	0.000754557996341524	1.58928614191292e-05
4.4642835	0.000755501297266417	1.65619988592252e-05
3.9819033	0.000755551198354697	1.73051793830389e-05
3.5479143	0.000760956836222367	1.66030536966086e-05
3.1629577	0.000760580897610676	1.89953065470107e-05
2.818361	0.000761416518284498	1.67137809760183e-05
2.5112481	0.000762048457667372	1.57421479664932e-05
2.2398233	0.000761300970158984	1.63068278763072e-05
1.9950197	0.000764791301759962	1.63860254346987e-05
1.7775893	0.000764235449676161	1.72313504720627e-05
1.5846864	0.00076693764841813	1.7149881860362e-05
1.4122353	0.000767269839507087	1.76049530823134e-05
1.2582541	0.000767133453161926	1.90781440573628e-05
1.1224822	0.000767689890087267	1.90128334791699e-05
1.0000616	0.000771872495483601	2.02052886361973e-05
0.89082122	0.000770610698628178	2.09312760792552e-05
0.79444051	0.000772501915519342	1.91274117902574e-05
0.70784986	0.000774872850074187	2.08537416927013e-05
0.63126236	0.000776073201948892	2.1300467066642e-05
0.562536	0.000777535399489291	2.19111472369711e-05
0.50118715	0.00077883928936845	2.35344121278782e-05
0.44642836	0.000780884647348471	2.26512656881874e-05
0.39821118	0.000781492390509365	2.37312224495059e-05
0.35475865	0.00078333174129316	2.66044022568009e-05
0.31619295	0.000786357849598499	2.86896668229191e-05
0.2819173	0.000788175588087649	2.85189058055404e-05
0.25117323	0.000788538443971627	2.91706722760524e-05
0.22391155	0.000788328891751769	2.9335617493332e-05
0.19957349	0.000791492689154482	3.19295088735369e-05
0.17779917	0.000793718479518056	3.42678005147808e-05
0.15846863	0.000797160042447542	3.44698587901467e-05
0.14123619	0.000796441372844058	3.68111342495347e-05
0.12590662	0.000797510476020368	3.74425689778034e-05
0.1122199	0.000802533043281056	3.91978413587592e-05
0.10002181	0.00080570235463992	3.94267474444343e-05
