10002.226	0.00117875571116734	-0.00944697573749829
8914.9326	0.00113713803635475	-0.00845629389943496
7943.9951	0.00109827729034893	-0.00756789451422514
7081.583	0.00106406969157853	-0.00677665754799063
6307.7358	0.00103424375135209	-0.00606392972247231
5622.5879	0.00100179396862612	-0.00542793545980895
5011.603	0.000973001664989133	-0.00486199576244925
4466.4292	0.000951017334760597	-0.00435240937421176
3981.2773	0.000925161648093487	-0.00389747717878287
3548.8679	0.000903228957433072	-0.00348735565617606
3163.0398	0.000885503397318615	-0.00312546078160473
2819.0986	0.000863980331438523	-0.00279739269470112
2512.4104	0.000849694439303663	-0.00250611531094616
2239.2869	0.000834326644270104	-0.00224613375631466
1995.6381	0.000822324732306164	-0.00201154310886019
1778.2897	0.00080832009722947	-0.00180188094342088
1584.4927	0.000796856023001189	-0.00161406993945114
1412.7418	0.000781437585902762	-0.00144914033172583
1258.7905	0.000777592469479282	-0.00129822612104564
1121.7966	0.000767191741650618	-0.0011657498060175
999.68164	0.000757342646996218	-0.00104374978693749
891.42474	0.000750291154723999	-0.000936191794901773
794.23932	0.000742004494463646	-0.000840451721632962
707.96161	0.000734907837612811	-0.000753093315186117
631.00977	0.000728932274048736	-0.000678276189059451
562.33929	0.000721770527541869	-0.000605910020505916
501.12231	0.000716410244451084	-0.000542517011925022
446.57214	0.000711928930049861	-0.000486734656912359
398.08899	0.000705332312765019	-0.000435067139406329
354.88681	0.000701509970404858	-0.000388028595959688
316.31589	0.000700269562365075	-0.000345855840275931
281.8942	0.000693456937962056	-0.000307951948672562
251.20601	0.000691408734061167	-0.000273181040428692
223.92496	0.000690907909218758	-0.000241645551565471
199.55338	0.000689573611433554	-0.00021352534213694
177.78128	0.000687579098396307	-0.000183285041701391
158.52898	0.000688501949176627	-0.000162063223993577
141.21979	0.000687871576072377	-0.000142217133330908
125.92673	0.000688858814461633	-0.000120726203184317
112.19009	0.000691025348138979	-0.000104609011103152
99.968163	0.000691074068840531	-8.75052316524514e-05
89.115646	0.00069387957742908	-7.48224916539527e-05
79.415741	0.000697222589111668	-6.13732878978257e-05
70.793182	0.000697227819549952	-5.0507012319933e-05
63.082279	0.000702353365019076	-4.20781694451458e-05
56.241825	0.000705069649511014	-3.19882369911282e-05
50.112232	0.000707812437748821	-2.27247516864236e-05
44.671223	0.00071137949847952	-1.93043197317124e-05
39.808899	0.000712096732814318	-1.34324028858092e-05
35.488308	0.000714548056138993	-8.49702804012621e-06
31.629578	0.000718767224971125	-1.71964447923417e-06
28.187037	0.000721097053752748	9.43267028470273e-07
25.120602	0.000725496310131787	3.34916369884423e-06
22.385418	0.000727945713912858	6.23810868663401e-06
19.955338	0.000730674683360341	8.31299373694409e-06
17.775894	0.000733393483525116	9.990020447452e-06
15.846864	0.000735198238168505	1.09039800339579e-05
14.127493	0.000740012732720955	1.48654540991021e-05
12.587309	0.000740695693226866	1.31080419613192e-05
11.216775	0.000740874262433263	1.46732615675335e-05
9.9968166	0.000743806667765129	1.36688307954656e-05
8.9082127	0.000746115414046312	1.50833305150111e-05
7.9395623	0.000745965611805944	1.64851138622431e-05
7.0765615	0.000750789123234068	1.81362549355798e-05
6.3105822	0.000750595527523014	1.86425511344029e-05
5.6245475	0.000752460875933685	1.6268691373509e-05
5.0112233	0.000753603178431025	1.62028292828377e-05
4.4642835	0.000755301835524383	1.62346945581359e-05
3.9819033	0.000756019124233563	1.61200562150023e-05
3.5479143	0.000757743629029401	1.56919723717358e-05
3.1629577	0.000760185932602137	1.90723148577667e-05
2.818361	0.000759967352057675	1.6080978978712e-05
2.5112481	0.000761383991861318	1.69528763236673e-05
2.2398233	0.000763577871428677	1.79424133540469e-05
1.9950197	0.000764023073944076	1.87219602109825e-05
1.7775893	0.000763318949291123	1.78732068575991e-05
1.5846864	0.000765391340635121	1.64895370987249e-05
1.4122353	0.000766794162655212	1.8639901038177e-05
1.2582541	0.000766380810014178	1.85932636778152e-05
1.1224822	0.000769863375893171	1.82754509767513e-05
1.0000616	0.000771489020840513	1.98866319717554e-05
0.89082122	0.000772093710044773	1.81332479822176e-05
0.79444051	0.000771822714514881	1.97092859647688e-05
0.70784986	0.000775702492443409	2.13533289661596e-05
0.63126236	0.000775682801270123	2.28127892452333e-05
0.562536	0.000775672895620216	2.13159775693142e-05
0.50118715	0.000779040111806298	2.29554317578206e-05
0.44642836	0.000781717558693243	2.41341276115849e-05
0.39821118	0.0007822850414921	2.36895488088972e-05
0.35475865	0.000783700736327377	2.6644538257404e-05
0.31619295	0.000783825137358479	2.6365650741905e-05
0.2819173	0.000784940910023291	2.85955535002156e-05
0.25117323	0.000786566986174539	2.96484884890514e-05
0.22391155	0.000789927827165465	3.068762186475e-05
0.19957349	0.000791510311155193	3.27115612792745e-05
0.17779917	0.000792577800999906	3.16952474852263e-05
0.15846863	0.00079480613890377	3.47779902638601e-05
0.14123619	0.000798052299645938	3.56565213615041e-05
0.12590662	0.000800516094594373	3.83333193349015e-05
0.1122199	0.000802676855834475	4.05685358048604e-05
0.10002181	0.000804188605495928	4.254294907015e-05
