10002.226	0.00117629916808166	-0.00944763657971032
8914.9326	0.00113576090038759	-0.00845557736356086
7943.9951	0.00109942472734349	-0.00756824461602515
7081.583	0.00106425644549151	-0.00677818821685348
6307.7358	0.0010329793342711	-0.00606413236861361
5622.5879	0.00100139292116561	-0.00542954905853976
5011.603	0.000972106436974119	-0.00486018284594312
4466.4292	0.00094939584103283	-0.00435469998014837
3981.2773	0.000924618957330182	-0.00389661568203203
3548.8679	0.000900315779852832	-0.00348854180002189
3163.0398	0.000882956432827137	-0.00312503306527397
2819.0986	0.000866746848370318	-0.00279812977134487
2512.4104	0.000851241030664398	-0.00250498263698561
2239.2869	0.000834603695558043	-0.00224574342713693
1995.6381	0.000819742049298961	-0.00201080984448124
1778.2897	0.000810415917518232	-0.00180410962744892
1584.4927	0.000795838504792102	-0.00161496113104772
1412.7418	0.000783718998794531	-0.00144802174858239
1258.7905	0.000776060082303317	-0.00129905209647603
1121.7966	0.000766763553538841	-0.00116489066601193
999.68164	0.000758527636152427	-0.00104328930078894
891.42474	0.000751136861744815	-0.000937771049880292
794.23932	0.000741991028866169	-0.000842188493839667
707.96161	0.000734034657968398	-0.000753566784021156
631.00977	0.000727172697250661	-0.000678110933216443
562.33929	0.000724053823249111	-0.000607421948131189
501.12231	0.000716251740117969	-0.000542360768367203
446.57214	0.000709878460612606	-0.000485538924030949
398.08899	0.000704981960482611	-0.000436725950265763
354.88681	0.000701069354401231	-0.000388107584140328
316.31589	0.000696732632281385	-0.000343620115447963
281.8942	0.000695004834680459	-0.000307689204834066
251.20601	0.000689691498240927	-0.000271785571469468
223.92496	0.000689559175668598	-0.000239171449554518
199.55338	0.000688589718523276	-0.000211713433109867
177.78128	0.000690307571760571	-0.000184976923035071
158.52898	0.000688141311244864	-0.000159669029657173
141.21979	0.000686865542705339	-0.000141732875584014
125.92673	0.000688600383649293	-0.000122173570412636
112.19009	0.000690663381043948	-0.000106242736276632
99.968163	0.000690823901425754	-8.67788908096984e-05
89.115646	0.000693882042393514	-7.35918305698329e-05
79.415741	0.000696322986884999	-6.42929262952272e-05
70.793182	0.00069911300187011	-4.98275107685703e-05
63.082279	0.000701711072097848	-4.071590027567e-05
56.241825	0.000706081748266947	-3.2129342763458e-05
50.112232	0.000705519506847623	-2.30639483363551e-05
44.671223	0.000711491840446996	-1.73835785591805e-05
39.808899	0.000713841394129272	-1.48280924760542e-05
35.488308	0.000717647303462282	-6.7653245705619e-06
31.629578	0.000719450318862212	-2.20024032226828e-06
28.187037	0.000722838996325042	-3.41676902576213e-07
25.120602	0.00072519251334307	3.71598014293296e-06
22.385418	0.000728619753002404	6.56949499115919e-06
19.955338	0.000730593829362267	8.28707486408822e-06
17.775894	0.000733024415933528	1.07133416141952e-05
15.846864	0.000735702620509379	1.05027051287993e-05
14.127493	0.000739879100001473	1.36058421453182e-05
12.587309	0.000740734709001244	1.40262252913766e-05
11.216775	0.000742398129512469	1.38932294270299e-05
9.9968166	0.000745212980664547	1.49326515780855e-05
8.9082127	0.000746590866904819	1.3942154274581e-05
7.9395623	0.000747843324876881	1.57186833468992e-05
7.0765615	0.00074986926941135	1.60986591002319e-05
6.3105822	0.000752454773521509	1.66680249302434e-05
5.6245475	0.000752353066198878	1.43918604591128e-05
5.0112233	0.00075426762564652	1.88253607437602e-05
4.4642835	0.00075557779451926	1.80043367223785e-05
3.9819033	0.000758190056110222	1.67303351404149e-05
3.5479143	0.000757538961981852	1.70161775699375e-05
3.1629577	0.00075865563383948	1.7422372776689e-05
2.818361	0.000760254569275184	1.48428315024645e-05
2.5112481	0.000762968560597406	1.68049038056503e-05
2.2398233	0.000764060904642434	1.48934037028583e-05
1.9950197	0.000762844196239171	1.77309803094143e-05
1.7775893	0.000763827183656446	1.75074491200449e-05
1.5846864	0.00076681744497921	1.84519034789828e-05
1.4122353	0.000767699449113627	1.80215734973635e-05
1.2582541	0.00076875259741548	2.00140004245103e-05
1.1224822	0.000769310780242017	1.90274496143626e-05
1.0000616	0.000771270108616978	2.01826763937082e-05
0.89082122	0.000773213951120125	2.02093227643681e-05
0.79444051	0.000775201751522386	2.08912877528858e-05
0.70784986	0.000776334581943043	2.31967380347371e-05
0.63126236	0.000775439961734741	2.09746719090037e-05
0.562536	0.000779826348753192	2.36100737355403e-05
0.50118715	0.000778416816675486	2.51227015249569e-05
0.44642836	0.000781065458251012	2.42898430670984e-05
0.39821118	0.000783122349640546	2.58015500356604e-05
0.35475865	0.000782644577611189	2.66697099195834e-05
0.31619295	0.000785680998616341	2.72784302838229e-05
0.2819173	0.000785092927704196	2.84190124743735e-05
0.25117323	0.000787375206156438	3.01167355215339e-05
0.22391155	0.000791804869836564	3.06643629182969e-05
0.19957349	0.000792524940906821	3.18127650735584e-05
0.17779917	0.000795840856214206	3.394446058447e-05
0.15846863	0.00079612191925836	3.55428991093155e-05
0.14123619	0.000798795406365711	3.70040358085931e-05
0.12590662	0.000800919391902266	3.89066686936233e-05
0.1122199	0.000803965693646665	4.21418090367937e-05
0.10002181	0.000803519460153818	4.27060063997005e-05
