10002.226	0.00117797732166781	-0.00944826199003927
8914.9326	0.00113795342706927	-0.00845583594651362
7943.9951	0.0010977992293012	-0.00757025586250881
7081.583	0.00106621841901388	-0.00677655855131101
6307.7358	0.00103351057516981	-0.00606309418183103
5622.5879	0.0010011332340983	-0.00542811772647763
5011.603	0.00097225211764138	-0.00486061874258336
4466.4292	0.000949493777756539	-0.00435145769030387
3981.2773	0.000925389713949382	-0.00389546371457779
3548.8679	0.000902427794671537	-0.00348848682495138
3163.0398	0.000882940049641652	-0.0031243928592357
2819.0986	0.000864099301952046	-0.00279580796154171
2512.4104	0.000850858510692511	-0.00250419208816152
2239.2869	0.000832906909594695	-0.00224736806811395
1995.6381	0.000822357003115039	-0.00201264007241309
1778.2897	0.00080927851568857	-0.00179992443834203
1584.4927	0.00079785207673043	-0.00161511896907977
1412.7418	0.00078484865420246	-0.00144749891560185
1258.7905	0.000775525973468501	-0.00129957575789707
1121.7966	0.000767241619263866	-0.00116569884361953
999.68164	0.000757394429015988	-0.00104497848570089
891.42474	0.000748338377840872	-0.000938853718415069
794.23932	0.000742617521964563	-0.000841490560379191
707.96161	0.000734009723151801	-0.000755886841254159
631.00977	0.000727674991035021	-0.000676196854024129
562.33929	0.000722227323928901	-0.000604674012121982
501.12231	0.000714792504162203	-0.000541813586880258
446.57214	0.000712717922053835	-0.000484732135654704
398.08899	0.000705332975222947	-0.000435610902240637
354.88681	0.000699725814235493	-0.000389055559942804
316.31589	0.000699808014241795	-0.000344020890051466
281.8942	0.000694637305652737	-0.00030844354600272
251.20601	0.000690106009086374	-0.000272066198615087
223.92496	0.000691022340588578	-0.000240831875494321
199.55338	0.00068924680103416	-0.000213930715323031
177.78128	0.000687540447445383	-0.000184414304682122
158.52898	0.000688606630576891	-0.000162402800024
141.21979	0.000687675249686266	-0.000142050617440408
125.92673	0.000689054609356093	-0.000123033623203248
112.19009	0.000690815840714931	-0.000106381998366423
99.968163	0.000693076441491254	-8.84926312592997e-05
89.115646	0.000694338763739108	-7.47714398643103e-05
79.415741	0.000696621633960683	-6.28066105322688e-05
70.793182	0.000697444250757362	-4.98983277453787e-05
63.082279	0.000700390059588649	-4.08788692033001e-05
56.241825	0.000706279654562928	-3.06536840605077e-05
50.112232	0.000706813623292403	-2.53624865281017e-05
44.671223	0.000710335830188804	-1.92995633691491e-05
39.808899	0.000712704020463051	-1.1160763027301e-05
35.488308	0.000716219354431081	-7.46378540466923e-06
31.629578	0.00071919909459407	-2.57851556250693e-06
28.187037	0.000723643812798781	1.06213922521115e-06
25.120602	0.000725904570062781	3.45993561126259e-06
22.385418	0.000726734552832213	7.98403293466022e-06
19.955338	0.000730091804993012	7.84818930141857e-06
17.775894	0.000734194863328008	1.24243330066194e-05
15.846864	0.000736022488314551	1.09659198650496e-05
14.127493	0.000739138808145464	1.33633769507004e-05
12.587309	0.000741119260111949	1.42226863204906e-05
11.216775	0.000741896915249265	1.44331459888434e-05
9.9968166	0.00074541389793846	1.45449483010324e-05
8.9082127	0.000747619246830972	1.80981815930868e-05
7.9395623	0.000748272279138621	1.57877275075222e-05
7.0765615	0.000750641411043786	1.61194648914807e-05
6.3105822	0.000750732388901621	1.86824754981782e-05
5.6245475	0.000752820370313314	1.50845342797618e-05
5.0112233	0.000755232413233068	1.6864339019624e-05
4.4642835	0.000755334335323496	1.78709602472567e-05
3.9819033	0.000757363242381055	1.85030064573965e-05
3.5479143	0.000757335924330952	1.67986909333812e-05
3.1629577	0.000760539265866007	1.69464056113091e-05
2.818361	0.000761745349844215	1.91351273790881e-05
2.5112481	0.000761973564242782	1.60335613151751e-05
2.2398233	0.000762259880966577	1.61120967841111e-05
1.9950197	0.000763303561082695	1.73243210198828e-05
1.7775893	0.000764195737090362	1.96829769415331e-05
1.5846864	0.000765019920236559	1.86449973821686e-05
1.4122353	0.000768122054675984	1.77374598911458e-05
1.2582541	0.000767195762349838	1.81802972305274e-05
1.1224822	0.000769484910706037	1.93563534263628e-05
1.0000616	0.000771786686619205	1.84755556391803e-05
0.89082122	0.000771811287482522	2.03127177114389e-05
0.79444051	0.000774324525749362	2.10513598539429e-05
0.70784986	0.00077379227023955	2.02603668491691e-05
0.63126236	0.000776658899544121	2.06072079354543e-05
0.562536	0.000778062906746824	2.32876095275133e-05
0.50118715	0.000779944449720037	2.29360960234677e-05
0.44642836	0.000780406228743672	2.22158381636448e-05
0.39821118	0.000783051348674768	2.51687284322632e-05
0.35475865	0.000784463906059061	2.30797939538997e-05
0.31619295	0.000783699579800372	2.8678661827236e-05
0.2819173	0.000786619931773712	2.85431966625867e-05
0.25117323	0.000788890900736123	3.00241340344256e-05
0.22391155	0.000791586975913035	2.99806939056493e-05
0.19957349	0.000794604355352096	3.10429510131526e-05
0.17779917	0.000794744704836359	3.06136364460111e-05
0.15846863	0.000796489567138861	3.63151943300679e-05
0.14123619	0.000795482581076286	3.62094338663701e-05
0.12590662	0.000802039495986979	3.73816455268196e-05
0.1122199	0.000802483263434363	3.94768918465579e-05
0.10002181	0.000803884893902686	4.23925649234277e-05
