10002.226	0.00118795309997361	-0.00951716252563044
8914.9326	0.00114684818350795	-0.00851796193221409
7943.9951	0.00111160123668925	-0.0076240636468267
7081.583	0.00107338801056389	-0.00682476848449179
6307.7358	0.0010444096278657	-0.00610768835541884
5622.5879	0.00101258276670639	-0.0054671868219258
5011.603	0.000984639000899177	-0.00489595238240514
4466.4292	0.000959205296593721	-0.00438317738440109
3981.2773	0.000935721348892805	-0.00392536460515583
3548.8679	0.000914960093907032	-0.00351444196772191
3163.0398	0.00089436055498701	-0.00314858572459172
2819.0986	0.000875178033328426	-0.00281721959998164
2512.4104	0.000862157446518028	-0.00252500044348637
2239.2869	0.000844010350570325	-0.00226194355590465
1995.6381	0.000832199166972726	-0.00202663926607445
1778.2897	0.000820456368627593	-0.00181576907224201
1584.4927	0.00080650364010843	-0.00162795443153983
1412.7418	0.000796274412911399	-0.00145884327970029
1258.7905	0.000789401260951027	-0.00130759244281162
1121.7966	0.000778229228089361	-0.00117493687413155
999.68164	0.000768912983041509	-0.00104900109489216
891.42474	0.000760679430947885	-0.000944672413384595
794.23932	0.000753808596368455	-0.000847949002304227
707.96161	0.000746684549687897	-0.000759411683708847
631.00977	0.000739650050414793	-0.000681844764045536
562.33929	0.000731762624245227	-0.000610559299674439
501.12231	0.000727867928470318	-0.000548838660326985
446.57214	0.000722475383210812	-0.000486720092409226
398.08899	0.0007160229583975	-0.000437309974057952
354.88681	0.000711751580730128	-0.000390404742087642
316.31589	0.000710571920230228	-0.000345911788665951
281.8942	0.000704759012637789	-0.000310205328838888
251.20601	0.000701188203441805	-0.000273439587093365
223.92496	0.000701139988727575	-0.000242109079575307
199.55338	0.000701078866494097	-0.000213182079231213
177.78128	0.000697639013737042	-0.000186372208542616
158.52898	0.000698163721146691	-0.000164622994514305
141.21979	0.000697829105154559	-0.000142839932249374
125.92673	0.00069978923952978	-0.000121838494365123
112.19009	0.000702143177779912	-0.000107861448894124
99.968163	0.000702823496310043	-8.90250476510938e-05
89.115646	0.000705689691709365	-7.5321055116585e-05
79.415741	0.000707983476593655	-6.17404020548271e-05
70.793182	0.000710047948363177	-5.09647881014327e-05
63.082279	0.000712862073015094	-4.06278834578339e-05
56.241825	0.000715777638102327	-3.31563082473642e-05
50.112232	0.000717730816912195	-2.24366640625117e-05
44.671223	0.000721290479386354	-1.81520202334056e-05
39.808899	0.000725449443255664	-1.26053933887358e-05
35.488308	0.000728975352324827	-7.26365673084107e-06
31.629578	0.000730143407131369	-1.86005747231654e-06
28.187037	0.000733143491640739	7.58134271531387e-08
25.120602	0.000735689225379399	2.76420832120048e-06
22.385418	0.000739862672337987	8.14370888625852e-06
19.955338	0.000743813583599315	9.56150373058517e-06
17.775894	0.000746360757123142	1.16999106425892e-05
15.846864	0.000747767079301781	1.07810054372596e-05
14.127493	0.000748999182174936	1.39932064034936e-05
12.587309	0.00075048974721304	1.49252852611624e-05
11.216775	0.00075279608705943	1.49211261124957e-05
9.9968166	0.000756417055907387	1.43257363038705e-05
8.9082127	0.000755183047966082	1.52137762421204e-05
7.9395623	0.000758524196948229	1.5510846302789e-05
7.0765615	0.000761673224569213	1.82123393338545e-05
6.3105822	0.000763007351599418	1.79888186685495e-05
5.6245475	0.000764038657394978	1.54659122346365e-05
5.0112233	0.000765856745336624	1.76189393842093e-05
4.4642835	0.000767244222883998	1.59969354947026e-05
3.9819033	0.000768856501585127	1.59947294773404e-05
3.5479143	0.000770172865467363	1.58857416269761e-05
3.1629577	0.000770143646142411	1.77075629123605e-05
2.818361	0.000771594536230378	1.58807278635419e-05
2.5112481	0.000773494392590144	1.55637483045233e-05
2.2398233	0.000773080897926462	2.01429774254339e-05
1.9950197	0.000772762713595672	1.60029216872664e-05
1.7775893	0.000776062453882013	1.73146720859322e-05
1.5846864	0.000777825365876768	1.86176478169001e-05
1.4122353	0.0007787769956728	2.00654582667829e-05
1.2582541	0.000779179553470994	1.89347644176525e-05
1.1224822	0.000781094615485653	1.92390539102936e-05
1.0000616	0.000780771386873738	2.12667626397653e-05
0.89082122	0.000782376682071738	2.1994902790669e-05
0.79444051	0.000784028236049094	2.03791029337292e-05
0.70784986	0.000785702368687667	2.14415665185486e-05
0.63126236	0.00078609696957913	2.17403760548005e-05
0.562536	0.000788519193500982	2.31000934051959e-05
0.50118715	0.000791066969092372	2.08124798134173e-05
0.44642836	0.000794070597160329	2.32497682796304e-05
0.39821118	0.000794117976966677	2.55239779582229e-05
0.35475865	0.000792867262621047	2.5723455830646e-05
0.31619295	0.000795922177763883	2.67173731751738e-05
0.2819173	0.000797460453903089	2.7099731161658e-05
0.25117323	0.00080007781536371	2.83597298333604e-05
0.22391155	0.000800769231257033	3.0403938297796e-05
0.19957349	0.000803768996718051	3.13809144950871e-05
0.17779917	0.000805816005481943	3.30218598273249e-05
0.15846863	0.000806271431850463	3.52372454530947e-05
0.14123619	0.000810353442779962	3.57187572860039e-05
0.12590662	0.000810393131184316	3.79789172125457e-05
0.1122199	0.000813112572979037	4.12327912704351e-05
0.10002181	0.000815660425980205	4.21485232073721e-05
