10002.226	0.00118796603576433	-0.00951630174565864
8914.9326	0.00114741544355653	-0.00851767856260123
7943.9951	0.00111189463330748	-0.00762504650171431
7081.583	0.0010763101923633	-0.00682689333616188
6307.7358	0.00104343707310752	-0.00610710420870576
5622.5879	0.00101160228446792	-0.00546974271415096
5011.603	0.000981869366994169	-0.00489600200059206
4466.4292	0.00096187556701654	-0.00438188618928515
3981.2773	0.000937876700163493	-0.00392545368630972
3548.8679	0.000911484908681511	-0.00351620970506575
3163.0398	0.00089437632129742	-0.00314607101955109
2819.0986	0.000876818217274819	-0.00281773375841343
2512.4104	0.00086104244836474	-0.00252212775731468
2239.2869	0.0008449480593906	-0.00226273081972274
1995.6381	0.000831791493820555	-0.00202641777559603
1778.2897	0.000820939491749496	-0.001815711839719
1584.4927	0.000808093681999192	-0.00162753622094839
1412.7418	0.0007955865836054	-0.00145768022799506
1258.7905	0.000787241739773045	-0.0013085926648859
1121.7966	0.000777937834409814	-0.00117311069284378
999.68164	0.00076982180623712	-0.00105275382547372
891.42474	0.000759905802380857	-0.000944244646145494
794.23932	0.00075257790787409	-0.000848057382061076
707.96161	0.000746190684315867	-0.00075731380379738
631.00977	0.000739501519200515	-0.000682422467342444
562.33929	0.000733780143667202	-0.000608609870675037
501.12231	0.00072729618146367	-0.000548556237395996
446.57214	0.000722418447361231	-0.000488457414193825
398.08899	0.000716379580873327	-0.000437441956147249
354.88681	0.000711171986152621	-0.000389669106891594
316.31589	0.000709604742249756	-0.000346994888326843
281.8942	0.00070607609316305	-0.000310745635793145
251.20601	0.000703079760582335	-0.00027638915166263
223.92496	0.000702334233030951	-0.00024372965183853
199.55338	0.000699187170603395	-0.000214666308455978
177.78128	0.000699064960179665	-0.000187103354772563
158.52898	0.000698658435352717	-0.000161978928468607
141.21979	0.000698237776827059	-0.000140640885759951
125.92673	0.000698321532812054	-0.00012151723219486
112.19009	0.000702216253470171	-0.00010672967567873
99.968163	0.000701329888352622	-8.93116098389074e-05
89.115646	0.000705740146834301	-7.49350688128758e-05
79.415741	0.000707720513140163	-6.25359833371871e-05
70.793182	0.000708339474526642	-5.18775502012067e-05
63.082279	0.00071291041068207	-4.09766173907644e-05
56.241825	0.000717943370436607	-3.18879188223002e-05
50.112232	0.00071897148809928	-2.35110879627545e-05
44.671223	0.000721566133565482	-1.75149231867062e-05
39.808899	0.000723416866062348	-1.28042622888795e-05
35.488308	0.000730417700370649	-7.32969281832023e-06
31.629578	0.000730116197767792	-2.29157668467202e-06
28.187037	0.000735587520670208	1.32090293292169e-06
25.120602	0.000736288110912156	2.91085742323829e-06
22.385418	0.000740057378780407	5.61046596546993e-06
19.955338	0.000741857660707975	7.99341711293749e-06
17.775894	0.000745866156686632	1.17359523575093e-05
15.846864	0.000747754969186922	1.00288317543415e-05
14.127493	0.000749433879558917	1.28914561256108e-05
12.587309	0.000751354455982679	1.29576797714832e-05
11.216775	0.000752989558935443	1.47489542005479e-05
9.9968166	0.0007554729745601	1.47401962337091e-05
8.9082127	0.000755697852173031	1.68804841976003e-05
7.9395623	0.000757971203008369	1.70335418828725e-05
7.0765615	0.000758455403137018	1.76266715578791e-05
6.3105822	0.000764870121084058	1.58931269399548e-05
5.6245475	0.000764758980952323	1.59921394076966e-05
5.0112233	0.000764314255708939	1.73153557063544e-05
4.4642835	0.000766947773877758	1.84359383455835e-05
3.9819033	0.000770995535214889	1.73409481271384e-05
3.5479143	0.000766846415292408	1.80442036314655e-05
3.1629577	0.000772536152653944	1.65842880743422e-05
2.818361	0.000773181743375901	1.79104931038305e-05
2.5112481	0.000773730471862274	1.58357092748896e-05
2.2398233	0.00077357033057885	1.66242625904343e-05
1.9950197	0.000773246935904072	1.66817852900021e-05
1.7775893	0.000775190281610423	1.72054331774494e-05
1.5846864	0.000775681214980123	1.68603733247868e-05
1.4122353	0.000778497969729795	2.00292001897896e-05
1.2582541	0.000778020027343229	2.03518100404149e-05
1.1224822	0.00077981550020521	1.90610129802341e-05
1.0000616	0.000781509324284577	2.03820913882547e-05
0.89082122	0.000785092613019415	1.93172085829225e-05
0.79444051	0.000784289894269204	2.14764091853949e-05
0.70784986	0.000785470675354103	2.17814487029488e-05
0.63126236	0.00078588868249505	2.47435134196057e-05
0.562536	0.000786719798565587	2.18110080546059e-05
0.50118715	0.000790071016310987	2.34585214642474e-05
0.44642836	0.000791238597254593	2.49900959243601e-05
0.39821118	0.000791349769841246	2.38282088941573e-05
0.35475865	0.000794934439650934	2.62219280072351e-05
0.31619295	0.000797452182480452	2.70600341264041e-05
0.2819173	0.00079828642838041	2.65403224021435e-05
0.25117323	0.000798433146646735	3.0349136871371e-05
0.22391155	0.000802495943754201	3.06084398408228e-05
0.19957349	0.000802877518056289	3.20475372966954e-05
0.17779917	0.000804640174486772	3.3811913212346e-05
0.15846863	0.000807120014340206	3.52605937814438e-05
0.14123619	0.000808926961178256	3.64076928480021e-05
0.12590662	0.000811189091058007	4.04726036368163e-05
0.1122199	0.000813935622347839	4.07916554345019e-05
0.10002181	0.000817539464070659	4.16417830350632e-05
