10002.226	0.00118915995287172	-0.00956487668950269
8914.9326	0.00114891581451947	-0.00856190568827291
7943.9951	0.00111182052469384	-0.00766347212401728
7081.583	0.00107678579121342	-0.00686127572227783
6307.7358	0.00104591187487074	-0.00613886908005658
5622.5879	0.00101477512473803	-0.00549624440777456
5011.603	0.000984465474966998	-0.00492271774386944
4466.4292	0.000960968982092225	-0.00440614839705636
3981.2773	0.000938603992279046	-0.00394391114426191
3548.8679	0.000916324635908951	-0.00353338810167657
3163.0398	0.000895633691183524	-0.00316352427441126
2819.0986	0.000878255171084181	-0.00283241185839384
2512.4104	0.000863260208358113	-0.00253818813809691
2239.2869	0.000847925184754539	-0.00227518202217565
1995.6381	0.000833022083809101	-0.00203747930659221
1778.2897	0.000822056319862814	-0.00182400083282862
1584.4927	0.000809964875427587	-0.00163354935450006
1412.7418	0.000796138175815446	-0.0014650964782218
1258.7905	0.000788285940242256	-0.00131438363419906
1121.7966	0.000781254743183614	-0.00118008670037947
999.68164	0.000770055924444787	-0.00105646379224858
891.42474	0.000760106582224461	-0.000948385463461415
794.23932	0.000754766244635108	-0.000852321162366851
707.96161	0.000748022821198257	-0.00076156704593517
631.00977	0.000739382478949384	-0.000687678687267349
562.33929	0.000735421859576299	-0.000613652745345471
501.12231	0.000728938303919411	-0.000549723239149121
446.57214	0.000722834482476108	-0.000491658040594897
398.08899	0.000720089056691773	-0.000441353236918557
354.88681	0.00071532988626662	-0.00039447787355023
316.31589	0.00071157708181498	-0.000349309315588257
281.8942	0.000707427067571448	-0.000311874293569132
251.20601	0.000701631805623811	-0.000273818830719017
223.92496	0.000702430050038215	-0.000245529276218325
199.55338	0.000702676470425137	-0.000216074361869573
177.78128	0.000701092262064947	-0.000186849176970135
158.52898	0.000700882819989491	-0.00016407850558158
141.21979	0.000699651549929752	-0.000141839570283211
125.92673	0.000700530268982037	-0.000125364404396727
112.19009	0.000703444855653375	-0.000107531096496649
99.968163	0.0007038837541848	-8.85734722418258e-05
89.115646	0.000705645618604007	-7.67567552878687e-05
79.415741	0.000708337388137789	-6.334350952806e-05
70.793182	0.000709270105643265	-5.07852855262357e-05
63.082279	0.000710350436024415	-4.03079808358925e-05
56.241825	0.000717315966817206	-3.26502777379032e-05
50.112232	0.000718947006005228	-2.40525343011418e-05
44.671223	0.00072220666633619	-1.77423330238449e-05
39.808899	0.000726910713569672	-1.26702398617354e-05
35.488308	0.000730267866939925	-6.05159041951822e-06
31.629578	0.000733136834446708	-1.89172773984616e-06
28.187037	0.00073480742935629	1.19832696623594e-06
25.120602	0.000736847516927099	4.16698618128588e-06
22.385418	0.000738901861646264	7.70110958053335e-06
19.955338	0.000744407365603578	7.29866987788853e-06
17.775894	0.00074685853112907	1.19872743883372e-05
15.846864	0.000748603379431934	1.20636608387743e-05
14.127493	0.000752269305105566	1.37007420599899e-05
12.587309	0.000753128643386012	1.28058780789493e-05
11.216775	0.000752827222590589	1.42472448876287e-05
9.9968166	0.000756704679584111	1.45999766338246e-05
8.9082127	0.000759244370419207	1.66422369423673e-05
7.9395623	0.000760270649516409	1.64571287485698e-05
7.0765615	0.000762035312289464	1.77812813621537e-05
6.3105822	0.000765215392362861	1.59698844012531e-05
5.6245475	0.00076390908916088	1.47220933309913e-05
5.0112233	0.000767778852300785	1.93593960139855e-05
4.4642835	0.000768557733265802	1.87446416529473e-05
3.9819033	0.000768507603940434	1.6797380494639e-05
3.5479143	0.000770967390797325	1.62784914093945e-05
3.1629577	0.000773287389370719	1.93198168521158e-05
2.818361	0.000775081043117615	1.61185127524331e-05
2.5112481	0.000774515962252171	1.59459437831955e-05
2.2398233	0.000774829005336253	1.8318462454284e-05
1.9950197	0.000776072934354466	1.75725057336128e-05
1.7775893	0.00077899217676276	1.80180207842867e-05
1.5846864	0.000779136229003326	1.73578039353134e-05
1.4122353	0.000779502886354757	1.85904298124075e-05
1.2582541	0.000780866317420169	1.94876343367665e-05
1.1224822	0.000782824326600194	2.00992679308768e-05
1.0000616	0.000782731204072243	2.16499964914076e-05
0.89082122	0.000784438148437464	1.97263196598561e-05
0.79444051	0.000785310915676236	2.20726390926371e-05
0.70784986	0.000787417179869442	2.06635057786458e-05
0.63126236	0.000789122449300031	2.25402767081758e-05
0.562536	0.000790098201367089	2.18815825723249e-05
0.50118715	0.000789954791983262	2.29560101829644e-05
0.44642836	0.000791838245288458	2.20919914993018e-05
0.39821118	0.00079484360423943	2.68697077017603e-05
0.35475865	0.000796416266611655	2.70313894579061e-05
0.31619295	0.000797677543968881	2.76972406498699e-05
0.2819173	0.000797806644247937	2.94295863623551e-05
0.25117323	0.000800632466878286	3.12514073784132e-05
0.22391155	0.000801795993790262	3.33129232113889e-05
0.19957349	0.000803753216093415	3.24791885978184e-05
0.17779917	0.000807884000746506	3.31400181416203e-05
0.15846863	0.000809846140036032	3.48827077281062e-05
0.14123619	0.000810470551715025	3.60199654784124e-05
0.12590662	0.000814105598503264	3.89944577222373e-05
0.1122199	0.000816610790076929	4.04860007581436e-05
0.10002181	0.000816716301265153	4.20470322381421e-05
