10002.226	0.00118967126827168	-0.00956379378693507
8914.9326	0.00114898418543252	-0.008563396062275
7943.9951	0.00111011177576754	-0.00766332467891976
7081.583	0.00107652275944711	-0.00686328165477265
6307.7358	0.00104474706704581	-0.00613980313384704
5622.5879	0.0010138546017649	-0.00549642994779205
5011.603	0.000984543484608908	-0.00492206545772364
4466.4292	0.000961045777989108	-0.00440584419925089
3981.2773	0.000938591130641928	-0.00394528024296351
3548.8679	0.000914141125719153	-0.0035315967208516
3163.0398	0.000896995216651341	-0.00316378663937956
2819.0986	0.000878208007549299	-0.00283227200351181
2512.4104	0.00086353633541037	-0.00253707461053919
2239.2869	0.000847080939945338	-0.00227423567377279
1995.6381	0.000832398360287564	-0.00203593538784517
1778.2897	0.000821629195117345	-0.00182450777866859
1584.4927	0.000810865999336212	-0.00163568462590841
1412.7418	0.000796610057142868	-0.00146729451982617
1258.7905	0.000789558167611687	-0.00131277380534362
1121.7966	0.000779999467467469	-0.00117958594442961
999.68164	0.000771978556367142	-0.00105668081378005
891.42474	0.000762470059450072	-0.000948026134463259
794.23932	0.000755690596605255	-0.00085066616390217
707.96161	0.000748264140135461	-0.000762518447714528
631.00977	0.000739318818168714	-0.00068691635546886
562.33929	0.000734667035673561	-0.000613164198352666
501.12231	0.000729067137400217	-0.000551728882052949
446.57214	0.000722468302769973	-0.000491125805691859
398.08899	0.000719440963519394	-0.000438251988175472
354.88681	0.000714445355895859	-0.000392880338735206
316.31589	0.000709710499596285	-0.000348721885494137
281.8942	0.000708076382778712	-0.000311239919668644
251.20601	0.000703712308336762	-0.000276734345479373
223.92496	0.000701848885800446	-0.000244402343474175
199.55338	0.000703004187463132	-0.000216883343700729
177.78128	0.00070071453414894	-0.000187354271076876
158.52898	0.000701666697150777	-0.000164768339546917
141.21979	0.000700711839832723	-0.000143551289989091
125.92673	0.000702620120703999	-0.000122557889693483
112.19009	0.000702379749441034	-0.000106585688198312
99.968163	0.000706871148285334	-8.83557875660106e-05
89.115646	0.000704901236325986	-7.67744499092018e-05
79.415741	0.000707283764855126	-6.33767297508554e-05
70.793182	0.000710017981753931	-5.10799194649772e-05
63.082279	0.000713523098647171	-4.20164890562217e-05
56.241825	0.000719130233755076	-3.2366349884844e-05
50.112232	0.000721697610224634	-2.38220770907764e-05
44.671223	0.000722711615687957	-1.61345410751804e-05
39.808899	0.000726933562556019	-1.34433980896922e-05
35.488308	0.000728624340845345	-5.3798592203584e-06
31.629578	0.0007329097636766	-3.45091190361375e-06
28.187037	0.000734766171296101	-9.70982225118798e-07
25.120602	0.000736457502772064	3.05092945170227e-06
22.385418	0.000739082421995354	5.95344686467656e-06
19.955338	0.000743269076577841	7.67131907960683e-06
17.775894	0.000747399813148446	1.09501498138931e-05
15.846864	0.000748134982408494	1.37000187983564e-05
14.127493	0.000752547578520201	1.34723256503039e-05
12.587309	0.000752943507891859	1.51392889612006e-05
11.216775	0.00075339289509211	1.20995662850639e-05
9.9968166	0.000757347930343244	1.56070782759452e-05
8.9082127	0.000758400063741765	1.65869062374375e-05
7.9395623	0.00075892473199179	1.56273726276443e-05
7.0765615	0.00076265446883877	1.84300465468925e-05
6.3105822	0.000763967096838925	1.85436761484062e-05
5.6245475	0.000765686786351104	1.55640337479879e-05
5.0112233	0.000766274674034082	1.797639665101e-05
4.4642835	0.000768925044517542	1.6420948820345e-05
3.9819033	0.000769695703304319	1.56787910557942e-05
3.5479143	0.000769508341190135	1.64569666886299e-05
3.1629577	0.000772950029364425	1.87400177439589e-05
2.818361	0.000773499718871893	1.61558495474062e-05
2.5112481	0.000773350809687465	1.55230945450118e-05
2.2398233	0.000775276459452014	1.74130175823577e-05
1.9950197	0.000776179948707529	1.78136439202342e-05
1.7775893	0.000776425877494563	1.76058657404728e-05
1.5846864	0.0007767177176101	2.03044149567827e-05
1.4122353	0.000779470782410986	1.84524154217909e-05
1.2582541	0.000780855916217146	2.02420561533313e-05
1.1224822	0.000781218435466603	2.05009051429399e-05
1.0000616	0.000783619596036997	2.04405188711346e-05
0.89082122	0.000785468968777518	2.06952737343003e-05
0.79444051	0.000783687993716979	1.9180039498971e-05
0.70784986	0.000786429902694488	2.4092363374015e-05
0.63126236	0.000789014844240112	2.3370734122508e-05
0.562536	0.000789026655951621	2.31926232233451e-05
0.50118715	0.000790655504384601	2.39093189398025e-05
0.44642836	0.000791756694820059	2.45158267371129e-05
0.39821118	0.000793542130087839	2.38635717144224e-05
0.35475865	0.000797090146810863	2.67064913830608e-05
0.31619295	0.000797686303287156	2.74529422330979e-05
0.2819173	0.000799613873465227	2.81942834707501e-05
0.25117323	0.000800781557164307	3.08181403126376e-05
0.22391155	0.000803158294365612	3.05358216294092e-05
0.19957349	0.000802959409923188	3.22393387722197e-05
0.17779917	0.000806757143101834	3.30070286163862e-05
0.15846863	0.000809491879198813	3.3653499030408e-05
0.14123619	0.000810989715086168	3.62838712531601e-05
0.12590662	0.000812157568175124	3.86039568065157e-05
0.1122199	0.000815911815537516	3.96231348448239e-05
0.10002181	0.000819337803858031	4.07195866490248e-05
