10002.226	0.00119066926524049	-0.0095653238832617
8914.9326	0.00114726430592755	-0.0085634633135202
7943.9951	0.00111155112473026	-0.00766513762581389
7081.583	0.00107632179894301	-0.00686096896118245
6307.7358	0.00104571601635646	-0.00613849901647757
5622.5879	0.00101331081901476	-0.0054977928991961
5011.603	0.0009869694161409	-0.00492265991527212
4466.4292	0.000961047673489076	-0.00440619025894865
3981.2773	0.00093767908096833	-0.00394310491342045
3548.8679	0.000914843761394572	-0.00353349918940175
3163.0398	0.000896537172917524	-0.00316528282025511
2819.0986	0.000877326915411755	-0.00283416834242652
2512.4104	0.000863671516589331	-0.00253726236737076
2239.2869	0.000847741724326698	-0.00227598786457206
1995.6381	0.000833591395117062	-0.00203702995937873
1778.2897	0.000823019435694849	-0.00182595466992265
1584.4927	0.000809180300213676	-0.00163497770162878
1412.7418	0.000795515073859735	-0.00146441943154918
1258.7905	0.000790450314540643	-0.00131566751853075
1121.7966	0.000778691101168562	-0.00117698045604751
999.68164	0.000770221449059753	-0.00105677110471239
891.42474	0.000761413902172551	-0.000948871499777275
794.23932	0.000754898412412403	-0.000851089338033691
707.96161	0.000749059604484099	-0.000763208197157675
631.00977	0.000739734558444217	-0.000685587072037434
562.33929	0.000735504180346327	-0.000612862477513782
501.12231	0.0007294520323235	-0.000550155369739531
446.57214	0.0007229839301199	-0.000491236347401274
398.08899	0.000718954033151989	-0.000441969941641908
354.88681	0.000715389020362978	-0.000393517696912228
316.31589	0.000713000631439624	-0.00034837252669928
281.8942	0.000708768466968197	-0.000311191715946076
251.20601	0.000702533094557521	-0.00027541917287813
223.92496	0.000703126015465997	-0.000243310245571938
199.55338	0.000700934496091148	-0.000216034314805056
177.78128	0.000699125147542109	-0.000187889564542698
158.52898	0.000700557117644758	-0.000162789136696436
141.21979	0.000701158566193563	-0.000143814411240526
125.92673	0.00069998268605383	-0.000123406761306107
112.19009	0.000700956421580357	-0.000107641199317599
99.968163	0.000707101985889671	-8.90906049221065e-05
89.115646	0.000707488408407593	-7.52720476189388e-05
79.415741	0.000707821611648799	-6.39884951400425e-05
70.793182	0.00071069758746851	-5.28208846678982e-05
63.082279	0.000713689663549482	-4.09795080706501e-05
56.241825	0.000717821386107395	-3.13098348037955e-05
50.112232	0.000717909737066388	-2.12447501940315e-05
44.671223	0.000722330853222801	-1.82000315623688e-05
39.808899	0.000727874655875589	-1.09070295656386e-05
35.488308	0.000729527687816702	-7.94901461336724e-06
31.629578	0.000733044330490727	-2.41530882499877e-06
28.187037	0.000735440909637934	2.88246043746527e-06
25.120602	0.000736982566530631	4.92549968245839e-06
22.385418	0.000741439831926006	4.56975452640361e-06
19.955338	0.000743696628559907	7.95448068158693e-06
17.775894	0.000748167548820457	1.04992140485277e-05
15.846864	0.000748691091297541	1.02185917538988e-05
14.127493	0.000753049503090308	1.55234472148592e-05
12.587309	0.000752568130692605	1.49269693092965e-05
11.216775	0.000755328644743583	1.46576260352847e-05
9.9968166	0.000757794769601301	1.39693463033172e-05
8.9082127	0.00076022500548359	1.49741877712328e-05
7.9395623	0.000758235265687438	1.48510731609593e-05
7.0765615	0.000759936518516574	1.71598204735872e-05
6.3105822	0.00076530179883897	1.61504828181284e-05
5.6245475	0.000765238341624887	1.56368484689258e-05
5.0112233	0.000767807234587215	1.675409847121e-05
4.4642835	0.000768427122016258	1.65722699039997e-05
3.9819033	0.000769723081212504	1.65178095377858e-05
3.5479143	0.000771066070814996	1.77015963514693e-05
3.1629577	0.000772951348653275	1.97977673441034e-05
2.818361	0.000771798047653154	1.63166773362517e-05
2.5112481	0.000776137229219987	1.70859396989934e-05
2.2398233	0.000775227602463902	1.74524825030228e-05
1.9950197	0.000774323111193392	1.66392849445451e-05
1.7775893	0.000776688964638882	1.661150610455e-05
1.5846864	0.000778450807393438	1.69691182057987e-05
1.4122353	0.000780098677085026	2.03460497161387e-05
1.2582541	0.000780668726746822	1.81448605221969e-05
1.1224822	0.000784084129016465	2.10931234019185e-05
1.0000616	0.000781685447225607	1.92076930516516e-05
0.89082122	0.00078437223718844	2.0116620650653e-05
0.79444051	0.000786384451422379	2.12842511647984e-05
0.70784986	0.000787505919235717	1.9829182401544e-05
0.63126236	0.000787327200463645	2.16843891824697e-05
0.562536	0.000790032162130354	2.29519755605341e-05
0.50118715	0.000789386530635936	2.36485808742097e-05
0.44642836	0.000792259556386648	2.48844792575279e-05
0.39821118	0.000793448944806696	2.48241977068875e-05
0.35475865	0.000796601284263337	2.59653013015257e-05
0.31619295	0.000795585839456667	2.93590502537644e-05
0.2819173	0.000800453852971476	2.79485245688215e-05
0.25117323	0.000802022232062241	2.80692021190452e-05
0.22391155	0.000803235988651511	3.07632731770524e-05
0.19957349	0.000805619417972557	3.20579127858304e-05
0.17779917	0.000807709876943877	3.39387191869632e-05
0.15846863	0.000808016253418056	3.30299085124396e-05
0.14123619	0.000810202658316566	3.62778148997927e-05
0.12590662	0.000812291496552763	3.83829064188395e-05
0.1122199	0.00081411647745961	3.93734654357695e-05
0.10002181	0.000818705425527441	4.15968950465988e-05
