10002.226	0.00118937035632115	-0.00956544222073295
8914.9326	0.00114750564919484	-0.00856328985802746
7943.9951	0.00111099308704828	-0.00766444087032028
7081.583	0.00107755037623217	-0.00686113304022358
6307.7358	0.00104472162531979	-0.0061412998609815
5622.5879	0.0010136575340192	-0.00549650323025789
5011.603	0.00098588700664169	-0.00492133716573068
4466.4292	0.000960758824541566	-0.00440513530986674
3981.2773	0.000937899885329746	-0.00394498049238929
3548.8679	0.000915384333688316	-0.00353213414596665
3163.0398	0.000896295535939796	-0.00316483282502595
2819.0986	0.000879527001462822	-0.00283272698007623
2512.4104	0.000861319676942602	-0.00253608490375167
2239.2869	0.000845664154624268	-0.00227396590528676
1995.6381	0.000834240400506697	-0.00203696667421005
1778.2897	0.000821283864641385	-0.00182495609417627
1584.4927	0.000809349859241171	-0.00163533473378674
1412.7418	0.000797323230871825	-0.0014658239108366
1258.7905	0.000787457416914137	-0.00131492470374531
1121.7966	0.000778984973811914	-0.00118016830411395
999.68164	0.000773077649031358	-0.00105645895092799
891.42474	0.000761909612426837	-0.000949096137367251
794.23932	0.000755669847090655	-0.000851289815055491
707.96161	0.000746578237671609	-0.000764943737966639
631.00977	0.000740157148989284	-0.000686386465404528
562.33929	0.000736065333751685	-0.000612529171247846
501.12231	0.00072834698231231	-0.000551863379187676
446.57214	0.000723036400400656	-0.000491719025430469
398.08899	0.00072042693417461	-0.000440839049304403
354.88681	0.000713041820583872	-0.000392004810483312
316.31589	0.000711879288498241	-0.000349202379400851
281.8942	0.000707046801071717	-0.000312121779030259
251.20601	0.000702216597651416	-0.00027429006927265
223.92496	0.000702219961316336	-0.000245182117089757
199.55338	0.00070205832947431	-0.000216255477209235
177.78128	0.000701161812183533	-0.000187960757453651
158.52898	0.000700415545480837	-0.000163760730124816
141.21979	0.000700322858727119	-0.000143954159732992
125.92673	0.000701503577749369	-0.000124309750816931
112.19009	0.000703370370306787	-0.000106466268089024
99.968163	0.000705610969471797	-9.00039134725617e-05
89.115646	0.000706039307013325	-7.57067380577869e-05
79.415741	0.000709960603717505	-6.37230334830487e-05
70.793182	0.000710005584960369	-4.84650889075233e-05
63.082279	0.000712744826240987	-4.18124696167689e-05
56.241825	0.000719082085252964	-3.18685951170076e-05
50.112232	0.000718364516777367	-2.33168241459637e-05
44.671223	0.000723013065492235	-1.80732694249335e-05
39.808899	0.000724959302302447	-1.39227709126554e-05
35.488308	0.000730042700910278	-6.35507079150982e-06
31.629578	0.000730660393068219	-1.16387526253259e-06
28.187037	0.000736456695497353	-1.00276402189383e-07
25.120602	0.000737633162363651	3.29537875312809e-06
22.385418	0.000739162431212117	7.47354808341696e-06
19.955338	0.000743747113166458	6.59401458138018e-06
17.775894	0.000745610237823787	1.36667072942367e-05
15.846864	0.000749823893263166	9.95700905656108e-06
14.127493	0.000750381503205873	1.37146860973522e-05
12.587309	0.000751483951350898	1.29623359801922e-05
11.216775	0.000755188929451483	1.56033740431965e-05
9.9968166	0.000756338292336154	1.28286793117595e-05
8.9082127	0.00075811634167778	1.4555100029783e-05
7.9395623	0.000758572577992425	1.54094740419709e-05
7.0765615	0.000761222407716118	1.67006878761898e-05
6.3105822	0.000763101317795364	1.54074770058864e-05
5.6245475	0.000767088728994813	1.47488439957806e-05
5.0112233	0.00076638058616837	1.62710675415106e-05
4.4642835	0.000767852657607201	1.60797481654153e-05
3.9819033	0.000769593472774666	1.71236754034085e-05
3.5479143	0.000769240742985809	1.98348734016488e-05
3.1629577	0.00077117419701301	1.66468411879304e-05
2.818361	0.00077427324974903	1.74362542303235e-05
2.5112481	0.000775534874747166	1.59828364269961e-05
2.2398233	0.000775050728658688	1.73381268123572e-05
1.9950197	0.000777024159036776	1.70932961710204e-05
1.7775893	0.000778437017601055	1.84262677250124e-05
1.5846864	0.000778763269481892	1.77556181633086e-05
1.4122353	0.000780058446580964	1.87452578523327e-05
1.2582541	0.000780837555372301	2.0409748076987e-05
1.1224822	0.000782696337870326	1.76625085668502e-05
1.0000616	0.000783773315769039	1.96347369610386e-05
0.89082122	0.000784139959239033	1.92484012548164e-05
0.79444051	0.000783794228543974	2.09114634917935e-05
0.70784986	0.000786183608714397	2.22752835286241e-05
0.63126236	0.000789832557239616	2.33609643459824e-05
0.562536	0.000789187017120112	2.41314329768649e-05
0.50118715	0.000791229880100055	2.43127682183666e-05
0.44642836	0.000792701833837163	2.56456217045173e-05
0.39821118	0.000794435468882709	2.48129236009305e-05
0.35475865	0.00079536214447373	2.64513835993024e-05
0.31619295	0.00079701677545179	2.72920793947114e-05
0.2819173	0.000799499145423851	2.79374830684206e-05
0.25117323	0.000800429556604051	3.05646552127472e-05
0.22391155	0.00080323200682689	3.19300506593228e-05
0.19957349	0.000803558250106573	3.24038990139034e-05
0.17779917	0.00080707557441957	3.41471339509217e-05
0.15846863	0.000809518685550607	3.37802048339298e-05
0.14123619	0.000809137643217667	3.73928479325566e-05
0.12590662	0.000813433225531607	3.87583191233429e-05
0.1122199	0.000814890468807377	4.17540995620456e-05
0.10002181	0.000818031902581404	4.20479968483436e-05
