10002.226	0.00117586785013194	-0.00960974917667848
8914.9326	0.00113547101513401	-0.00860094774511452
7943.9951	0.00109652859307696	-0.00769781115193213
7081.583	0.00106284712401185	-0.00689518028757292
6307.7358	0.00103171497994995	-0.00616719713783473
5622.5879	0.00100125143760005	-0.00552227970120938
5011.603	0.000971089481119603	-0.00494435151714747
4466.4292	0.000946980681005827	-0.00442666786216786
3981.2773	0.000924841459100675	-0.0039628315502256
3548.8679	0.000900301275232045	-0.0035504962645449
3163.0398	0.000882600408293049	-0.00317816509524201
2819.0986	0.000863465817823032	-0.00284508874819832
2512.4104	0.000848837070999129	-0.00254885149506144
2239.2869	0.000831717587588807	-0.00228526940172322
1995.6381	0.000819114717839338	-0.00204832250429819
1778.2897	0.00080686864306872	-0.00183427027154089
1584.4927	0.000796567690793411	-0.00164433143074792
1412.7418	0.000782687618578328	-0.00147172651268873
1258.7905	0.000776126587071462	-0.00131991199212471
1121.7966	0.000763942241478621	-0.00118491039588393
999.68164	0.000758100916671861	-0.00106176494427528
891.42474	0.000748476504760996	-0.00095315896092568
794.23932	0.000739711123115916	-0.000858255653001113
707.96161	0.000733659355835105	-0.000766384615386098
631.00977	0.000725690174492115	-0.00068787218990419
562.33929	0.000721155858694874	-0.000614529553511432
501.12231	0.000715164191290444	-0.000551974560442425
446.57214	0.000710117357141314	-0.000493307013659221
398.08899	0.000704260245043298	-0.000441991740526645
354.88681	0.000699969875921753	-0.0003966857738892
316.31589	0.000696438907546887	-0.000350658491186011
281.8942	0.000693905822703946	-0.000314430784568597
251.20601	0.00068926440605374	-0.000276468907933426
223.92496	0.000687369726518827	-0.000244615194808234
199.55338	0.000687642648810725	-0.000217036931903931
177.78128	0.000685466936849544	-0.000191033129609866
158.52898	0.00068677173817216	-0.000165020988861768
141.21979	0.000686408976621337	-0.00014405515843505
125.92673	0.000686459325009888	-0.000124945567318694
112.19009	0.00068947111418002	-0.000106402736771856
99.968163	0.000689702279273482	-8.81791257128491e-05
89.115646	0.000693189766873459	-7.56398300160206e-05
79.415741	0.000693517683239084	-6.16709541003473e-05
70.793182	0.000695473479663834	-5.046271930044e-05
63.082279	0.000699458908222168	-4.1389360781084e-05
56.241825	0.000702172278910869	-3.13534642461684e-05
50.112232	0.000705283568774978	-2.26622634650524e-05
44.671223	0.000708877813658135	-1.76535361894121e-05
39.808899	0.000710732458195218	-1.34889757713211e-05
35.488308	0.000713914296788749	-8.65240234496145e-06
31.629578	0.000717958420463433	-2.98238995309245e-06
28.187037	0.000721398963883774	3.85876214299109e-07
25.120602	0.000723706486258767	2.52674344991377e-06
22.385418	0.000726362987944773	7.37307871544958e-06
19.955338	0.000728097424815244	8.19599837591332e-06
17.775894	0.000732135157066716	1.16717565014501e-05
15.846864	0.000733894885717091	9.70896729106357e-06
14.127493	0.000737191648325931	1.36378399549138e-05
12.587309	0.000738126913619246	1.42079758762382e-05
11.216775	0.000740961283109689	1.34147630725027e-05
9.9968166	0.000741852058820859	1.44878730989255e-05
8.9082127	0.000745129447732001	1.31280734089078e-05
7.9395623	0.000744951195402915	1.59054219900081e-05
7.0765615	0.000749289819227154	1.72933367220595e-05
6.3105822	0.000749228593539782	1.76112957740053e-05
5.6245475	0.000752457747551565	1.69650271406818e-05
5.0112233	0.000753548922468928	1.6569541356725e-05
4.4642835	0.000753000618452779	1.63366089713986e-05
3.9819033	0.000753026976253966	1.67007601599166e-05
3.5479143	0.000758306652891613	1.62904555042439e-05
3.1629577	0.000757364793816871	1.71695145694884e-05
2.818361	0.000760382541353877	1.65015502712163e-05
2.5112481	0.000760542910216911	1.70533785957892e-05
2.2398233	0.000761266949383286	1.7486851157037e-05
1.9950197	0.000762957552078047	1.71117645883476e-05
1.7775893	0.000762438955990425	1.89184955247232e-05
1.5846864	0.000764558211634554	1.81942028813824e-05
1.4122353	0.000763879779068158	1.77263707293813e-05
1.2582541	0.000765192859121532	1.90568728778326e-05
1.1224822	0.000769020346015714	2.07317134463626e-05
1.0000616	0.000768302789878769	2.02958957437886e-05
0.89082122	0.000769037537487294	2.13802904884024e-05
0.79444051	0.000771472765217132	2.03309944708026e-05
0.70784986	0.000772505625791259	2.02029031206784e-05
0.63126236	0.000775777416502491	2.27523850937436e-05
0.562536	0.000774998525650395	2.34227281298377e-05
0.50118715	0.000778623354210842	2.34489802392179e-05
0.44642836	0.000779678656435547	2.43694318074734e-05
0.39821118	0.000779864315369985	2.61275472633239e-05
0.35475865	0.000781710019094566	2.75072927195822e-05
0.31619295	0.000783585490690057	2.88592949696012e-05
0.2819173	0.000784675948130345	2.7314386534544e-05
0.25117323	0.000786553643179614	2.8880235938227e-05
0.22391155	0.000789343341590892	3.02761791160897e-05
0.19957349	0.000790538024583011	3.00495115795396e-05
0.17779917	0.000790447465383343	3.38276965515239e-05
0.15846863	0.000791706077433556	3.44649380836863e-05
0.14123619	0.000796568437971682	3.67271747881023e-05
0.12590662	0.000798646365713918	3.94952965890393e-05
0.1122199	0.00080129942212027	4.1041099426317e-05
0.10002181	0.000804852285505426	4.26381623488517e-05
