10002.226	0.00117645566017217	-0.00961086694032464
8914.9326	0.00113532452371346	-0.00860187844287948
7943.9951	0.00109659624410119	-0.00769941868279645
7081.583	0.00106320116673683	-0.00689332937402357
6307.7358	0.00103058145751394	-0.00616703534854804
5622.5879	0.00100041520712739	-0.00552270319226526
5011.603	0.000971032170685058	-0.00494315016942365
4466.4292	0.000945796154086529	-0.00442519580852729
3981.2773	0.000920815892073797	-0.00396382556517865
3548.8679	0.00089841998058216	-0.00354794643637743
3163.0398	0.000881354177035197	-0.00317952788699108
2819.0986	0.000863981408987468	-0.00284450757699116
2512.4104	0.000848720399558727	-0.00254807304346427
2239.2869	0.000832030953889069	-0.00228448924299344
1995.6381	0.000819744255651166	-0.00204520337819609
1778.2897	0.000806491903904843	-0.00183502468790029
1584.4927	0.000796026728842481	-0.00164371099363956
1412.7418	0.000783050061910035	-0.00147082067234437
1258.7905	0.000773201250517508	-0.00132074746722064
1121.7966	0.000762547688815986	-0.0011844523043009
999.68164	0.000756095741876364	-0.00106116137888491
891.42474	0.000747733707039996	-0.000953853309530484
794.23932	0.000740934028276608	-0.000855691495098078
707.96161	0.000731570133951569	-0.00076738285188845
631.00977	0.000726033373955484	-0.000689548818494975
562.33929	0.000718098291089477	-0.000618163127379202
501.12231	0.00071446650914008	-0.000552719313094512
446.57214	0.000708583937775558	-0.000493669962905139
398.08899	0.000703918298256173	-0.000442433078896824
354.88681	0.000699943917036519	-0.000394349316805998
316.31589	0.00069770257113351	-0.000349967105364837
281.8942	0.000695642927263539	-0.000313357971028574
251.20601	0.000688064008134318	-0.000277955653558592
223.92496	0.000688941197922674	-0.000243495520438442
199.55338	0.000687451068186239	-0.000217293763921778
177.78128	0.00068484765049337	-0.000188598182258918
158.52898	0.000686766302029316	-0.00016550775352385
141.21979	0.00068605793855113	-0.000144978491301799
125.92673	0.000684535361893449	-0.000123064007581493
112.19009	0.000687929123408321	-0.000108373795663729
99.968163	0.000690807289997247	-9.07861700953948e-05
89.115646	0.000695052848002073	-7.53213523309784e-05
79.415741	0.000694511744261889	-6.49668937815315e-05
70.793182	0.000696994242115123	-5.03621496881288e-05
63.082279	0.000698822436559455	-4.17472781766049e-05
56.241825	0.000704803272801575	-3.20556573583032e-05
50.112232	0.000706129220120613	-2.36224764694122e-05
44.671223	0.000707112046611717	-1.79969996110646e-05
39.808899	0.000712768959845083	-1.33666687068384e-05
35.488308	0.00071637384988077	-7.34710141233872e-06
31.629578	0.00071701088469769	-3.89063852384356e-06
28.187037	0.000720205984884816	1.80928863681022e-06
25.120602	0.000721354614910458	4.61695938369071e-06
22.385418	0.000728260286957949	6.18102062792446e-06
19.955338	0.000728907678561783	9.34648394001104e-06
17.775894	0.000731672439848471	1.2258370306997e-05
15.846864	0.000734962553363461	1.06936460812898e-05
14.127493	0.000735810821971359	1.57384735579377e-05
12.587309	0.000738503736334558	1.31880063707242e-05
11.216775	0.000738691343404244	1.25983946764209e-05
9.9968166	0.000744231741218912	1.43463533560025e-05
8.9082127	0.000743882296161082	1.62547246668666e-05
7.9395623	0.000745438926440247	1.67419276213903e-05
7.0765615	0.000749884726859084	1.77747667814526e-05
6.3105822	0.000748509972369605	1.62247667456099e-05
5.6245475	0.000750696671500943	1.52555193504257e-05
5.0112233	0.000753765439643135	1.92360676924876e-05
4.4642835	0.000753848881027858	1.68857618713143e-05
3.9819033	0.000753075485823963	1.62010220662632e-05
3.5479143	0.000757606998299525	1.79201469252784e-05
3.1629577	0.000758552662634327	1.96888403221712e-05
2.818361	0.00075930399011949	1.61307170951344e-05
2.5112481	0.000760563031671786	1.656713523696e-05
2.2398233	0.00076072787485545	1.78217254658133e-05
1.9950197	0.000761624348887852	1.72505082554701e-05
1.7775893	0.000763454828514073	1.90926772294908e-05
1.5846864	0.000764852425807466	1.93302976569171e-05
1.4122353	0.000764353693281106	1.7787667748466e-05
1.2582541	0.000767201553956979	2.14143140350567e-05
1.1224822	0.000767350666297433	1.82121103885022e-05
1.0000616	0.000769918932812747	1.80786349142004e-05
0.89082122	0.000770631910934137	2.06353681439296e-05
0.79444051	0.000771231916652568	2.10882012780293e-05
0.70784986	0.000772994285491729	2.12782948745349e-05
0.63126236	0.000774494529719146	2.10293302478105e-05
0.562536	0.000775716651790381	2.28406383786575e-05
0.50118715	0.000778016808411358	2.24530035260962e-05
0.44642836	0.000779686802521774	2.34582811832421e-05
0.39821118	0.000779236036038197	2.51934697968861e-05
0.35475865	0.000781705421484951	2.63416847598157e-05
0.31619295	0.00078261131319231	2.907812560037e-05
0.2819173	0.0007850136390621	2.88135657811375e-05
0.25117323	0.000787634459388521	2.78580454262518e-05
0.22391155	0.000789657226829102	3.07410647458086e-05
0.19957349	0.000788956498206283	3.28983941808155e-05
0.17779917	0.000792230473017033	3.47109246631979e-05
0.15846863	0.000794659131665175	3.42309249006457e-05
0.14123619	0.00079536580102892	3.68070286583379e-05
0.12590662	0.000797709970613878	4.02300050597978e-05
0.1122199	0.000799337295972325	3.99221724161887e-05
0.10002181	0.000804678471669572	4.2597564886516e-05
