10002.226	0.00117592605030224	-0.00960800918369031
8914.9326	0.00113454614995254	-0.00860150230375385
7943.9951	0.00109637125977115	-0.00770075831536076
7081.583	0.00106326766245802	-0.00689535466357621
6307.7358	0.00103258646670289	-0.00616887415153325
5622.5879	0.000997971451155135	-0.00552214551894255
5011.603	0.000969471657324602	-0.00494437477986716
4466.4292	0.000946112968298449	-0.00442648210363841
3981.2773	0.000923201202663851	-0.00396395399287057
3548.8679	0.000900595557637125	-0.00354981639885639
3163.0398	0.000883383268258516	-0.00317807772932265
2819.0986	0.000863685603165897	-0.00284625084849487
2512.4104	0.00084782157865922	-0.0025516470462906
2239.2869	0.000831698134830077	-0.00228422524852814
1995.6381	0.000820674557546547	-0.00204738289726163
1778.2897	0.000806503113003698	-0.00183242224266413
1584.4927	0.000794952626629581	-0.00164289330082618
1412.7418	0.000783212060435098	-0.00147064990889825
1258.7905	0.000776072218236504	-0.00132126835108676
1121.7966	0.000764045459539314	-0.00118639083757876
999.68164	0.000759115303177413	-0.00106175159743604
891.42474	0.000745423821303654	-0.000954227544122438
794.23932	0.000740787762352357	-0.000857620099538182
707.96161	0.000733424016896253	-0.000767261648973206
631.00977	0.000724439015378649	-0.000690800616610065
562.33929	0.000720857054136558	-0.000617296519930378
501.12231	0.000715731189058449	-0.000553097941492132
446.57214	0.000710779071238539	-0.000494433695381066
398.08899	0.000704247849086581	-0.000442980064189818
354.88681	0.000701142465382603	-0.000394190670339738
316.31589	0.000697381901030057	-0.00035140692026706
281.8942	0.000692346268641766	-0.000313714817742768
251.20601	0.00068913987451917	-0.000278352989580848
223.92496	0.000690641070501957	-0.000244115092788194
199.55338	0.000688514205220444	-0.000218082482924389
177.78128	0.000686585396933277	-0.000188517334034592
158.52898	0.000687065458145882	-0.000164890710898384
141.21979	0.000687922346222266	-0.000144265918543292
125.92673	0.000686478881140532	-0.000124530239537401
112.19009	0.000690318025389283	-0.000107272008858492
99.968163	0.000690748461630428	-9.03739180725551e-05
89.115646	0.000692491937586312	-7.72372825295923e-05
79.415741	0.000695663930722647	-6.42548743937752e-05
70.793182	0.000697819546102891	-5.15190078598833e-05
63.082279	0.000700117692011076	-4.0622444628171e-05
56.241825	0.000702816662143599	-3.29373215844815e-05
50.112232	0.000703834768717003	-2.38561277541504e-05
44.671223	0.000707881250137989	-1.70614128429265e-05
39.808899	0.000709009293759878	-1.23579020531323e-05
35.488308	0.00071429987325573	-7.69929718462173e-06
31.629578	0.000717029612045418	-7.11384713203474e-07
28.187037	0.000719398869724617	-7.38740288730549e-07
25.120602	0.000722092322614504	3.55404792213643e-06
22.385418	0.000726879471580337	6.80109647988747e-06
19.955338	0.000730607817816915	9.40019182219466e-06
17.775894	0.000733300012949269	9.77263357209309e-06
15.846864	0.000734334699095247	1.19912687946847e-05
14.127493	0.000738571174859086	1.23787551376511e-05
12.587309	0.000739412399576618	1.20462362695953e-05
11.216775	0.00073858735425067	1.41611416859923e-05
9.9968166	0.000742946559542683	1.47571537564829e-05
8.9082127	0.000745252295872586	1.4837714113758e-05
7.9395623	0.000744703055237898	1.75770761411938e-05
7.0765615	0.000747648515972269	1.73508987143989e-05
6.3105822	0.000750300047318536	1.81395350935838e-05
5.6245475	0.000751118132933415	1.38759330317658e-05
5.0112233	0.000753873578299351	1.7717736940011e-05
4.4642835	0.000755335196432956	1.76244002218526e-05
3.9819033	0.000755275630264207	1.74557350636844e-05
3.5479143	0.000757124983104226	1.83046628752629e-05
3.1629577	0.000759228569254356	1.78570456707943e-05
2.818361	0.000759535696658277	1.71313360242266e-05
2.5112481	0.000759151718834963	1.62309327175963e-05
2.2398233	0.00076053269194384	1.79684946735874e-05
1.9950197	0.000760037234156831	1.92499460515043e-05
1.7775893	0.000762184564349229	1.81291274564648e-05
1.5846864	0.000765109714992323	1.95161123206094e-05
1.4122353	0.000764244843605699	1.77789795739461e-05
1.2582541	0.000766921981673103	1.91045344515576e-05
1.1224822	0.000766776120800639	1.86373915430672e-05
1.0000616	0.00076910684895861	2.03286335696752e-05
0.89082122	0.000770328851882551	1.9333549682707e-05
0.79444051	0.000773675702457056	2.02607268401518e-05
0.70784986	0.000773440833764025	2.25857570276332e-05
0.63126236	0.000773460304750159	2.15625106463805e-05
0.562536	0.000776072699066561	2.2173895896107e-05
0.50118715	0.000774482795319688	2.37004998317036e-05
0.44642836	0.000778367840384113	2.5175135677899e-05
0.39821118	0.000780766120646576	2.59084353717242e-05
0.35475865	0.000781891525418568	2.80008749891592e-05
0.31619295	0.000783801596451683	2.84974465796343e-05
0.2819173	0.000784028405664448	3.03377180347677e-05
0.25117323	0.000784597543001149	2.95961842794448e-05
0.22391155	0.000788652263166838	3.19530001870642e-05
0.19957349	0.000790976358357763	3.05795902715376e-05
0.17779917	0.000790159085555584	3.47948779167749e-05
0.15846863	0.000793617532900956	3.47203281778808e-05
0.14123619	0.000795778273350837	3.64520372736571e-05
0.12590662	0.000797969054146678	3.91627847152998e-05
0.1122199	0.000802613134731553	3.92179412468674e-05
0.10002181	0.000804069578467764	4.26571356617911e-05
