10002.226	0.00117532154983868	-0.00961027387965309
8914.9326	0.00113465009689316	-0.00860251659732479
7943.9951	0.00109789913509675	-0.00770021764008957
7081.583	0.00106328835112613	-0.00689366340228676
6307.7358	0.00103073037888848	-0.00616803452620999
5622.5879	0.00100078512609472	-0.00552225009250192
5011.603	0.000971131284093532	-0.00494573099660177
4466.4292	0.000946968580675225	-0.00442745383617772
3981.2773	0.000923645614553855	-0.00396384553592499
3548.8679	0.000899285437031895	-0.00354997248822714
3163.0398	0.000880216879222855	-0.0031786660423014
2819.0986	0.000864352021717508	-0.002846278251901
2512.4104	0.000849464937356628	-0.00255078227334578
2239.2869	0.000832006498830597	-0.00228561253406191
1995.6381	0.000820767190885085	-0.00204594065289949
1778.2897	0.000806030375706297	-0.0018347565640014
1584.4927	0.000796242455559335	-0.00164294401686588
1412.7418	0.00078315085517415	-0.0014728036870355
1258.7905	0.000776774843483816	-0.00132000416967883
1121.7966	0.000764180454333338	-0.00118598466393993
999.68164	0.000756206750072922	-0.00106120394841464
891.42474	0.000747852242380256	-0.000954015101635069
794.23932	0.000741468708396029	-0.000856059504950119
707.96161	0.000733328533046068	-0.00076501830891206
631.00977	0.000726084775399497	-0.000688590023194011
562.33929	0.000720078550254182	-0.000617008679024198
501.12231	0.000713797739311542	-0.000553572092383951
446.57214	0.000708235651050078	-0.000493761241170812
398.08899	0.00070364785445349	-0.000441379688513951
354.88681	0.00069958602171382	-0.000395258679512105
316.31589	0.00069906173952978	-0.000351597639666716
281.8942	0.000694346927215995	-0.000311238973109477
251.20601	0.000689079702551558	-0.000276393483652587
223.92496	0.000686416236373032	-0.000243988430900923
199.55338	0.000687594284425993	-0.000217564861476811
177.78128	0.000686903103763536	-0.000189709918344822
158.52898	0.000686624833696482	-0.000164065845620839
141.21979	0.000685624063513271	-0.000144075051599462
125.92673	0.000686143860716368	-0.00012257475492678
112.19009	0.000689202245239396	-0.000107368802666517
99.968163	0.000689838653340842	-9.2202259509682e-05
89.115646	0.000693892416640174	-7.62344393146914e-05
79.415741	0.000693870915176619	-6.52917227236253e-05
70.793182	0.000697442122845572	-5.25167399067245e-05
63.082279	0.000700494159689114	-4.05947126060269e-05
56.241825	0.000703886731230838	-3.21600121658616e-05
50.112232	0.000704722427050122	-2.30716679509008e-05
44.671223	0.000707744026212925	-1.8680556326152e-05
39.808899	0.000710860319877839	-1.24069836425765e-05
35.488308	0.000713575993252201	-6.15917246356397e-06
31.629578	0.000716829886643589	-2.0508410562071e-06
28.187037	0.000720648989050812	2.54585353834492e-07
25.120602	0.000722814307476399	2.81297980445874e-06
22.385418	0.000726562969406901	7.93277618146621e-06
19.955338	0.000728318156259635	8.5123006685007e-06
17.775894	0.000732906871497861	1.12308597501394e-05
15.846864	0.000733691974563625	1.06865430679756e-05
14.127493	0.000738164970650919	1.43304601411384e-05
12.587309	0.00073856339950048	1.40047312777768e-05
11.216775	0.000742697997229872	1.4074803339665e-05
9.9968166	0.000743758608974077	1.50978678945949e-05
8.9082127	0.000743347290131577	1.52231237115506e-05
7.9395623	0.000744027411782091	1.55959430246527e-05
7.0765615	0.000747662626424938	1.83420027754088e-05
6.3105822	0.000750064952014613	1.56328581946711e-05
5.6245475	0.000750868418343268	1.7823584941463e-05
5.0112233	0.000752873511280969	1.79349376945474e-05
4.4642835	0.000755126463536137	1.59256912900623e-05
3.9819033	0.000754753087031203	1.78735321867825e-05
3.5479143	0.000754663778985627	1.61993921120964e-05
3.1629577	0.000758284608684706	1.75403878184396e-05
2.818361	0.000757544404661569	1.73435299999746e-05
2.5112481	0.00075880433919596	1.59714175208035e-05
2.2398233	0.000760923021358748	1.84502349265208e-05
1.9950197	0.000760907462779225	1.75876785509479e-05
1.7775893	0.000764112811674625	1.67265007904179e-05
1.5846864	0.00076551788883496	1.78491053980559e-05
1.4122353	0.00076574748776662	1.92844067088199e-05
1.2582541	0.000765162693603332	1.84821901179328e-05
1.1224822	0.000766607432955457	1.81753949379546e-05
1.0000616	0.000768945139564209	1.87376588139328e-05
0.89082122	0.000770051915302194	2.11619782431275e-05
0.79444051	0.000772188322754094	2.11509723684891e-05
0.70784986	0.000773655341912068	2.11578030463509e-05
0.63126236	0.000773539355868506	2.13858205381092e-05
0.562536	0.000776236979632145	2.29980503754098e-05
0.50118715	0.000778916835311863	2.27589688878948e-05
0.44642836	0.000778735128456676	2.48611235770471e-05
0.39821118	0.000782099905054688	2.56486899226564e-05
0.35475865	0.000781914137872198	2.80767468436233e-05
0.31619295	0.000784365291002451	2.6696303495722e-05
0.2819173	0.000783447987257286	2.87037066952153e-05
0.25117323	0.000786577528484498	2.84668925189131e-05
0.22391155	0.000789797829807012	3.11181380063243e-05
0.19957349	0.00079231391192403	3.40330225144214e-05
0.17779917	0.00079166666577966	3.49442775467746e-05
0.15846863	0.000794641872031647	3.55361906688395e-05
0.14123619	0.000796070053143801	3.80398955227398e-05
0.12590662	0.000798542350494271	3.94034872031972e-05
0.1122199	0.000799854297735588	4.16277007309318e-05
0.10002181	0.000803101889004288	4.31582182371152e-05
