10002.226	0.0011773720360581	-0.00961326364461998
8914.9326	0.00113422899492916	-0.0086038660514206
7943.9951	0.00109568138187396	-0.0076996710464233
7081.583	0.00106279282873366	-0.00689234922533064
6307.7358	0.00103143499852409	-0.00616779804180728
5622.5879	0.000999272003775243	-0.00552054426638782
5011.603	0.000971023150401694	-0.00494387674299842
4466.4292	0.000947230539236211	-0.0044264575444715
3981.2773	0.000923113652250934	-0.00396402903915225
3548.8679	0.000900711927637782	-0.00354945244744151
3163.0398	0.000882224513221657	-0.0031773892002494
2819.0986	0.000865064837592085	-0.00284336934060446
2512.4104	0.000849428245826649	-0.00254833268845125
2239.2869	0.000832392488298017	-0.00228561466238872
1995.6381	0.000820079161650028	-0.00204901912198084
1778.2897	0.00080595841036065	-0.00183325244938791
1584.4927	0.000794700889965259	-0.00164211185650222
1412.7418	0.000782560524445668	-0.00147349110778246
1258.7905	0.000774220015978493	-0.00131997241184738
1121.7966	0.000765319778483934	-0.00118640406867918
999.68164	0.00075521024799518	-0.00106080625893055
891.42474	0.000748130362994943	-0.000952285093251095
794.23932	0.000740773001729362	-0.000855726353780868
707.96161	0.000733521900579112	-0.000765183691792172
631.00977	0.000726216624285676	-0.000688709837941706
562.33929	0.000721662087446325	-0.00061718657629876
501.12231	0.000715273279842115	-0.000551543736018215
446.57214	0.000707274235568439	-0.000495407492143852
398.08899	0.00070393518019546	-0.000443487240934458
354.88681	0.000700196160527872	-0.000393995115172098
316.31589	0.000697415286646939	-0.000350110325163232
281.8942	0.000693068550711767	-0.00031349432830852
251.20601	0.00069117937002954	-0.000276137888948511
223.92496	0.000687974598048836	-0.000244742492206434
199.55338	0.000688718937434573	-0.000216660358796351
177.78128	0.000685952633032	-0.000187751592044987
158.52898	0.000685088825799853	-0.000164504908494144
141.21979	0.000687266816542411	-0.000144742218435683
125.92673	0.000685840675292166	-0.000124190562657082
112.19009	0.000689763242836991	-0.000107493660259451
99.968163	0.000689647062218442	-9.02687031195135e-05
89.115646	0.000692952314771006	-7.65557214992436e-05
79.415741	0.000696304558763887	-6.35652556020928e-05
70.793182	0.00069774825999583	-4.93797960819136e-05
63.082279	0.000699355604121942	-4.14387086127833e-05
56.241825	0.000704488368745509	-3.12938357632049e-05
50.112232	0.000704074827634474	-2.44223948884987e-05
44.671223	0.000707675291617081	-1.78164898038084e-05
39.808899	0.000710025835225739	-1.31574839061853e-05
35.488308	0.000713381022788445	-8.90229632318604e-06
31.629578	0.00071794511007941	-2.50140822429038e-06
28.187037	0.00072096877099503	2.32235372155341e-06
25.120602	0.000724084903185297	4.00292400153332e-06
22.385418	0.000727161764445736	5.77543001831421e-06
19.955338	0.000729611269746079	9.8197327494328e-06
17.775894	0.000731845218582975	1.09346615290294e-05
15.846864	0.000733420113378588	1.15527658462598e-05
14.127493	0.000738035583810503	1.42638267710178e-05
12.587309	0.000739542398168434	1.341809017298e-05
11.216775	0.000739617720793607	1.54198322258974e-05
9.9968166	0.000743253933589287	1.36614093692347e-05
8.9082127	0.000742744759080353	1.39725518226993e-05
7.9395623	0.000744945561898274	1.60065597945618e-05
7.0765615	0.000748153896932893	1.76774371125134e-05
6.3105822	0.000750148928365459	1.72748064890729e-05
5.6245475	0.000751892816613932	1.41443947752009e-05
5.0112233	0.000754179764117732	1.59691015965284e-05
4.4642835	0.000754732862968451	1.57233256221215e-05
3.9819033	0.000755635276763585	1.64499240338314e-05
3.5479143	0.000755569622595854	1.62909445101466e-05
3.1629577	0.000758172358838712	2.0068061669624e-05
2.818361	0.000759344459509113	1.56508653832539e-05
2.5112481	0.000761153702608883	1.49557251403235e-05
2.2398233	0.000759074276455891	1.66089509134098e-05
1.9950197	0.000760493009677355	1.57233188860972e-05
1.7775893	0.000764402870506695	1.92613806168971e-05
1.5846864	0.000766131806876868	1.96591439162708e-05
1.4122353	0.000765952666932962	1.66061580951064e-05
1.2582541	0.000767305327090733	1.86659022074621e-05
1.1224822	0.00076811014153186	1.89607063076876e-05
1.0000616	0.000768528647030374	2.19269900051573e-05
0.89082122	0.000769395446509378	2.00222286497601e-05
0.79444051	0.000770751999790273	2.09246452330347e-05
0.70784986	0.000773489459018865	2.21609613894017e-05
0.63126236	0.000772180516573773	2.21952772396568e-05
0.562536	0.000775390463104445	2.28011038236657e-05
0.50118715	0.000777114928720968	2.25787197910833e-05
0.44642836	0.00077945706085581	2.39437466140758e-05
0.39821118	0.000781169152087119	2.52064416623742e-05
0.35475865	0.000781885887704088	2.66083573243167e-05
0.31619295	0.000783588620639117	2.8891733298067e-05
0.2819173	0.000783488097675954	2.6274300689536e-05
0.25117323	0.000786005249101559	2.93886780614603e-05
0.22391155	0.000787974863918368	2.96787709085891e-05
0.19957349	0.000791160978159563	3.13999963448882e-05
0.17779917	0.000792882510833932	3.34776300184653e-05
0.15846863	0.000794221018173488	3.49358980812788e-05
0.14123619	0.000797864172871924	3.53372958902729e-05
0.12590662	0.000798707325281129	3.86982493257223e-05
0.1122199	0.000803075357936521	3.99477226031286e-05
0.10002181	0.000803059044349965	4.35528706493764e-05
