10002.226	0.00117509316162987	-0.00960956275253357
8914.9326	0.00113425692835563	-0.00859979730551269
7943.9951	0.00110003985242032	-0.00769759082459663
7081.583	0.00106256397477491	-0.00689368627744764
6307.7358	0.00103047133552118	-0.00616880653726164
5622.5879	0.000999263076782393	-0.00552156911448655
5011.603	0.000971201903650438	-0.00494420466194612
4466.4292	0.000946827307173004	-0.00442722256749983
3981.2773	0.000921481200287659	-0.00396332006768457
3548.8679	0.000899783805335417	-0.00354845393643887
3163.0398	0.000882103588638468	-0.00317813615823406
2819.0986	0.000862965617513598	-0.00284605060300458
2512.4104	0.000849058520232327	-0.00255086286248072
2239.2869	0.000832182427709245	-0.00228514746831482
1995.6381	0.000821536188173276	-0.00204729006100523
1778.2897	0.000806237831755367	-0.00183337063001203
1584.4927	0.00079472148428579	-0.00164255126117712
1412.7418	0.000783455081217978	-0.00147313555320104
1258.7905	0.000773573233034378	-0.00132111136259392
1121.7966	0.000766789654245977	-0.00118413295244312
999.68164	0.000757074112225624	-0.00106260873331895
891.42474	0.000747582270953859	-0.000951982332622662
794.23932	0.000741575086407795	-0.000856670714163929
707.96161	0.00073282539846991	-0.000767158790275521
631.00977	0.000727382059397772	-0.000689120150160774
562.33929	0.000721268249541191	-0.000617686826160705
501.12231	0.000715982297700143	-0.000552448673254751
446.57214	0.000707085202683783	-0.00049272712337822
398.08899	0.000703769663124892	-0.000441810670792943
354.88681	0.000698315280505557	-0.000395059453401352
316.31589	0.0006989385127345	-0.000350898020300468
281.8942	0.000692389911547871	-0.000312478055428551
251.20601	0.000690120027187418	-0.000277857159217984
223.92496	0.000687790627946741	-0.000245941033847242
199.55338	0.000686930253240553	-0.000216754987793986
177.78128	0.000688249001487656	-0.000188968578159498
158.52898	0.000686334562378703	-0.000165441860984604
141.21979	0.000685562087589912	-0.000145127477080633
125.92673	0.000685842372530449	-0.000123945258190391
112.19009	0.000689264020030785	-0.000107115314556391
99.968163	0.000689849025654381	-8.96042716400563e-05
89.115646	0.000693873415064639	-7.57885148757446e-05
79.415741	0.000694725680682105	-6.3722962026411e-05
70.793182	0.000695517016763295	-5.24713752662774e-05
63.082279	0.000699007632581994	-4.26812221640309e-05
56.241825	0.000704493596899271	-3.16870854286067e-05
50.112232	0.000705654020978897	-2.29467866219069e-05
44.671223	0.000709376529388446	-1.82368019642903e-05
39.808899	0.000712037195047684	-1.28133070788576e-05
35.488308	0.000713529110960778	-7.50139567549814e-06
31.629578	0.000716008409120709	-2.58557898177108e-06
28.187037	0.000720427775433682	5.32311031753023e-07
25.120602	0.000721277963275429	2.51507826444673e-06
22.385418	0.000726806472761488	8.41292785285589e-06
19.955338	0.000728534035657799	7.30704633838536e-06
17.775894	0.000733167200658244	1.252408188425e-05
15.846864	0.000736601722268107	1.1651433618943e-05
14.127493	0.000737515928208516	1.30318938813523e-05
12.587309	0.000739988870012732	1.19915236235182e-05
11.216775	0.000740654464111194	1.40815637279845e-05
9.9968166	0.000743225580765278	1.46359458780249e-05
8.9082127	0.000743207893369785	1.53482772171608e-05
7.9395623	0.000745632585342703	1.64193186599759e-05
7.0765615	0.000748474984935769	1.86082364848873e-05
6.3105822	0.000748502005992415	1.75537464805394e-05
5.6245475	0.000752514641031708	1.55399602511962e-05
5.0112233	0.000751643929431982	1.74935660400379e-05
4.4642835	0.000754865095803818	1.50095426761358e-05
3.9819033	0.000752637988325205	1.6501397195898e-05
3.5479143	0.00075529598838491	1.63511669776384e-05
3.1629577	0.000756507143199109	1.91241226629137e-05
2.818361	0.000759497969209993	1.57792359713912e-05
2.5112481	0.000758150893507482	1.52211214343901e-05
2.2398233	0.000759890876499097	1.8029527160888e-05
1.9950197	0.000760335020676689	1.71045205441621e-05
1.7775893	0.000762841694653905	1.76033573675632e-05
1.5846864	0.000763517894622191	1.80736114812301e-05
1.4122353	0.00076531289209294	1.75846564607654e-05
1.2582541	0.000765489526997233	1.88790734266471e-05
1.1224822	0.000766810224280856	1.78825202172512e-05
1.0000616	0.000770324901901569	2.08387260918439e-05
0.89082122	0.000769373888009422	1.95686540380317e-05
0.79444051	0.000770774064541111	2.17838423262898e-05
0.70784986	0.000773855104575388	2.18300099423826e-05
0.63126236	0.000774524813484446	2.27015530335994e-05
0.562536	0.000774143657791857	2.23982163944956e-05
0.50118715	0.000777479180010105	2.33167179917043e-05
0.44642836	0.000778383833133056	2.51784753144993e-05
0.39821118	0.000780937142673314	2.57672928507368e-05
0.35475865	0.000781079795843152	2.75768348960084e-05
0.31619295	0.000782887881371595	2.75377274546555e-05
0.2819173	0.000783730229088199	2.88386109029998e-05
0.25117323	0.000786305828394808	2.80925377436591e-05
0.22391155	0.000789884715039152	3.19535662453339e-05
0.19957349	0.000790182781645845	3.40508761561151e-05
0.17779917	0.000791323286824696	3.53676499673331e-05
0.15846863	0.000793033820818533	3.63408367831058e-05
0.14123619	0.000796108372919945	3.78069900894575e-05
0.12590662	0.000797839705092866	3.87664518230224e-05
0.1122199	0.000802219042382301	4.05086383888412e-05
0.10002181	0.00080471188047917	4.30701869399446e-05
