10002.226	0.00117557653382733	-0.00960960809654348
8914.9326	0.0011353744072469	-0.00860229204385116
7943.9951	0.00109664959945697	-0.00770054437490785
7081.583	0.00106318602881276	-0.00689284556388903
6307.7358	0.00103165656079775	-0.0061706192758831
5622.5879	0.000999877878547351	-0.00552101681970504
5011.603	0.000970128998493687	-0.00494559942726897
4466.4292	0.000947893263352594	-0.0044262135414227
3981.2773	0.000923946242855177	-0.00396453560270142
3548.8679	0.000900264120381789	-0.00355046821450518
3163.0398	0.000881290131821668	-0.00317926587794098
2819.0986	0.000864171027377069	-0.00284642693248041
2512.4104	0.000847947367776873	-0.00255060444080853
2239.2869	0.000831352774233601	-0.00228407400668803
1995.6381	0.000819058224743559	-0.00204742858028577
1778.2897	0.000807595850257913	-0.00183426649721765
1584.4927	0.000795910793892928	-0.00164225515771233
1412.7418	0.000782251734112944	-0.0014723817948028
1258.7905	0.000774193418087206	-0.00132018759892936
1121.7966	0.00076429846810557	-0.00118555260150035
999.68164	0.000754445513025808	-0.00106210933837436
891.42474	0.000747981103289139	-0.000953624537792117
794.23932	0.000740791013330586	-0.000856131498732962
707.96161	0.000732928019261641	-0.00076757021344616
631.00977	0.000724941921501133	-0.000688647716785189
562.33929	0.000721673512527305	-0.00061693359051001
501.12231	0.000714067634117891	-0.00055294053563201
446.57214	0.000710559681646295	-0.000494448626013565
398.08899	0.000704327087631806	-0.000441626572010219
354.88681	0.000699899519022215	-0.000394268311104441
316.31589	0.000695520850922136	-0.00035211161022435
281.8942	0.000693110102840292	-0.000313140391660968
251.20601	0.000689860161873076	-0.000275745482318648
223.92496	0.000687308178312511	-0.000244752521926612
199.55338	0.000688291630489301	-0.000216456785546448
177.78128	0.000685498816029934	-0.00018836996035676
158.52898	0.000685205592189085	-0.000164431575967801
141.21979	0.000685730799259847	-0.000144022406094275
125.92673	0.000687496503591368	-0.000122854080413512
112.19009	0.000690179945171677	-0.000108463517941238
99.968163	0.000689837495148481	-9.08732123661394e-05
89.115646	0.000692629841671032	-7.70434712945461e-05
79.415741	0.000693526148249689	-6.35501125309825e-05
70.793182	0.000695308169293595	-5.13374078935934e-05
63.082279	0.000699002205414358	-4.08885208450118e-05
56.241825	0.000705190429864759	-3.28166451229056e-05
50.112232	0.000707615252663148	-2.45078712003154e-05
44.671223	0.000707882896656266	-1.77021307522301e-05
39.808899	0.000710241718919482	-1.57608889432465e-05
35.488308	0.00071428575651721	-6.07401326445781e-06
31.629578	0.000717925159178916	-1.69132115313786e-06
28.187037	0.000721292708829844	1.66694902554796e-06
25.120602	0.000723017642922696	5.07377897983082e-06
22.385418	0.000726090043711085	6.75823360457176e-06
19.955338	0.000729122627275763	7.84056040353205e-06
17.775894	0.000733533012587431	1.19647120823982e-05
15.846864	0.000735148910140795	1.18431968110177e-05
14.127493	0.000736424660809803	1.36827529671978e-05
12.587309	0.000738683646568829	1.2998449522055e-05
11.216775	0.000740614494750167	1.33895933219246e-05
9.9968166	0.000742436789190491	1.44772967702392e-05
8.9082127	0.000745659274706688	1.75819743519439e-05
7.9395623	0.000747845807677213	1.43797776637892e-05
7.0765615	0.000747267124429115	1.69389327362854e-05
6.3105822	0.000749518955433306	1.53811907600506e-05
5.6245475	0.000751283972706258	1.59225740922436e-05
5.0112233	0.000754703096148078	1.70514185672168e-05
4.4642835	0.000755332725716617	1.7841785211776e-05
3.9819033	0.000753680635300393	1.65747671631381e-05
3.5479143	0.000755853892236787	1.49401825217894e-05
3.1629577	0.000758211831371704	1.67186598131485e-05
2.818361	0.000758517566912836	1.65547299358463e-05
2.5112481	0.000760556978922831	1.52582352228069e-05
2.2398233	0.000760306043037775	1.79247070218145e-05
1.9950197	0.000761956516670666	1.70861790611996e-05
1.7775893	0.000762897145815093	1.69865765106934e-05
1.5846864	0.000764415940365848	1.71868562791058e-05
1.4122353	0.000764192356059913	1.73907050411949e-05
1.2582541	0.000767010519281403	1.81595046453271e-05
1.1224822	0.000765748217795333	2.11231776244864e-05
1.0000616	0.000768868988814386	1.91765657910951e-05
0.89082122	0.000770534003305871	2.15636714696989e-05
0.79444051	0.000771679226235525	2.05826205964081e-05
0.70784986	0.000772762928749024	2.1429994063142e-05
0.63126236	0.00077602513479033	2.26551830787627e-05
0.562536	0.00077525268186988	2.22147426465936e-05
0.50118715	0.000775913138540645	2.28614769161189e-05
0.44642836	0.000779576715369019	2.35115285174075e-05
0.39821118	0.000781328207234848	2.78447086467983e-05
0.35475865	0.000779909272561817	2.85352809740278e-05
0.31619295	0.000783696467666081	2.69814736441991e-05
0.2819173	0.0007852254981397	2.90568966062858e-05
0.25117323	0.00078727493256154	3.05942703019518e-05
0.22391155	0.000786732828154966	3.2676463091162e-05
0.19957349	0.000790714939053135	3.15994900728602e-05
0.17779917	0.000791019374516859	3.60554539123772e-05
0.15846863	0.000794499726034306	3.53773682433804e-05
0.14123619	0.000795907548149529	3.84774428106045e-05
0.12590662	0.000798742433522637	3.87759226543608e-05
0.1122199	0.000798522030177151	4.06948475632022e-05
0.10002181	0.000803496489225625	4.18996956647569e-05
