10002.226	0.001198516171011	-0.00943658193049138
8914.9326	0.0011581812303303	-0.00844733841999173
7943.9951	0.00112152889327846	-0.00756180842147148
7081.583	0.00108548536354027	-0.00676836821509462
6307.7358	0.00105384845916232	-0.00605599140777169
5622.5879	0.00102263895309893	-0.00542297944335349
5011.603	0.000993213425769375	-0.00485392711516963
4466.4292	0.000968749430049691	-0.00434654064844403
3981.2773	0.000945740704807799	-0.00389046927003445
3548.8679	0.000921917351860596	-0.00348647365408965
3163.0398	0.000906458993280191	-0.00312334210666048
2819.0986	0.00088831428266805	-0.00279396594624926
2512.4104	0.00087092180594612	-0.00250034824004057
2239.2869	0.000854026890142846	-0.00224115108891422
1995.6381	0.000842193610386223	-0.00200969330134363
1778.2897	0.000830072181068544	-0.00180075674498266
1584.4927	0.00081760608398473	-0.00161298742543527
1412.7418	0.000805569879258444	-0.00144866301364803
1258.7905	0.000796833343605172	-0.00129818500233806
1121.7966	0.000786896248594566	-0.0011618524517851
999.68164	0.000779213555314443	-0.00104353725721802
891.42474	0.000773051061274045	-0.000936917490972494
794.23932	0.000764319576231368	-0.000840421177014869
707.96161	0.000756099060620165	-0.000751792009522397
631.00977	0.000750693031667115	-0.000676190312521379
562.33929	0.000743900717736103	-0.000606298386691337
501.12231	0.000737933025610224	-0.000543838321600082
446.57214	0.000732589501700903	-0.000486329210191324
398.08899	0.000727866147697583	-0.000432993140400513
354.88681	0.000722235880835613	-0.00038697333616823
316.31589	0.000721274140458584	-0.000344418312861245
281.8942	0.000718552063044499	-0.00030739966061047
251.20601	0.000711565799794105	-0.00027158710383838
223.92496	0.000712934469427665	-0.000240428394552788
199.55338	0.000709534775078837	-0.00021369760989338
177.78128	0.000711866590432436	-0.000187080697460979
158.52898	0.000709097398309011	-0.000162445265950529
141.21979	0.000708398178698565	-0.000141973832619927
125.92673	0.000709624672233877	-0.000120770944813305
112.19009	0.000711414236268868	-0.000105217011153122
99.968163	0.000713850775360509	-8.72841930156835e-05
89.115646	0.000715650345533677	-7.45547353977678e-05
79.415741	0.000717364003056551	-6.38441334190331e-05
70.793182	0.000719797359483929	-5.12098406743558e-05
63.082279	0.000721885022211145	-4.14326862173691e-05
56.241825	0.000724296540288153	-3.15710571987531e-05
50.112232	0.000728127549767844	-2.14701319800501e-05
44.671223	0.000731251391739481	-1.66162498679119e-05
39.808899	0.000735352513667941	-1.30960162014381e-05
35.488308	0.000740152393494868	-7.57858789583744e-06
31.629578	0.000741486294286219	-1.17641496903938e-06
28.187037	0.000744071651903776	-3.87981053367101e-07
25.120602	0.000747680533134323	4.53374429552549e-06
22.385418	0.000748638884507385	5.46417211592434e-06
19.955338	0.000754716256792699	8.49026263994388e-06
17.775894	0.000756897445529718	1.20032510642585e-05
15.846864	0.000757588906262473	9.75546066347514e-06
14.127493	0.000760037451345101	1.25568885765538e-05
12.587309	0.000761673910140143	1.40782276870477e-05
11.216775	0.000763756192279483	1.37285420397348e-05
9.9968166	0.000767890962591755	1.36231904697605e-05
8.9082127	0.000767520089743616	1.43236882725017e-05
7.9395623	0.0007683545926239	1.77996566460871e-05
7.0765615	0.000772352320996405	1.68137964980351e-05
6.3105822	0.000775344734902545	1.6881448635556e-05
5.6245475	0.000774630148683904	1.51726145024539e-05
5.0112233	0.000774616502952663	1.70904112991787e-05
4.4642835	0.00077693241630517	1.57500873483194e-05
3.9819033	0.00077861153497287	1.7035442839415e-05
3.5479143	0.000778640549224495	1.84784305474419e-05
3.1629577	0.000781045192212513	1.72217401434869e-05
2.818361	0.000782586966704669	1.65402485779243e-05
2.5112481	0.000781829364857145	1.56334551126363e-05
2.2398233	0.000781428878946693	1.59566057879742e-05
1.9950197	0.000782213981027592	1.77310710617179e-05
1.7775893	0.000785614410055641	1.79762708904689e-05
1.5846864	0.000788010290389028	1.85572479253892e-05
1.4122353	0.000787998038764011	1.7847749931699e-05
1.2582541	0.000788117152150377	1.65439537402021e-05
1.1224822	0.000790639585990863	1.88856978133362e-05
1.0000616	0.000792445476306336	1.80760592197541e-05
0.89082122	0.000793880181336857	2.01372049790241e-05
0.79444051	0.000794565160869317	1.93859214734565e-05
0.70784986	0.000796313397032169	2.02197166352352e-05
0.63126236	0.000796951788304874	2.15700638755131e-05
0.562536	0.000798622147780632	2.11744499107455e-05
0.50118715	0.000799449167704124	2.31322148617076e-05
0.44642836	0.00080238441725529	2.15585237116299e-05
0.39821118	0.000804082513331446	2.46432000003343e-05
0.35475865	0.000802991212781683	2.63047826799089e-05
0.31619295	0.000805971269955864	2.76399083996144e-05
0.2819173	0.000809096840623665	2.7825963467608e-05
0.25117323	0.000808926846019476	2.8127504675703e-05
0.22391155	0.000812348802236987	3.03524451770178e-05
0.19957349	0.000812225487609236	3.00196218651176e-05
0.17779917	0.000815106340016481	3.30181072533757e-05
0.15846863	0.00081732443100511	3.52909038105231e-05
0.14123619	0.000819510280783701	3.54011728847211e-05
0.12590662	0.000820467319481868	3.85535050188516e-05
0.1122199	0.000823409898406462	3.9677825355907e-05
0.10002181	0.00082614633066413	4.24845206943971e-05
