10002.226	0.00119858631323307	-0.00943680417588184
8914.9326	0.00115745641189723	-0.00844755921458981
7943.9951	0.00112083163188551	-0.00756153004898763
7081.583	0.00108584219291566	-0.00676755804166081
6307.7358	0.00105546065018577	-0.00605751471286489
5622.5879	0.00102152941398241	-0.00542355929654313
5011.603	0.000993022600866107	-0.00485323542936118
4466.4292	0.000970393159098193	-0.00434644773604042
3981.2773	0.000946953895952586	-0.00389190101007399
3548.8679	0.000922368254768984	-0.00348568334646311
3163.0398	0.000905836944352027	-0.00312124789820315
2819.0986	0.000887357260761159	-0.00279423616701245
2512.4104	0.000870218602112136	-0.00250448167431232
2239.2869	0.000854609149949238	-0.00224165229029026
1995.6381	0.000841608171116328	-0.00201014704093506
1778.2897	0.000830077925920594	-0.00180206095366356
1584.4927	0.000817950058759721	-0.00161307127042613
1412.7418	0.000806903161407554	-0.00144810213042723
1258.7905	0.000796541812129559	-0.00129904781766081
1121.7966	0.000787403280505951	-0.0011639087273634
999.68164	0.000779148267634159	-0.00104256490786149
891.42474	0.000769182199075417	-0.000936066986879519
794.23932	0.000762591794226516	-0.000840437438351377
707.96161	0.000757510701491203	-0.000752032737787833
631.00977	0.000748766169278523	-0.000676123202878244
562.33929	0.000742597640967956	-0.00060409702540113
501.12231	0.000737899583926234	-0.000541797224748419
446.57214	0.000731806820827947	-0.000484651700095441
398.08899	0.000727075395791037	-0.000433627486210414
354.88681	0.000723875833306443	-0.000386892521382967
316.31589	0.000719643396629224	-0.000344219607687426
281.8942	0.000715898445119189	-0.000307635214687881
251.20601	0.000712091821519197	-0.00027166556196978
223.92496	0.000711360598237486	-0.000240571922326225
199.55338	0.000709677983729808	-0.000213010672841558
177.78128	0.000707328889505229	-0.000184367569688212
158.52898	0.000708716339644878	-0.000162094988179046
141.21979	0.000708868885810756	-0.000142482992984521
125.92673	0.000709454781712431	-0.000123032695386647
112.19009	0.000712130737225732	-0.000106171712227419
99.968163	0.00071444859335323	-8.89733318377982e-05
89.115646	0.00071442997473225	-7.64810865456562e-05
79.415741	0.00071632272391329	-6.31047400227011e-05
70.793182	0.00071981838488019	-5.05034781116662e-05
63.082279	0.000720661404173579	-4.15921450664811e-05
56.241825	0.000727357262443578	-3.32838744606623e-05
50.112232	0.000727715331213937	-2.28827859146773e-05
44.671223	0.000732115774580137	-1.7204081224232e-05
39.808899	0.000733987965311251	-1.10591233493781e-05
35.488308	0.000737786675766155	-7.6796990619973e-06
31.629578	0.000740427216571034	-4.84247929456435e-06
28.187037	0.000742142472398818	9.40586362510151e-07
25.120602	0.000746329798251934	2.78294708186376e-06
22.385418	0.000749345023880991	6.04660311709223e-06
19.955338	0.000753042143668644	9.73220699250204e-06
17.775894	0.000755692845134336	1.06797427357906e-05
15.846864	0.000758262429275626	1.28466019724659e-05
14.127493	0.000757852410827024	1.46122236547544e-05
12.587309	0.000761704949185556	1.42379767934639e-05
11.216775	0.000763811246314729	1.38006403698622e-05
9.9968166	0.000767726490460881	1.35734007882684e-05
8.9082127	0.000767223751715492	1.40838740418675e-05
7.9395623	0.000767535298471373	1.45675367875345e-05
7.0765615	0.00077120089447108	1.86498231953836e-05
6.3105822	0.000772209928604701	1.67716786128937e-05
5.6245475	0.000772845163296481	1.79902224350388e-05
5.0112233	0.000777189656709073	1.61067105429021e-05
4.4642835	0.000777791112973874	1.77971064355459e-05
3.9819033	0.000777411960910854	1.59987850454733e-05
3.5479143	0.000778508364800894	1.79475478818901e-05
3.1629577	0.00078164901191099	1.80600706111168e-05
2.818361	0.000781325182426723	1.63686978135669e-05
2.5112481	0.000783767116605425	1.46832350903262e-05
2.2398233	0.000782882562718132	1.78443307202563e-05
1.9950197	0.000784372053315984	1.6476434328369e-05
1.7775893	0.000786445026982599	1.48314366375818e-05
1.5846864	0.000787326455456456	1.90872504503244e-05
1.4122353	0.000787735997491559	1.76624091007102e-05
1.2582541	0.000790376402534703	1.81211702658863e-05
1.1224822	0.000790025453519623	1.77177787185108e-05
1.0000616	0.000792193144888518	1.91419662738557e-05
0.89082122	0.000793835785784575	2.16445614574368e-05
0.79444051	0.000794349950699592	2.02112751078023e-05
0.70784986	0.000796170628411994	2.15340904875778e-05
0.63126236	0.000797524238536138	2.20963623754225e-05
0.562536	0.00079881138158004	2.33444118775032e-05
0.50118715	0.000800020890433632	2.4189507647724e-05
0.44642836	0.000800423120767118	2.37117777827682e-05
0.39821118	0.000805003968779237	2.71103541849901e-05
0.35475865	0.000803032506157581	2.74855900693908e-05
0.31619295	0.000806810773444409	2.6816994291518e-05
0.2819173	0.000807794556074028	2.80900153603747e-05
0.25117323	0.000809053379936111	2.82414322676053e-05
0.22391155	0.000811552853435252	3.22314875967534e-05
0.19957349	0.000813174334098977	3.04457074398981e-05
0.17779917	0.000815215784071467	3.20775362153575e-05
0.15846863	0.000818685363459199	3.51337908446963e-05
0.14123619	0.000819703844357512	3.54494040486307e-05
0.12590662	0.000820414147716154	3.89832480726535e-05
0.1122199	0.000822628139768805	3.69732497936363e-05
0.10002181	0.000825586890341113	4.20909578434186e-05
