10002.226	0.00119823415546525	-0.00943742395757018
8914.9326	0.00115956985228207	-0.00844749047644773
7943.9951	0.00112033388372783	-0.00756136498414517
7081.583	0.00108432919217362	-0.00676965795616291
6307.7358	0.00105418993288364	-0.00605627612285669
5622.5879	0.00102133251164503	-0.00542512697148667
5011.603	0.000995434959675407	-0.00485645950638748
4466.4292	0.000968594217702775	-0.00434673345728314
3981.2773	0.000945863418197854	-0.00389329928173686
3548.8679	0.000922848773133819	-0.00348377854335528
3163.0398	0.000906033057104371	-0.00312065011884642
2819.0986	0.000888063831167629	-0.00279399993861895
2512.4104	0.000871163221762079	-0.00250216324680744
2239.2869	0.000853283290120155	-0.002244475400707
1995.6381	0.000843804221723478	-0.00200983678992779
1778.2897	0.000829261209013528	-0.00180052011099251
1584.4927	0.000817627146613647	-0.00161480615696973
1412.7418	0.000804799444460534	-0.00144630683954033
1258.7905	0.000797384685196055	-0.00129663081145035
1121.7966	0.000787442060253282	-0.00116344643707686
999.68164	0.000777215831469141	-0.00104181716445062
891.42474	0.000770531002410008	-0.000935718542260426
794.23932	0.000765023577591937	-0.000840462438676347
707.96161	0.000755088813107495	-0.000751874637825518
631.00977	0.000748805818033401	-0.000677843050054434
562.33929	0.000741327227424573	-0.000604672375856469
501.12231	0.000737842148073996	-0.000542642976990154
446.57214	0.000732060332862759	-0.000485336750247349
398.08899	0.000727047085448857	-0.0004333151794696
354.88681	0.000722132819849756	-0.00038850357459198
316.31589	0.000720073306104398	-0.000345581297795395
281.8942	0.000714697416245101	-0.000306553624932434
251.20601	0.000711758877012091	-0.000271337189604701
223.92496	0.00071139693698972	-0.000239888810157544
199.55338	0.000709350977578396	-0.000213625167787922
177.78128	0.000708827782277124	-0.000184114515562109
158.52898	0.000709905021548218	-0.000162035602736105
141.21979	0.000708899739020677	-0.000143281071079874
125.92673	0.000709059896890025	-0.000121652140044621
112.19009	0.000714048376589551	-0.000106023856322482
99.968163	0.00071478971219809	-8.76657648285576e-05
89.115646	0.000714564712447541	-7.52267454661545e-05
79.415741	0.000717942296053415	-6.16799182015545e-05
70.793182	0.000718115216438684	-5.1666227838078e-05
63.082279	0.000723021811142049	-4.11130726552433e-05
56.241825	0.000726187480194415	-3.09096206257874e-05
50.112232	0.000728778038259108	-2.06382745896025e-05
44.671223	0.000730129953639516	-1.96847321459887e-05
39.808899	0.000734850264791438	-1.34949405956311e-05
35.488308	0.000737194962245982	-6.64948052627575e-06
31.629578	0.000740622322230883	-2.60052774283785e-06
28.187037	0.000743330942940037	1.14314948668003e-06
25.120602	0.000746359935567861	4.58675389004386e-06
22.385418	0.000748951257502332	6.94504255134387e-06
19.955338	0.000752412546231399	9.20872156998611e-06
17.775894	0.000755859231885967	1.06798135179406e-05
15.846864	0.00075802856598936	1.20226232687323e-05
14.127493	0.000760917288399688	1.33400561842519e-05
12.587309	0.000762070860485232	1.4894581216299e-05
11.216775	0.000764108368395788	1.43918263555622e-05
9.9968166	0.000766801598963445	1.46438591137905e-05
8.9082127	0.000766406641412588	1.62576218986737e-05
7.9395623	0.000767234960131546	1.69087647550253e-05
7.0765615	0.000772714632850193	1.7470058168756e-05
6.3105822	0.000770427280726985	1.78942807488851e-05
5.6245475	0.00077532114935826	1.58858263088066e-05
5.0112233	0.0007752604489387	1.64802716315959e-05
4.4642835	0.000779074158907264	1.49860273251402e-05
3.9819033	0.000775999453005182	1.82782854273151e-05
3.5479143	0.000779881468883428	1.63862659400883e-05
3.1629577	0.000780377679544149	1.86005030033555e-05
2.818361	0.000783953312725387	1.76767581462252e-05
2.5112481	0.000781887045491963	1.44999973401692e-05
2.2398233	0.000783277826358795	1.73879186478161e-05
1.9950197	0.000783022838396959	1.80815306297153e-05
1.7775893	0.000784671190744642	1.52087251665321e-05
1.5846864	0.000787019501079905	1.8943308040238e-05
1.4122353	0.000788352846800967	1.75386124359292e-05
1.2582541	0.000788063220491309	1.74230124375088e-05
1.1224822	0.000790883922168123	2.10294102873441e-05
1.0000616	0.000791488082589394	2.00435246798052e-05
0.89082122	0.000795025519016777	1.99852753146162e-05
0.79444051	0.000793553680297551	2.03254804790155e-05
0.70784986	0.000796448326842709	2.12951234400001e-05
0.63126236	0.000799016090867569	2.23241731561671e-05
0.562536	0.000798693529551974	2.12542080182554e-05
0.50118715	0.000800965062270052	2.21902960382901e-05
0.44642836	0.000803253400629555	2.37305281783155e-05
0.39821118	0.000804456542518949	2.41007599383253e-05
0.35475865	0.000804395304166901	2.66094881470582e-05
0.31619295	0.000806359441885966	2.67894343189903e-05
0.2819173	0.000807583057077185	2.84478626448021e-05
0.25117323	0.000808558141237526	2.8587088503571e-05
0.22391155	0.000813592136620637	2.93480312898441e-05
0.19957349	0.000813657331054608	3.13660218644257e-05
0.17779917	0.000813549054125342	3.24249867362066e-05
0.15846863	0.000816004290462387	3.62827054012813e-05
0.14123619	0.000818790150453503	3.55326083306873e-05
0.12590662	0.000823668297439239	3.83067433214389e-05
0.1122199	0.000823117247165195	4.11492473329538e-05
0.10002181	0.000826468270444612	4.3522171011373e-05
