10002.226	0.00119904853130782	-0.00943653126429474
8914.9326	0.00115745633212277	-0.00844735522147228
7943.9951	0.00112065608885835	-0.00756182986275542
7081.583	0.00108542719645355	-0.0067713708420066
6307.7358	0.00105499449037347	-0.00605688214792665
5622.5879	0.00102241765811515	-0.00542205105277203
5011.603	0.000993136135858114	-0.00485699739288142
4466.4292	0.000970139963232116	-0.00434704754653644
3981.2773	0.000946312759396197	-0.00389170926924251
3548.8679	0.000924854461915364	-0.00348488637895321
3163.0398	0.000903503245865969	-0.00312057424169818
2819.0986	0.00088761881919297	-0.0027963113368981
2512.4104	0.00087060666743784	-0.00250406930444431
2239.2869	0.00085451826640884	-0.00224418838115261
1995.6381	0.000842953325004077	-0.00200910845945972
1778.2897	0.000830877134123805	-0.00180154556189032
1584.4927	0.000819416711762754	-0.00161230870716048
1412.7418	0.000805267503843108	-0.00144625921440752
1258.7905	0.00079667587620642	-0.00129725075499776
1121.7966	0.000788513416468484	-0.001163805090978
999.68164	0.000780542783215395	-0.00104214737985955
891.42474	0.000770079420131111	-0.000935275723688565
794.23932	0.000762588746147935	-0.000840412906132566
707.96161	0.000757298576211195	-0.000752505378026938
631.00977	0.000749062801370924	-0.000677745015430967
562.33929	0.000742210441298152	-0.000605084184054042
501.12231	0.000737149045357459	-0.000545972299132328
446.57214	0.00073342953602084	-0.00048355769604927
398.08899	0.000726248973584494	-0.000433662473900055
354.88681	0.000724028622208442	-0.000386936822863014
316.31589	0.000720397073408315	-0.00034404612679663
281.8942	0.000715631013293015	-0.000305910584707229
251.20601	0.000711525285706662	-0.000273011785728068
223.92496	0.000712645353529642	-0.000241693928230007
199.55338	0.000710292314019783	-0.000211043105285328
177.78128	0.000710057657873626	-0.000184738381768496
158.52898	0.000709635301184258	-0.00015916512755355
141.21979	0.000710412086590878	-0.000142969166440619
125.92673	0.000708625460766366	-0.000122840670649388
112.19009	0.000712301521643828	-0.000105836090924982
99.968163	0.000712166129472478	-8.91873946234023e-05
89.115646	0.000715870584215503	-7.42543650490385e-05
79.415741	0.000717200775013605	-6.2071320121124e-05
70.793182	0.000716946058307076	-4.88036139384314e-05
63.082279	0.000721338147360261	-4.03469443719966e-05
56.241825	0.000726616832051023	-3.24104525183632e-05
50.112232	0.00072658663303808	-2.23443732975056e-05
44.671223	0.000730203682299782	-1.73982352949212e-05
39.808899	0.000733487850068542	-1.31064850286051e-05
35.488308	0.000737998191149293	-7.08681022152206e-06
31.629578	0.000739783500514695	-4.59831234111329e-07
28.187037	0.000742415399117053	1.90991652733567e-06
25.120602	0.000746812072782349	5.37880306622857e-06
22.385418	0.000748698576057943	5.64643652534221e-06
19.955338	0.000752397192454704	8.57775490424889e-06
17.775894	0.000756900871479646	1.06291933677864e-05
15.846864	0.000757983458848769	1.159598719013e-05
14.127493	0.000759413000059124	1.38997407119558e-05
12.587309	0.000760997803705319	1.30771943318109e-05
11.216775	0.000762482496828515	1.35413014702032e-05
9.9968166	0.000765180006647149	1.38321937810172e-05
8.9082127	0.000767105503259321	1.57537980935874e-05
7.9395623	0.000769549693966195	1.43346119134896e-05
7.0765615	0.00077034180974663	1.75388908928322e-05
6.3105822	0.000771885549654518	1.6639443696369e-05
5.6245475	0.000774221216460246	1.67169815518789e-05
5.0112233	0.000774892461054552	1.73607963887196e-05
4.4642835	0.000778711142387731	1.71446587697762e-05
3.9819033	0.000777131328632285	1.69454299080716e-05
3.5479143	0.000779291079082748	1.76385268457524e-05
3.1629577	0.000781663503240695	1.7126043662555e-05
2.818361	0.000783567509192599	1.8629825419468e-05
2.5112481	0.0007820324724846	1.66628150873155e-05
2.2398233	0.000783681132806845	1.7573253421969e-05
1.9950197	0.000785003777097328	1.61914758774487e-05
1.7775893	0.000783887325272134	1.85086717496182e-05
1.5846864	0.000789013102669654	1.85685509547762e-05
1.4122353	0.000787337797523739	1.71022126188564e-05
1.2582541	0.000788966938509342	1.99764567921807e-05
1.1224822	0.000788989071650099	1.84862010695275e-05
1.0000616	0.000791971184492982	2.04411685445906e-05
0.89082122	0.000793214356492381	1.87521215103072e-05
0.79444051	0.000794700353439478	2.09449623365943e-05
0.70784986	0.000795866162262919	2.20367498629623e-05
0.63126236	0.000796654520125474	2.29981510770774e-05
0.562536	0.000797046348498225	2.03463799467282e-05
0.50118715	0.000799725127151749	2.23316256637733e-05
0.44642836	0.000799702802471825	2.45069248310464e-05
0.39821118	0.000803456740608762	2.45283268367183e-05
0.35475865	0.000804493666669155	2.69314154861456e-05
0.31619295	0.000805998304150273	2.62163352589239e-05
0.2819173	0.000809760250119198	2.78411373257061e-05
0.25117323	0.000809806455278225	2.71567722110257e-05
0.22391155	0.000811490663520953	2.89101593489539e-05
0.19957349	0.000812442891481912	3.23683870725492e-05
0.17779917	0.000815195720687187	3.3523150706535e-05
0.15846863	0.00081701928555514	3.46193248908111e-05
0.14123619	0.00081840340745056	3.69720125424141e-05
0.12590662	0.00082125712791575	3.67696396636082e-05
0.1122199	0.000824972733151994	4.07304516897294e-05
0.10002181	0.000827235688479922	4.15719655055435e-05
