10002.226	0.00119884826646566	-0.00943768775470586
8914.9326	0.001156485477818	-0.00844722223607749
7943.9951	0.00112011464613608	-0.00756145126447862
7081.583	0.00108777130861631	-0.0067706289877424
6307.7358	0.00105494598200461	-0.00605613229716978
5622.5879	0.00102346352495565	-0.00542318580767042
5011.603	0.000993801193578399	-0.00485565550324964
4466.4292	0.000971202794963089	-0.00434840765708828
3981.2773	0.000946348860543771	-0.00389191504702479
3548.8679	0.000923139526733705	-0.00348721463190906
3163.0398	0.000905150694546935	-0.00312333797134962
2819.0986	0.000887207010548606	-0.00279541447745195
2512.4104	0.000871044224543863	-0.00250190053857727
2239.2869	0.000855142451613338	-0.00224327473895359
1995.6381	0.00084113621454088	-0.00200930521036339
1778.2897	0.000829742253443826	-0.00180050127334357
1584.4927	0.000817436596239869	-0.00161216141897125
1412.7418	0.000805061419414349	-0.00144592090216968
1258.7905	0.000796413979680957	-0.00129735129714545
1121.7966	0.000787851679270026	-0.00116412180430153
999.68164	0.000781024570420594	-0.0010447406028077
891.42474	0.000770517271498756	-0.000935286734709985
794.23932	0.000764071192286074	-0.000842395878095949
707.96161	0.000755808473312838	-0.000752249806657628
631.00977	0.000750325339133407	-0.000675462383641561
562.33929	0.00074445542692696	-0.000605260568720979
501.12231	0.000738129424445088	-0.000544561084646425
446.57214	0.000731608282790838	-0.000487384286289459
398.08899	0.000724498860422747	-0.000434496994230192
354.88681	0.00072086047366823	-0.00038823915302983
316.31589	0.00072178211333048	-0.000342481889743525
281.8942	0.00071702740385498	-0.00030784166632643
251.20601	0.000711497364885088	-0.000271453993351093
223.92496	0.000712324941214731	-0.000240090937021914
199.55338	0.000710448513356865	-0.000213133276194001
177.78128	0.00070893074418608	-0.000185812660828127
158.52898	0.000708843324528986	-0.000162977405796569
141.21979	0.0007092826978547	-0.000141253615671565
125.92673	0.000707948670966556	-0.000122369946260719
112.19009	0.000711631835966494	-0.000108193285565096
99.968163	0.000714509004365976	-8.97991083235045e-05
89.115646	0.000715594339536338	-7.48859098608143e-05
79.415741	0.000717280611846649	-6.32184487661983e-05
70.793182	0.000718949893979267	-4.99696826025991e-05
63.082279	0.000721641290548353	-4.13501052683031e-05
56.241825	0.000726234579593493	-3.17531812374605e-05
50.112232	0.000729069182703534	-2.23063468158215e-05
44.671223	0.000729766915772527	-1.78880321612107e-05
39.808899	0.000735052724762504	-1.25624580880972e-05
35.488308	0.000738064820913625	-6.32914719467936e-06
31.629578	0.000739819441233203	-2.16834278858913e-06
28.187037	0.000744209110947815	1.09287878731235e-06
25.120602	0.000746008726459888	3.34342610709576e-06
22.385418	0.000749545133400977	7.65365126185339e-06
19.955338	0.000751106935485516	7.64116175864551e-06
17.775894	0.000753951855635627	1.29081380459223e-05
15.846864	0.000758151556016819	1.04010432227372e-05
14.127493	0.000760395925986109	1.21727097839507e-05
12.587309	0.000762607675235739	1.32760568308098e-05
11.216775	0.000763297026597873	1.40136205434753e-05
9.9968166	0.000766513391832595	1.42815046022172e-05
8.9082127	0.000767099948197048	1.60954287271523e-05
7.9395623	0.000768891362291556	1.47822417271823e-05
7.0765615	0.000769140946006605	1.70654328034425e-05
6.3105822	0.000773036228882511	1.71160628717809e-05
5.6245475	0.000773666326800221	1.38720898035937e-05
5.0112233	0.000776205366027635	1.56517586151136e-05
4.4642835	0.000777205815860407	1.58675639367092e-05
3.9819033	0.000777163122422955	1.72319666677559e-05
3.5479143	0.00077921344519243	1.83644122081962e-05
3.1629577	0.000782300318542828	1.45807082704528e-05
2.818361	0.000780085579217576	1.66998434382533e-05
2.5112481	0.000784293477304781	1.59563238686986e-05
2.2398233	0.000783838432158944	1.66235233679057e-05
1.9950197	0.000784235451413984	1.57168323319799e-05
1.7775893	0.000785238586524734	1.82301853251428e-05
1.5846864	0.000785842857425182	1.67795940173698e-05
1.4122353	0.000787751837298455	1.8563404914606e-05
1.2582541	0.000789640334393866	1.7617434648828e-05
1.1224822	0.000790037713187708	2.01344205245798e-05
1.0000616	0.00079309588364672	2.21481973169362e-05
0.89082122	0.000791987720373283	2.03471567986205e-05
0.79444051	0.000792735827703818	2.15828734945826e-05
0.70784986	0.000795953888064683	2.0800896701587e-05
0.63126236	0.000796349258801373	2.20733885862214e-05
0.562536	0.000799008145310436	2.26522254669374e-05
0.50118715	0.000799301163055663	2.30518625120954e-05
0.44642836	0.000800873194478001	2.31436179565845e-05
0.39821118	0.000803129057217633	2.47617197543819e-05
0.35475865	0.000804546766327209	2.87663114267001e-05
0.31619295	0.000805552397234785	2.60991831897947e-05
0.2819173	0.00080732770410893	2.73666918613473e-05
0.25117323	0.000808656176039104	2.92963325830049e-05
0.22391155	0.000810780008521888	3.07231715123173e-05
0.19957349	0.00081233642950857	3.18281326404415e-05
0.17779917	0.00081376911920922	3.37769885335623e-05
0.15846863	0.000817986416977486	3.57463855250665e-05
0.14123619	0.000819071609383345	3.61838361989287e-05
0.12590662	0.000821739066646089	3.91928476709006e-05
0.1122199	0.000825245496508486	3.87662278505734e-05
0.10002181	0.000825916147654921	4.18185692312765e-05
