10002.226	0.00119796559115487	-0.00943587054557899
8914.9326	0.00115741327908303	-0.00844768906879042
7943.9951	0.00112176978280237	-0.00756195258994232
7081.583	0.00108636797514362	-0.00676998770768831
6307.7358	0.00105569620059245	-0.00605716634423006
5622.5879	0.00102173180267971	-0.00542362859380969
5011.603	0.000993748149378171	-0.00485499096333443
4466.4292	0.000970010770693833	-0.00434661781401573
3981.2773	0.000945587875002977	-0.0038937496686276
3548.8679	0.000923594970264299	-0.00348523392754621
3163.0398	0.000904505335503815	-0.00312246938578904
2819.0986	0.000887459089084773	-0.00279304629288377
2512.4104	0.000870185611019503	-0.00250226341848936
2239.2869	0.000854803459670092	-0.00224319538423817
1995.6381	0.000842873594782627	-0.00201078948814384
1778.2897	0.000829244734129718	-0.00180060087389269
1584.4927	0.000817222698335342	-0.00161205062350533
1412.7418	0.000806558720712137	-0.00144748216727866
1258.7905	0.000798345936536706	-0.00129768966634037
1121.7966	0.000788207816563369	-0.00116419419835118
999.68164	0.000778200405549339	-0.00104205195216317
891.42474	0.000770846311475468	-0.000936991324809372
794.23932	0.000763010861589388	-0.000840701045434886
707.96161	0.000756858570222406	-0.000753593124765921
631.00977	0.000748470164653244	-0.000676417526513044
562.33929	0.000741926532366022	-0.000604211031221941
501.12231	0.000737371563916108	-0.000543227686734415
446.57214	0.000732739755621388	-0.000484406591604349
398.08899	0.000727029596202396	-0.000433762731666961
354.88681	0.000723097287784358	-0.000387766178293458
316.31589	0.000719642645010367	-0.000343577767073801
281.8942	0.000717097096514576	-0.000306708997411416
251.20601	0.000711822029540433	-0.000273089459260517
223.92496	0.000711124342934514	-0.000240236093630914
199.55338	0.000708701138049598	-0.00021371321590197
177.78128	0.000709047470633228	-0.000184625950065635
158.52898	0.00071033510056548	-0.000159966120690151
141.21979	0.000709349507326347	-0.000142716105979653
125.92673	0.000707251589676693	-0.000121768375387024
112.19009	0.000710918472127198	-0.000106483077844883
99.968163	0.000712724045249704	-8.79999569131403e-05
89.115646	0.000715826349657741	-7.47832534541061e-05
79.415741	0.00071788372184611	-6.13050962111712e-05
70.793182	0.000720086076231247	-5.16251858631665e-05
63.082279	0.000720924793020888	-4.10933392669754e-05
56.241825	0.000728047364584528	-3.19484938354786e-05
50.112232	0.000726893264936696	-2.2148491977347e-05
44.671223	0.000731935863857407	-1.90849219037225e-05
39.808899	0.000733318892210964	-1.20348010655661e-05
35.488308	0.00073836700924668	-7.34720270916254e-06
31.629578	0.000740594941401355	-1.00258918564965e-06
28.187037	0.000745182084835332	3.65948188242625e-07
25.120602	0.000745855453190186	2.8301975589692e-06
22.385418	0.000749121673630296	6.60222159152649e-06
19.955338	0.000750979277788995	6.9196604070366e-06
17.775894	0.000754856635365267	1.0874622040874e-05
15.846864	0.000757566345789107	1.12649128883295e-05
14.127493	0.00075977185452298	1.31963484538217e-05
12.587309	0.000761552532446948	1.31148594757013e-05
11.216775	0.000763167319285175	1.59120544428912e-05
9.9968166	0.000768276089925799	1.24358842971774e-05
8.9082127	0.000766626283707428	1.61735431647728e-05
7.9395623	0.000767007633913227	1.50467152912747e-05
7.0765615	0.00077173585589872	1.87162286413538e-05
6.3105822	0.000772610752913945	1.75441712798068e-05
5.6245475	0.00077360357536307	1.68336702875891e-05
5.0112233	0.000775054830087332	1.58172586833676e-05
4.4642835	0.000776116259875016	1.7040326062381e-05
3.9819033	0.000775910941637746	1.67885811755791e-05
3.5479143	0.000779734413096391	1.63541200571619e-05
3.1629577	0.00078094664067814	1.83599809685493e-05
2.818361	0.000782641856670028	1.79573110804795e-05
2.5112481	0.000780968609473601	1.51916331031202e-05
2.2398233	0.000784803741804755	1.71912509691278e-05
1.9950197	0.000786783782920301	1.76096388081006e-05
1.7775893	0.000786058493299927	1.69801046449073e-05
1.5846864	0.000787482362104927	1.9059862019514e-05
1.4122353	0.000789625828056243	1.83697399596245e-05
1.2582541	0.000788656843843244	2.08359098098255e-05
1.1224822	0.000791017070392189	2.01274289365193e-05
1.0000616	0.000792745849422719	2.18974926039159e-05
0.89082122	0.000793493897674404	1.81139021751313e-05
0.79444051	0.00079493811220659	2.09509940418697e-05
0.70784986	0.000795795544311971	2.06329212010517e-05
0.63126236	0.00079547348563324	2.24752265122346e-05
0.562536	0.000796639688370971	2.20057093101869e-05
0.50118715	0.000801288918777761	2.37558014699476e-05
0.44642836	0.000800589704307799	2.14254605368762e-05
0.39821118	0.000802563874736913	2.62458609202942e-05
0.35475865	0.000804921547703409	2.60616171502069e-05
0.31619295	0.000805824712510917	2.58088038794351e-05
0.2819173	0.000808015522957198	2.825021021935e-05
0.25117323	0.000809930258654197	3.04283205128727e-05
0.22391155	0.000810939473120464	3.06589328193503e-05
0.19957349	0.000813964711986976	3.18954211029117e-05
0.17779917	0.000816151269774364	3.36749173685548e-05
0.15846863	0.000817397305822639	3.5578384453333e-05
0.14123619	0.000820908040419982	3.75330281426848e-05
0.12590662	0.000820863883564399	3.83388393825691e-05
0.1122199	0.000823122877576459	3.93570225424622e-05
0.10002181	0.000826212324464307	4.14124000888109e-05
