10002.226	0.00120022130798712	-0.00943494041812053
8914.9326	0.0011577486429364	-0.00844751138060662
7943.9951	0.00111975913263987	-0.00756326829444203
7081.583	0.00108811013307983	-0.00677104641850855
6307.7358	0.00105413956091331	-0.00605552779077654
5622.5879	0.0010247292189374	-0.00542332369695105
5011.603	0.000993534495504675	-0.00485660053067139
4466.4292	0.000968763756134347	-0.00434790486923694
3981.2773	0.000945470906324967	-0.00389159178746561
3548.8679	0.000923407233477788	-0.0034853283793411
3163.0398	0.000906289800326757	-0.00312213812818783
2819.0986	0.000887653562207038	-0.00279541820374425
2512.4104	0.000870912448488851	-0.00250241384571158
2239.2869	0.000855576779525027	-0.0022444934129346
1995.6381	0.000842485871707969	-0.00201063703302869
1778.2897	0.000831392047266516	-0.00180201995670442
1584.4927	0.000818227683585688	-0.00161209950495876
1412.7418	0.000804467051575336	-0.00144565852526149
1258.7905	0.00079859542350244	-0.00129808283773334
1121.7966	0.000788188127492054	-0.00116526924436721
999.68164	0.000778750217105791	-0.00104096053321832
891.42474	0.000769995884805566	-0.000936053683076025
794.23932	0.000763781255836936	-0.000841029444098229
707.96161	0.000756378943625021	-0.00075361903795287
631.00977	0.000749163295841885	-0.000676703320888407
562.33929	0.000742374786195968	-0.000604845696033984
501.12231	0.000736661263368867	-0.000543372649816693
446.57214	0.000732262213188336	-0.000484362623333897
398.08899	0.000727100951371354	-0.00043464623252937
354.88681	0.000720084376338745	-0.00038898460232652
316.31589	0.000719583066581494	-0.00034396462180271
281.8942	0.000717029647876081	-0.000308170137814982
251.20601	0.000711156432580049	-0.000271094012614707
223.92496	0.000711859020258857	-0.000242604182372183
199.55338	0.000710124299470755	-0.000212873754270641
177.78128	0.000709563579447434	-0.000185599774583175
158.52898	0.00070962865320705	-0.00016106505925899
141.21979	0.000709011892759964	-0.000141988719477
125.92673	0.000710316245399581	-0.000120797439382954
112.19009	0.000710867293544672	-0.000107295235645226
99.968163	0.000713047934717765	-8.84608937465269e-05
89.115646	0.000716595211373173	-7.4710352578623e-05
79.415741	0.000717727257909217	-6.18108307257659e-05
70.793182	0.000718142960281999	-5.09422440263807e-05
63.082279	0.000721012146398856	-4.07274594298798e-05
56.241825	0.000727070244650698	-3.08917778662702e-05
50.112232	0.000728220901683457	-2.38008074564012e-05
44.671223	0.000730493805958849	-1.81566436379533e-05
39.808899	0.000733009064050171	-1.41821655201939e-05
35.488308	0.000736325032638415	-8.89639185578125e-06
31.629578	0.000738693467863898	-2.37716223865857e-06
28.187037	0.000743851734412602	8.79693611110282e-07
25.120602	0.000745295673928859	5.01528370859868e-06
22.385418	0.000748180037358055	5.4755453684942e-06
19.955338	0.000751916606049844	7.10872769383325e-06
17.775894	0.000754350512105463	1.20610700115133e-05
15.846864	0.000757742322610051	1.15046972912819e-05
14.127493	0.000760147970536208	1.26019622365191e-05
12.587309	0.000762415815109466	1.32822356669033e-05
11.216775	0.000763145993860444	1.35593654454123e-05
9.9968166	0.000764520947197119	1.4581294311105e-05
8.9082127	0.000766492097254041	1.4745779685268e-05
7.9395623	0.000769018076000811	1.47976254148845e-05
7.0765615	0.000771894808476258	1.65246690106325e-05
6.3105822	0.000772223852227398	1.50168688323599e-05
5.6245475	0.000774564876356561	1.61891493856006e-05
5.0112233	0.000776258719576182	1.76849987271483e-05
4.4642835	0.000776747666922858	1.55657448348886e-05
3.9819033	0.000778212247358278	1.75603260082898e-05
3.5479143	0.000778700631936031	1.52168447815604e-05
3.1629577	0.00078087716578078	1.76532239421571e-05
2.818361	0.000782665286290025	1.75851707311971e-05
2.5112481	0.000784921614298859	1.47537691374371e-05
2.2398233	0.000783158283791106	1.64605612683537e-05
1.9950197	0.000785441559047191	1.5677362586877e-05
1.7775893	0.000785034462595624	1.71419206298065e-05
1.5846864	0.000788166916639753	1.72759069443295e-05
1.4122353	0.000789777955465815	1.89492838001266e-05
1.2582541	0.000789698951116636	2.02206932236103e-05
1.1224822	0.000792248170127778	1.804619451918e-05
1.0000616	0.000792676587816366	1.96641935388913e-05
0.89082122	0.00079350450542665	2.10568022526216e-05
0.79444051	0.000794963288740842	2.22065149456166e-05
0.70784986	0.000794480761902158	2.18341007393538e-05
0.63126236	0.000796662261482468	2.24735900950069e-05
0.562536	0.00079956180971444	2.20227154456592e-05
0.50118715	0.000798746533500578	2.20751081693487e-05
0.44642836	0.000802390756846705	2.40210236028779e-05
0.39821118	0.000804718481227246	2.47046681805822e-05
0.35475865	0.000803191160528852	2.65013530336449e-05
0.31619295	0.000805248904705576	2.77557058033707e-05
0.2819173	0.000806723951667474	2.58461976269315e-05
0.25117323	0.000808549974014297	3.01314221348891e-05
0.22391155	0.000810899514907762	3.00482995125478e-05
0.19957349	0.000812183425135479	3.21308653203371e-05
0.17779917	0.000814053269776772	3.42030696707197e-05
0.15846863	0.000818615952099989	3.47790790710339e-05
0.14123619	0.000819018049559614	3.6408372991659e-05
0.12590662	0.000819886930545886	3.82980837995966e-05
0.1122199	0.00082337860056263	4.11767375538093e-05
0.10002181	0.000827234319532829	4.07867079989087e-05
