10002.226	0.00118691897097363	-0.00962151939794946
8914.9326	0.00114566580505329	-0.00861250281806391
7943.9951	0.00111073392984386	-0.0077080508470472
7081.583	0.00107267774840067	-0.00690339035345515
6307.7358	0.00103972575645871	-0.00617658165326238
5622.5879	0.00101067956045116	-0.00552911064608094
5011.603	0.000981620177455887	-0.00495029527141353
4466.4292	0.00095798234902449	-0.00443138499039956
3981.2773	0.000930529040750787	-0.00396853998700873
3548.8679	0.000911680730504142	-0.00355329789406803
3163.0398	0.000891758962038263	-0.00318507005804729
2819.0986	0.00087487673261833	-0.00284955215546537
2512.4104	0.00085979160197752	-0.00255298011542793
2239.2869	0.000842755576024497	-0.00228861978998049
1995.6381	0.000830344893985116	-0.00204762909562832
1778.2897	0.000819294038335259	-0.00183560666516919
1584.4927	0.000807022418038615	-0.00164493316261337
1412.7418	0.00079462434139658	-0.00147464356618525
1258.7905	0.000785541226203054	-0.00132269826791716
1121.7966	0.000775081790253307	-0.0011867883626342
999.68164	0.000765656917504895	-0.00106129240336905
891.42474	0.000759827059563616	-0.00095357593233926
794.23932	0.000752686481557013	-0.000856692261572826
707.96161	0.000745518740271221	-0.000767353605101865
631.00977	0.000737789552331407	-0.000690648615289902
562.33929	0.000732246127458346	-0.000617831243653462
501.12231	0.000725367724188446	-0.000551361256039264
446.57214	0.000720557887904637	-0.000494709169939428
398.08899	0.000714446264429746	-0.000443767291190301
354.88681	0.000711573923111608	-0.000392981950339145
316.31589	0.000708279094598097	-0.000351972865976246
281.8942	0.000705085287264067	-0.000311564541858115
251.20601	0.000699308981733305	-0.000275921549767176
223.92496	0.000699759715979058	-0.000246344691154591
199.55338	0.000699575975449361	-0.000217380111431089
177.78128	0.000695210730231985	-0.000189206941160486
158.52898	0.000699138414534892	-0.000166536977059536
141.21979	0.000696141859749242	-0.00014457528759053
125.92673	0.000699645780860135	-0.000124180767492199
112.19009	0.000699276023696316	-0.000108657812647458
99.968163	0.000699835976141978	-8.96877981400958e-05
89.115646	0.000704232857313553	-7.73854452046758e-05
79.415741	0.000705267956096796	-6.35882179899127e-05
70.793182	0.000708992662898977	-5.27873782894531e-05
63.082279	0.000709043218737312	-4.36593607945675e-05
56.241825	0.000715049530512356	-3.16968548281947e-05
50.112232	0.000714866802481516	-2.38686041517737e-05
44.671223	0.00071995585248542	-1.75067161206313e-05
39.808899	0.000720126664017698	-1.35024942958462e-05
35.488308	0.000724641513676877	-5.17668601350304e-06
31.629578	0.000728114873337532	-2.55287061910971e-06
28.187037	0.000731555960361896	2.48216864212584e-07
25.120602	0.000733068775364565	5.10248144780388e-06
22.385418	0.000737836962462172	6.15843561119927e-06
19.955338	0.000741500829356225	1.06644109631045e-05
17.775894	0.00074427826236973	1.18987680103215e-05
15.846864	0.000746467286298776	1.01894760173109e-05
14.127493	0.000748996220969041	1.34590797896926e-05
12.587309	0.000749341241188924	1.45758357543946e-05
11.216775	0.000750879990973997	1.67597436531718e-05
9.9968166	0.000752039572951083	1.45728826127901e-05
8.9082127	0.000754618982495013	1.5283254432969e-05
7.9395623	0.000755961465539699	1.71429576676943e-05
7.0765615	0.000759913005136041	1.66350358223564e-05
6.3105822	0.000758999538421186	1.69475642904968e-05
5.6245475	0.000762511718238853	1.51462801763008e-05
5.0112233	0.000763818261928066	1.56354790114928e-05
4.4642835	0.000765264578248421	1.8047895515992e-05
3.9819033	0.000766050161172766	1.69924591794315e-05
3.5479143	0.000768906944492263	1.97327959609839e-05
3.1629577	0.000769518920730859	1.76338331774431e-05
2.818361	0.000770200842305773	1.68160284159944e-05
2.5112481	0.000769981654210768	1.84011858586041e-05
2.2398233	0.000771388203932428	1.63046210870054e-05
1.9950197	0.000773221482867829	1.72540197282345e-05
1.7775893	0.000774357026224141	1.7260729904052e-05
1.5846864	0.00077515256450627	1.6562698524854e-05
1.4122353	0.000775397643533668	1.80332680081876e-05
1.2582541	0.000777253023829084	2.16216459007754e-05
1.1224822	0.000779219931085537	2.05417969476905e-05
1.0000616	0.000781241211853582	1.84935752176463e-05
0.89082122	0.000782097618322272	1.95960562514815e-05
0.79444051	0.000781005297545266	2.09015427438409e-05
0.70784986	0.000782439792804017	2.24463869995384e-05
0.63126236	0.000784310071474737	2.30032798980724e-05
0.562536	0.000786487475151689	2.41530492622274e-05
0.50118715	0.00078771472580572	2.42929150999908e-05
0.44642836	0.000789274879374495	2.43590061535838e-05
0.39821118	0.000791871516144254	2.62026862629627e-05
0.35475865	0.000792231812390979	2.65030017837729e-05
0.31619295	0.000794944363228869	2.68737314847638e-05
0.2819173	0.000797971187338557	2.83859746534749e-05
0.25117323	0.00079703445765937	3.00420713215675e-05
0.22391155	0.000800225263224888	3.19007704089263e-05
0.19957349	0.000800497858558018	3.31406213390821e-05
0.17779917	0.000803276395933347	3.45013904548749e-05
0.15846863	0.000806978024737868	3.63471330977528e-05
0.14123619	0.000806455299151226	3.68874544721866e-05
0.12590662	0.000810264455517233	3.94028453005552e-05
0.1122199	0.000811807348720769	4.07605920723465e-05
0.10002181	0.000814743805962826	4.30888156029732e-05
