10002.226	0.00118797834448188	-0.00962135371638163
8914.9326	0.00114727301141251	-0.00861117545458777
7943.9951	0.00110731591484394	-0.00770933378975987
7081.583	0.00107414978317209	-0.00690062954555644
6307.7358	0.0010430080351825	-0.00617523361116924
5622.5879	0.00100937070960203	-0.00552939852495474
5011.603	0.000981811742295597	-0.00494901432052859
4466.4292	0.000957792223134129	-0.00443186452285554
3981.2773	0.000934288566455368	-0.00397041217861188
3548.8679	0.000910663022049308	-0.00355418599058327
3163.0398	0.000891657992083443	-0.00318321960755185
2819.0986	0.000873462104733722	-0.00285106027074029
2512.4104	0.000857929163926865	-0.00255226285515489
2239.2869	0.000843254461436641	-0.00228691654450221
1995.6381	0.000832061887874	-0.00204892149352241
1778.2897	0.000819326298042643	-0.00183469391376608
1584.4927	0.000804003733950552	-0.00164574646843137
1412.7418	0.000794767414807898	-0.00147472414909042
1258.7905	0.000787173976205572	-0.00132107866065643
1121.7966	0.000776643498072574	-0.00118431636875336
999.68164	0.000767357570954428	-0.00106352970583655
891.42474	0.000755936271474161	-0.000953854199496745
794.23932	0.000752124109915508	-0.000856268967937614
707.96161	0.000745813086659577	-0.000767516470889992
631.00977	0.000737047678855889	-0.000691129615317224
562.33929	0.000731623888726883	-0.000616796371089195
501.12231	0.00072682069383926	-0.000552909319279485
446.57214	0.00072047566240907	-0.000495106419932506
398.08899	0.000718320400905307	-0.000441892112931389
354.88681	0.000711419793215936	-0.000394819019846001
316.31589	0.000707467336307125	-0.000350689832985385
281.8942	0.000704452276903295	-0.000313181679197092
251.20601	0.000700122818068662	-0.000277665116992605
223.92496	0.000699396745671128	-0.000244734645340038
199.55338	0.000699335274421276	-0.000215958487414904
177.78128	0.000698856699860709	-0.000188135216726006
158.52898	0.000697719791532739	-0.000164576149091492
141.21979	0.000695723186246238	-0.000145458236663471
125.92673	0.000696953590117962	-0.000124964427965133
112.19009	0.000699236706683892	-0.000107226636484225
99.968163	0.000701653490752433	-8.98104809621146e-05
89.115646	0.000704640710224863	-7.64220988673041e-05
79.415741	0.000706426618059107	-6.32156656044531e-05
70.793182	0.000708071908256438	-5.2933930192421e-05
63.082279	0.000709874313663828	-4.07782751291475e-05
56.241825	0.000715644474680765	-3.14056701561844e-05
50.112232	0.000715302819293302	-2.49209237044802e-05
44.671223	0.000718759762562448	-1.8746437609354e-05
39.808899	0.000723895497417256	-1.21139887977681e-05
35.488308	0.000727226659494192	-8.99944993412559e-06
31.629578	0.000728765449338083	-1.18992416628126e-06
28.187037	0.000731502244718981	-4.37746719609378e-07
25.120602	0.000735587755049771	3.37606501111467e-06
22.385418	0.000735551623084654	7.49641478636502e-06
19.955338	0.000739357051507807	8.91040807728721e-06
17.775894	0.000743389684654856	1.1876619004774e-05
15.846864	0.000743685372100973	1.11020686167232e-05
14.127493	0.000750779751592124	1.30475390267335e-05
12.587309	0.000750256109075836	1.53403334350502e-05
11.216775	0.00075165792182253	1.57601110409015e-05
9.9968166	0.00075396322463352	1.36932410134653e-05
8.9082127	0.000754939114316631	1.68685074113707e-05
7.9395623	0.000755393492996488	1.70144362463817e-05
7.0765615	0.000760489859129485	1.62267382121093e-05
6.3105822	0.000762587513224325	1.71390533359199e-05
5.6245475	0.000761716899224439	1.58782083213352e-05
5.0112233	0.000764326005410065	1.83173077696404e-05
4.4642835	0.000764630338300043	1.72452934246512e-05
3.9819033	0.000766800686181986	1.67008224827092e-05
3.5479143	0.000766942797026499	1.69434906051474e-05
3.1629577	0.000769599556319442	1.92683796979866e-05
2.818361	0.000769661408487649	1.68019833750159e-05
2.5112481	0.00077215626397066	1.66597097025898e-05
2.2398233	0.000771565783227428	1.58262733452398e-05
1.9950197	0.000772944604421171	1.63304840452646e-05
1.7775893	0.00077418131684473	1.9508816320089e-05
1.5846864	0.000773857529553515	1.8543850686468e-05
1.4122353	0.000776664398820095	1.83760692070277e-05
1.2582541	0.000777548586736831	1.88476634209254e-05
1.1224822	0.00077753191655251	1.97142382786898e-05
1.0000616	0.000778484237813297	2.00615671543786e-05
0.89082122	0.000781563355840208	2.07182766036852e-05
0.79444051	0.000780958539107885	2.0133384400743e-05
0.70784986	0.000782555501982599	2.19733202038434e-05
0.63126236	0.000783138223814544	2.30736885284027e-05
0.562536	0.000786385830776279	2.3141787851611e-05
0.50118715	0.000789535527266558	2.28496324158586e-05
0.44642836	0.000790198855562916	2.3748850829238e-05
0.39821118	0.000790684695714408	2.65425548510826e-05
0.35475865	0.000794105850976125	2.45079015565521e-05
0.31619295	0.000792462163391551	2.8208740676834e-05
0.2819173	0.000796430427696054	2.91829000687693e-05
0.25117323	0.000795747596482921	2.97113076175902e-05
0.22391155	0.000800154743124576	2.85578085552426e-05
0.19957349	0.000801853356572568	3.28703101429798e-05
0.17779917	0.00080349943936505	3.35007139107536e-05
0.15846863	0.000805791795951546	3.53778870290814e-05
0.14123619	0.000806608243084671	3.83349450543617e-05
0.12590662	0.000810753979668195	3.86820912679962e-05
0.1122199	0.000811840507158436	4.07087188846365e-05
0.10002181	0.000813480209184342	4.15364205157233e-05
