10002.226	0.00118749688615127	-0.00962170826163706
8914.9326	0.00114609442938449	-0.00861202130353157
7943.9951	0.00110871137968187	-0.00770906551302374
7081.583	0.00107287921048612	-0.00690071956088602
6307.7358	0.00104421882644203	-0.00617565134688431
5622.5879	0.00100887202993323	-0.00552980744141157
5011.603	0.000982076368211704	-0.00494940663023122
4466.4292	0.000957079255419208	-0.00443143787309326
3981.2773	0.000934308896376164	-0.00396774455821582
3548.8679	0.000910703346695267	-0.00355420277964793
3163.0398	0.000891862106330199	-0.00318203090069691
2819.0986	0.000876502598795887	-0.00284831881016794
2512.4104	0.000857821769577929	-0.00255346741186395
2239.2869	0.000843335154558277	-0.00228845850345402
1995.6381	0.000830847258419091	-0.00204866175378446
1778.2897	0.000817349393319136	-0.00183732372227454
1584.4927	0.000806615169779706	-0.00164391718200187
1412.7418	0.000791883772331468	-0.00147597834866368
1258.7905	0.000785314928117546	-0.00132186981266769
1121.7966	0.000774724745274227	-0.00118939550826575
999.68164	0.000766291598356796	-0.00106289532391179
891.42474	0.000758836093248733	-0.000954377243856405
794.23932	0.000751228002820797	-0.000856543946644366
707.96161	0.000741841779587321	-0.000766937415439984
631.00977	0.000737780907567141	-0.000689637910798539
562.33929	0.000731192347674275	-0.000616204631707184
501.12231	0.000724633977571628	-0.000553595816037877
446.57214	0.000720646015562499	-0.000494428780570283
398.08899	0.000715877898797771	-0.000441217037640159
354.88681	0.000710916838018943	-0.000393697683699594
316.31589	0.000707215155709001	-0.000351351969836089
281.8942	0.000704133945311678	-0.000313012333337201
251.20601	0.000700477075949081	-0.000277624900685866
223.92496	0.000699693747638252	-0.000244596590672412
199.55338	0.00069797525462211	-0.000217463552451694
177.78128	0.000696177007691379	-0.000189404265730247
158.52898	0.000698452640628077	-0.000164810342562337
141.21979	0.000697207003632814	-0.000144585868548001
125.92673	0.000695747329954004	-0.00012402155903969
112.19009	0.000699866561531089	-0.000107662006764265
99.968163	0.000702098756416043	-9.01259455232029e-05
89.115646	0.000703401559757883	-7.46171401690081e-05
79.415741	0.000706057287397462	-6.40951237050491e-05
70.793182	0.000706503586559822	-5.17317994019257e-05
63.082279	0.000708685418054478	-4.20175534607965e-05
56.241825	0.00071381346324784	-3.3602481786261e-05
50.112232	0.000714732452508684	-2.28630122277576e-05
44.671223	0.000720205272201102	-1.79405218619049e-05
39.808899	0.000721028753376558	-1.11309779227334e-05
35.488308	0.000725139822019696	-6.99139241560961e-06
31.629578	0.000726288400195902	-1.9908428290964e-06
28.187037	0.000730732789155064	4.36373822130942e-07
25.120602	0.000735200457083433	5.09183670845336e-06
22.385418	0.000737600476214407	6.79991016467078e-06
19.955338	0.000741052826110305	8.79428423637426e-06
17.775894	0.000742645696529312	1.21505948812792e-05
15.846864	0.000746078698926489	9.8076955660701e-06
14.127493	0.000749245976021327	1.38571523597888e-05
12.587309	0.000749962496113384	1.28572984282896e-05
11.216775	0.000749459310430963	1.27956467798295e-05
9.9968166	0.000752583323713641	1.498906721481e-05
8.9082127	0.000756705220610024	1.69115581959377e-05
7.9395623	0.000757330797700533	1.53526500781714e-05
7.0765615	0.00075737776272248	1.81389458460189e-05
6.3105822	0.000760138069888078	1.7370731487416e-05
5.6245475	0.000763057257201362	1.49778346475541e-05
5.0112233	0.000763856101277992	1.87671898508575e-05
4.4642835	0.000766819596107024	1.64701029710686e-05
3.9819033	0.000765547323413298	1.60154245111693e-05
3.5479143	0.000766968745463578	1.94727029632626e-05
3.1629577	0.000769208764991405	1.60795576393372e-05
2.818361	0.000770327247637919	1.46350427883569e-05
2.5112481	0.00077038651379031	1.63599303674819e-05
2.2398233	0.0007705300862422	1.83061272484704e-05
1.9950197	0.000771830414130611	1.83610779092156e-05
1.7775893	0.000771975573778484	1.68505456311969e-05
1.5846864	0.000774915379786121	1.73601515254906e-05
1.4122353	0.00077580323807691	1.71511103644136e-05
1.2582541	0.00077597217163462	1.90065045027656e-05
1.1224822	0.0007785023312073	1.99391847765363e-05
1.0000616	0.00078020954341057	2.20689927764615e-05
0.89082122	0.000781127187215256	2.21427865533954e-05
0.79444051	0.000781692860641071	2.03106678883758e-05
0.70784986	0.000783845219960698	2.23833297539201e-05
0.63126236	0.000784573510791656	2.27099014232835e-05
0.562536	0.000784501156710288	2.37016424195488e-05
0.50118715	0.000788853915298014	2.48462952326142e-05
0.44642836	0.000789952429781332	2.24058097453722e-05
0.39821118	0.00079251003046145	2.61443191628295e-05
0.35475865	0.000792864482764248	2.63112674044471e-05
0.31619295	0.00079480361257103	2.80691380251432e-05
0.2819173	0.00079643336205778	2.8661380952919e-05
0.25117323	0.000797224503680561	2.99134942367963e-05
0.22391155	0.000799488510530472	3.05351739099002e-05
0.19957349	0.000800930489986518	3.0959930599696e-05
0.17779917	0.00080183657137146	3.55408926400868e-05
0.15846863	0.000803240357905499	3.63211774097768e-05
0.14123619	0.000805339094874112	3.77743000401967e-05
0.12590662	0.000809303902433294	4.02549371470718e-05
0.1122199	0.000811778169056077	4.1200868372367e-05
0.10002181	0.000815283575623635	4.28524476790451e-05
