10002.226	0.00118706448986057	-0.00961976904896981
8914.9326	0.0011464250458873	-0.00861161803050168
7943.9951	0.0011092671680923	-0.00770887187469588
7081.583	0.00107300845316023	-0.00690232994715398
6307.7358	0.0010433080289331	-0.00617473660630917
5622.5879	0.00100975167912579	-0.00552866439274905
5011.603	0.000980345115802752	-0.00495132795412409
4466.4292	0.00095704812960023	-0.00443130534164004
3981.2773	0.000933500623925828	-0.00396755957459632
3548.8679	0.000911917138957584	-0.00355452231158788
3163.0398	0.000893046364784739	-0.0031815568487869
2819.0986	0.000877472546065578	-0.00284744524881073
2512.4104	0.000860914456506382	-0.00255377951337181
2239.2869	0.000842075082854589	-0.00228584273732219
1995.6381	0.000831856347589655	-0.00204859435039436
1778.2897	0.000817660926874086	-0.00183675873853415
1584.4927	0.00080682176684905	-0.00164362404828069
1412.7418	0.000792159239251628	-0.00147396828994001
1258.7905	0.000785906291752921	-0.00132185269697886
1121.7966	0.000774924349675254	-0.00118642512982822
999.68164	0.000767138785584622	-0.00106240686926154
891.42474	0.000757230743429012	-0.000953926422095479
794.23932	0.000752475229059357	-0.000857239140239043
707.96161	0.000744467425222566	-0.000766890318720761
631.00977	0.0007369418528267	-0.000688109057675219
562.33929	0.000730076149995446	-0.000616829839225204
501.12231	0.000724120483634596	-0.000552830939770393
446.57214	0.000720004724622841	-0.000492013263710802
398.08899	0.000715167246438447	-0.000443619014154098
354.88681	0.000710714997141453	-0.000394902136735136
316.31589	0.000708182144860443	-0.00034993178176768
281.8942	0.000705704292006731	-0.000314281858019334
251.20601	0.000699461061339642	-0.000277273666583554
223.92496	0.000699493208402209	-0.000243909503857523
199.55338	0.000696684457114336	-0.00021646136528736
177.78128	0.000697154660523407	-0.000190063090951237
158.52898	0.000696276336593332	-0.000166090983439718
141.21979	0.000698197291555434	-0.000146336579744345
125.92673	0.000697704941647363	-0.000124222631947293
112.19009	0.00070010295235602	-0.00010863970281182
99.968163	0.000701490183445048	-9.05606710875009e-05
89.115646	0.000703072614073754	-7.45802459170946e-05
79.415741	0.000704655280933397	-6.33027648383241e-05
70.793182	0.000706930502023941	-5.06987536582768e-05
63.082279	0.000709229772931465	-4.08922450588417e-05
56.241825	0.000714007293077984	-3.36939246341509e-05
50.112232	0.000715782062186451	-2.27165943017052e-05
44.671223	0.000719148855338794	-1.66851149806021e-05
39.808899	0.000721889576933267	-1.1910609523217e-05
35.488308	0.00072432908898582	-7.92785337248897e-06
31.629578	0.000727841814114611	-1.91760798666302e-06
28.187037	0.000731400818991447	2.5666824971029e-06
25.120602	0.000735444900545941	3.4341236493425e-06
22.385418	0.000737765168732083	7.62227087998658e-06
19.955338	0.000741229357230555	7.99735567291977e-06
17.775894	0.000742742550101467	1.23768043421237e-05
15.846864	0.000746980200693181	1.13996578101776e-05
14.127493	0.00074945429077278	1.15647013267607e-05
12.587309	0.000749462664808446	1.23740356153238e-05
11.216775	0.000750421917731768	1.47026556493274e-05
9.9968166	0.000753499375527159	1.38790056926e-05
8.9082127	0.000754904778067812	1.34628129705422e-05
7.9395623	0.000756193265999174	1.72654120215514e-05
7.0765615	0.000759915263294804	1.73285716564088e-05
6.3105822	0.000761726974227226	1.74404898140913e-05
5.6245475	0.000762447827900844	1.73751881480808e-05
5.0112233	0.000764276917537083	1.80261501676152e-05
4.4642835	0.000764885303696496	1.55530011450023e-05
3.9819033	0.000766951110572736	1.67759830498317e-05
3.5479143	0.000766939970618435	1.8190848909246e-05
3.1629577	0.000770417209719982	1.85270902893231e-05
2.818361	0.000771247134856885	1.6945694157758e-05
2.5112481	0.000771880677029523	1.71268681246996e-05
2.2398233	0.000772768214401658	1.58077693884279e-05
1.9950197	0.000771860136366946	1.68680209167454e-05
1.7775893	0.000774777845150302	1.69620255424528e-05
1.5846864	0.000776680221811852	1.75097892316465e-05
1.4122353	0.00077496260884812	1.69515145510753e-05
1.2582541	0.000777587649300857	1.82635330332723e-05
1.1224822	0.000776619748590119	2.00106539230193e-05
1.0000616	0.000780336894595735	2.18660721904836e-05
0.89082122	0.000780486720502354	2.30743151215281e-05
0.79444051	0.000782317813367977	2.16358647965945e-05
0.70784986	0.000784313660997006	2.20543755678975e-05
0.63126236	0.000785144317420221	2.09837482092772e-05
0.562536	0.000786211155605663	2.25883046787173e-05
0.50118715	0.000788686313511498	2.45132666655159e-05
0.44642836	0.000788808513571836	2.56424585577661e-05
0.39821118	0.000791862863628744	2.58042553611779e-05
0.35475865	0.000792252511733663	2.66917526347721e-05
0.31619295	0.000794708028715184	2.72600631308315e-05
0.2819173	0.000793781866817306	2.73013634323547e-05
0.25117323	0.00079848461591805	2.87657354938357e-05
0.22391155	0.000799146064259816	3.03796194649813e-05
0.19957349	0.000801633844166934	3.28589343557663e-05
0.17779917	0.000802789218638119	3.36033394330139e-05
0.15846863	0.000805577697757745	3.58077643662775e-05
0.14123619	0.000806693971164245	3.69630094704468e-05
0.12590662	0.000808831497164009	3.89375385649382e-05
0.1122199	0.00081112072718752	4.1589310769008e-05
0.10002181	0.000813961180807818	4.17743902442843e-05
