10002.226	0.00118675022383102	-0.00962028357868829
8914.9326	0.00114467411352103	-0.00861360147405135
7943.9951	0.00110833087842932	-0.00771050116914658
7081.583	0.00107196642828048	-0.00690177647439262
6307.7358	0.00104485084611458	-0.00617496763857813
5622.5879	0.00100934949196347	-0.00552784738854141
5011.603	0.000981915848732088	-0.00495166900032318
4466.4292	0.000956205520642651	-0.00443256709959918
3981.2773	0.000933913548173206	-0.00396728009963679
3548.8679	0.00090885458102132	-0.00355391705542271
3163.0398	0.000893181416016192	-0.00318302018371659
2819.0986	0.000875150456663854	-0.00284751099986775
2512.4104	0.00085809187672669	-0.00255274039908246
2239.2869	0.000843163513703238	-0.00228642519401458
1995.6381	0.000831481066889978	-0.00204919607190109
1778.2897	0.000816479748002225	-0.00183456315094159
1584.4927	0.000804667189295709	-0.00164266643355066
1412.7418	0.000794582514713036	-0.0014749347975328
1258.7905	0.000785110173881072	-0.00132141843771942
1121.7966	0.000775471181625221	-0.00118596205850089
999.68164	0.000767300326476928	-0.00106188132938993
891.42474	0.000759286505036688	-0.000954219874886556
794.23932	0.000752523863538077	-0.000855617919932427
707.96161	0.000744534153333574	-0.00076774027809329
631.00977	0.000736827233536237	-0.000691417123091209
562.33929	0.000730991009563838	-0.000616059879445374
501.12231	0.000724703480102595	-0.000551553827628259
446.57214	0.000719728163555827	-0.000494583715144726
398.08899	0.000713980886620976	-0.000442413145658384
354.88681	0.000711763788157715	-0.000396209016634472
316.31589	0.000710174724092131	-0.000350565343210049
281.8942	0.000703446001857722	-0.000313567235067861
251.20601	0.000700343197466097	-0.000276738633026425
223.92496	0.000699666930096897	-0.000246126624381943
199.55338	0.000698744395161458	-0.000216803886446928
177.78128	0.000697444830116708	-0.000187717571609912
158.52898	0.000697494386520017	-0.000163737041009847
141.21979	0.000697603296104114	-0.000144527904923304
125.92673	0.000696871325126948	-0.000124711020652013
112.19009	0.000699787812123998	-0.000108637626041927
99.968163	0.000702807392362603	-8.98670606593149e-05
89.115646	0.000704026956175114	-7.74056950316938e-05
79.415741	0.000704460172253081	-6.28187155912014e-05
70.793182	0.000706412091746783	-5.1781791277769e-05
63.082279	0.000708364690296797	-3.97633269617565e-05
56.241825	0.00071521664894168	-3.31721396795737e-05
50.112232	0.000716541890983622	-2.358883204861e-05
44.671223	0.000719264942248753	-1.70647730514654e-05
39.808899	0.000721497389967551	-1.30400870564213e-05
35.488308	0.000725242847686009	-6.68884429920433e-06
31.629578	0.000727432267801083	-1.64295420514564e-06
28.187037	0.000730736955489633	9.2517141230693e-07
25.120602	0.00073507193741057	4.72023664150421e-06
22.385418	0.00073800485813178	8.33353516155627e-06
19.955338	0.000741687327279871	8.03502158807606e-06
17.775894	0.000743818054266907	1.14501151789634e-05
15.846864	0.000746161116199328	1.05992783874348e-05
14.127493	0.000748322273945324	1.33836236459674e-05
12.587309	0.000749072029591242	1.30400043162119e-05
11.216775	0.000749861403391478	1.44735627898198e-05
9.9968166	0.000752150739432632	1.51505553869357e-05
8.9082127	0.000755852174285072	1.55867679158105e-05
7.9395623	0.000755694706538211	1.58403264108249e-05
7.0765615	0.000759621448622556	1.82726043053174e-05
6.3105822	0.000762028115896397	1.70077188407114e-05
5.6245475	0.00076262378148317	1.61090950656655e-05
5.0112233	0.000764146017576099	1.70806067703892e-05
4.4642835	0.000765104304639692	1.67785979821363e-05
3.9819033	0.000764866252826083	1.72391804094454e-05
3.5479143	0.000766858678726009	1.88654817241337e-05
3.1629577	0.000768223963744377	1.97187397118326e-05
2.818361	0.000769996235526357	1.79451229352835e-05
2.5112481	0.000771332019374954	1.55070670517353e-05
2.2398233	0.000769880756480771	1.688040404988e-05
1.9950197	0.000773275746346238	1.77018058823348e-05
1.7775893	0.000775675187264095	1.78304257377753e-05
1.5846864	0.000774903981684686	1.80829245296551e-05
1.4122353	0.000774039499275173	1.82741411621394e-05
1.2582541	0.000778035618845183	1.93162120558023e-05
1.1224822	0.000777396570276101	2.02033264213819e-05
1.0000616	0.000778684626872651	2.13692245847398e-05
0.89082122	0.000783735165885306	2.08865889362168e-05
0.79444051	0.000781140461278738	2.13130343996582e-05
0.70784986	0.000783695064464538	2.27229977778886e-05
0.63126236	0.000783161197944931	1.9472503563042e-05
0.562536	0.000787310347386164	2.21041579465027e-05
0.50118715	0.000788382545050864	2.51987927927545e-05
0.44642836	0.000790612993186013	2.43886521968058e-05
0.39821118	0.000792443186333224	2.67004939338521e-05
0.35475865	0.00079255533467961	2.70634868039817e-05
0.31619295	0.000793931130384022	2.80034556525396e-05
0.2819173	0.000796929723633631	3.09628386068906e-05
0.25117323	0.00079799183001502	2.85219534431526e-05
0.22391155	0.000801901050739856	3.16515103215738e-05
0.19957349	0.000800667060375814	3.27417075302772e-05
0.17779917	0.000802730444641457	3.38939265724025e-05
0.15846863	0.000805624492274404	3.58612050341034e-05
0.14123619	0.000808265841367953	3.7419443852829e-05
0.12590662	0.000811618286140622	4.02044607845812e-05
0.1122199	0.000809934891735428	4.02949366910045e-05
0.10002181	0.000814587522975842	4.42502491528381e-05
