10002.226	0.00117112728582018	-0.00944110351839648
8914.9326	0.00113141038817766	-0.0084487202809445
7943.9951	0.00109146734967463	-0.00756512592165178
7081.583	0.00105753010052278	-0.00677308432924192
6307.7358	0.00102542806291574	-0.00605975537793893
5622.5879	0.00099558766323901	-0.00542401655878023
5011.603	0.000965083648394995	-0.00485721173829833
4466.4292	0.000940861080455501	-0.00434995509042577
3981.2773	0.000915671511771603	-0.00389391001218181
3548.8679	0.000893119119453164	-0.00348811541835586
3163.0398	0.000877094924024693	-0.00312533458796969
2819.0986	0.000857728599977201	-0.00279635654660715
2512.4104	0.000842172040647959	-0.00250541488620657
2239.2869	0.000825559794728374	-0.00224450180474679
1995.6381	0.000813969941644515	-0.00200841284632699
1778.2897	0.000802331242512412	-0.00180021992563073
1584.4927	0.000788632330127607	-0.00161494990915248
1412.7418	0.000776788731346162	-0.00144725807979954
1258.7905	0.000766808294771515	-0.00129795739033074
1121.7966	0.000757762432743413	-0.0011645209718896
999.68164	0.000750148631162419	-0.00104302598806833
891.42474	0.00074267387202151	-0.000937413134676903
794.23932	0.000733354601798268	-0.000840611024596595
707.96161	0.000728931875794582	-0.000752019461395779
631.00977	0.000718847059927789	-0.000676306613355191
562.33929	0.000715638505137551	-0.000605607034092977
501.12231	0.000707477911060321	-0.00054277780453235
446.57214	0.00070339025057486	-0.000484339157026676
398.08899	0.000697544261048105	-0.000432696692034843
354.88681	0.00069252479714086	-0.000388123745825844
316.31589	0.000692752927116127	-0.000344624722339064
281.8942	0.000685935384817107	-0.000309310086180414
251.20601	0.00068261245063072	-0.000270579055251141
223.92496	0.000682570380331438	-0.000239683533164693
199.55338	0.000683225342988731	-0.000212550211884105
177.78128	0.000680402481067975	-0.000184429335642739
158.52898	0.000679636875870738	-0.000161770072249176
141.21979	0.000679447589652429	-0.000141468869627453
125.92673	0.000680783388004995	-0.000121712155786716
112.19009	0.00068132423254452	-0.000104503492581908
99.968163	0.000684863007283866	-8.78837334861509e-05
89.115646	0.000686114605549867	-7.53136995359897e-05
79.415741	0.000688193337049327	-5.99849358500638e-05
70.793182	0.000689943480589073	-4.99516618942947e-05
63.082279	0.000692726045096781	-4.07651863564864e-05
56.241825	0.000698010370991296	-3.32465916474199e-05
50.112232	0.000699283980072554	-2.41288185211365e-05
44.671223	0.000703857772057979	-1.71655022283456e-05
39.808899	0.00070618374715479	-1.41811705080968e-05
35.488308	0.000708650890427557	-6.6467659367889e-06
31.629578	0.000713163017302045	-2.29776530745863e-06
28.187037	0.000713719668368316	-2.07404065714865e-07
25.120602	0.000720016842928728	6.09745525508582e-06
22.385418	0.000721892320382021	6.82702189390215e-06
19.955338	0.000724015895692556	8.98654746934032e-06
17.775894	0.000727936797142315	1.28835155870127e-05
15.846864	0.000729924481274522	1.02591850158451e-05
14.127493	0.000730721581167652	1.20093171188308e-05
12.587309	0.0007316029653575	1.50576361562674e-05
11.216775	0.000734113733513228	1.43581961677353e-05
9.9968166	0.000737562528510808	1.43006284195866e-05
8.9082127	0.000738742253471638	1.53386601968947e-05
7.9395623	0.000739252992140185	1.50067913829948e-05
7.0765615	0.000742355852416314	1.69247532317493e-05
6.3105822	0.000744336981926533	1.53878192198235e-05
5.6245475	0.000743857943712043	1.63437341704311e-05
5.0112233	0.000746459633128073	1.6910951383775e-05
4.4642835	0.000747184584720108	1.68377452390578e-05
3.9819033	0.000750123001377367	1.61635128193027e-05
3.5479143	0.000749372453991559	1.85912208945503e-05
3.1629577	0.000753351344673761	1.72876857935235e-05
2.818361	0.000754331310297814	1.81795480344273e-05
2.5112481	0.000753048302958294	1.70404635203579e-05
2.2398233	0.000753817842554689	1.78614452560795e-05
1.9950197	0.000754780597312747	1.85141118875791e-05
1.7775893	0.00075663104455312	1.6887605319706e-05
1.5846864	0.000756768228562041	1.79194838946177e-05
1.4122353	0.000759742743946565	1.74883295828061e-05
1.2582541	0.000761384020509113	1.99138928222166e-05
1.1224822	0.000762023487547421	2.08406866432063e-05
1.0000616	0.000762907295691709	1.95536367696864e-05
0.89082122	0.00076476198136363	1.91094025602996e-05
0.79444051	0.000764875193750961	2.06003757748755e-05
0.70784986	0.000768297286326875	2.15506120774606e-05
0.63126236	0.000768969704801861	2.1169541175319e-05
0.562536	0.000770196701312616	2.20172818688052e-05
0.50118715	0.000769925497000644	2.2898664833976e-05
0.44642836	0.000772549612287019	2.57376603952322e-05
0.39821118	0.000775267513233882	2.61386386904068e-05
0.35475865	0.000775382800564273	2.72493860354079e-05
0.31619295	0.000776477334784829	2.88307162460689e-05
0.2819173	0.000779809061633839	2.78467607918792e-05
0.25117323	0.000779286265201071	2.90615558341835e-05
0.22391155	0.000780536848399001	3.0357734951332e-05
0.19957349	0.000786605330874887	3.22802444767308e-05
0.17779917	0.000786044556629311	3.30894551673227e-05
0.15846863	0.000789485190277118	3.43511545421728e-05
0.14123619	0.000791334353481632	3.7389668917261e-05
0.12590662	0.000791339867560617	3.96656713766391e-05
0.1122199	0.0007945553270973	4.05063547539474e-05
0.10002181	0.000798000749004913	4.22718234864949e-05
