10002.226	0.00116978459217479	-0.00944015118432531
8914.9326	0.001128617268264	-0.00844949330678976
7943.9951	0.00109021334190581	-0.00756569624853896
7081.583	0.00105727090219381	-0.00677270929446652
6307.7358	0.0010259980063535	-0.00605966534854383
5622.5879	0.000993743447917096	-0.00542514157733131
5011.603	0.00096379899571668	-0.00485721792774795
4466.4292	0.000942240985652068	-0.00434867440319301
3981.2773	0.000915930391719548	-0.003893658662638
3548.8679	0.000895705464081464	-0.00348586488744107
3163.0398	0.000875119793470803	-0.00312248989522105
2819.0986	0.000858940893484838	-0.00279569098090253
2512.4104	0.000841056900631033	-0.00250514657738516
2239.2869	0.000825747870951624	-0.00224403040434049
1995.6381	0.000813136775407756	-0.00201119225038346
1778.2897	0.000801822989680476	-0.00180162491451759
1584.4927	0.000787270760584735	-0.00161358631026252
1412.7418	0.000775947853406688	-0.0014467501166298
1258.7905	0.000769118627016483	-0.00129829449891629
1121.7966	0.000759542721676183	-0.00116475828853994
999.68164	0.000750354010064465	-0.00104299983099927
891.42474	0.000740537911899685	-0.000937247656898535
794.23932	0.000733876734337785	-0.000843001679295337
707.96161	0.000727003440001624	-0.000753168311200529
631.00977	0.000721572687435854	-0.000677381012674974
562.33929	0.000713477902559376	-0.000605268714393769
501.12231	0.000708360990468591	-0.000541400837053773
446.57214	0.000700781114973329	-0.000484663905877765
398.08899	0.000697971748009454	-0.00043490759760977
354.88681	0.000692455947275037	-0.000386466603766851
316.31589	0.000690119940934588	-0.000344383326779056
281.8942	0.000686955717929075	-0.0003073821816804
251.20601	0.000684188832225953	-0.000271434212418882
223.92496	0.000683025095759211	-0.00024047757346184
199.55338	0.000682332149387332	-0.000215146522085631
177.78128	0.000679952225500621	-0.000186951837520976
158.52898	0.000681022501680365	-0.000161994278484403
141.21979	0.000679877290151488	-0.000140875028241324
125.92673	0.000681290291151724	-0.000123691942285599
112.19009	0.000683412014809649	-0.000105088131450161
99.968163	0.000683974116216355	-8.96958598996703e-05
89.115646	0.00068494367815949	-7.45349584944835e-05
79.415741	0.000689172098897778	-6.19938767605392e-05
70.793182	0.000690921872057713	-4.96890642492538e-05
63.082279	0.000693621025551286	-4.10929050768948e-05
56.241825	0.000698052199466264	-3.03834745182959e-05
50.112232	0.000698831429070627	-2.21339496223181e-05
44.671223	0.000702819078495249	-1.91000791204845e-05
39.808899	0.000703970800619431	-1.21322326201046e-05
35.488308	0.000708438806233487	-6.84314186334328e-06
31.629578	0.000711968828463155	-2.49177690598326e-06
28.187037	0.000714597350516598	9.07843426699542e-07
25.120602	0.00071790817365495	3.90256286364141e-06
22.385418	0.000719800191988836	5.59797217041496e-06
19.955338	0.00072408257649749	9.32716113460456e-06
17.775894	0.000728325519739212	1.19597206242911e-05
15.846864	0.000728977060031032	1.01603847986281e-05
14.127493	0.000732289011798314	1.28771526223401e-05
12.587309	0.000732331306891863	1.31899057062243e-05
11.216775	0.000734253040189677	1.44676677997099e-05
9.9968166	0.000736561800656988	1.29212869798561e-05
8.9082127	0.000738325335893289	1.48245245372829e-05
7.9395623	0.000739532099659457	1.48978937111954e-05
7.0765615	0.000742753827259054	1.60492176542678e-05
6.3105822	0.000744347308259893	1.67045834691812e-05
5.6245475	0.000746027736444362	1.54553378273804e-05
5.0112233	0.000748314892773518	1.74344000980977e-05
4.4642835	0.000747370806475987	1.67776804602563e-05
3.9819033	0.00074854546680511	1.73457968705775e-05
3.5479143	0.000750267640260455	1.52993713500627e-05
3.1629577	0.000750764703879328	1.88111541012129e-05
2.818361	0.000754252163973059	1.61214202975465e-05
2.5112481	0.000753442931726627	1.71622021103709e-05
2.2398233	0.000752022264797214	1.51377826118351e-05
1.9950197	0.000756172323604927	1.76382405109028e-05
1.7775893	0.000756891538631333	1.73022451505851e-05
1.5846864	0.000758001877586169	1.88962927778295e-05
1.4122353	0.000758666691722646	1.69781914699653e-05
1.2582541	0.000758205788375007	1.94021511358445e-05
1.1224822	0.000762425764965568	1.90700213730225e-05
1.0000616	0.00076223161345903	2.10378808477132e-05
0.89082122	0.000763569945911886	2.06003388248327e-05
0.79444051	0.000766664040869592	2.06642892146021e-05
0.70784986	0.000767495839332386	2.06379107478981e-05
0.63126236	0.000767747626070813	2.23887738541712e-05
0.562536	0.000769758409821986	2.3655371721719e-05
0.50118715	0.000771743549896636	2.2527819161858e-05
0.44642836	0.000771820264436535	2.4048801136311e-05
0.39821118	0.000775414957393558	2.54657451969209e-05
0.35475865	0.00077594899590829	2.63338884271336e-05
0.31619295	0.000777251636014723	2.62085990057657e-05
0.2819173	0.000777487759551163	2.84061496813084e-05
0.25117323	0.000779580265810503	2.83369090145541e-05
0.22391155	0.000782104084094221	3.19745245495444e-05
0.19957349	0.000783461599346589	3.08124151934311e-05
0.17779917	0.000786563983633882	3.38636844526976e-05
0.15846863	0.000787393069309032	3.40135933878974e-05
0.14123619	0.000789021881476509	3.60635277022936e-05
0.12590662	0.000792486311010192	3.8589131462484e-05
0.1122199	0.000793465199264868	4.10266331694032e-05
0.10002181	0.000797902321319243	4.20515255106503e-05
