10002.226	0.00116961567511014	-0.00944235830337047
8914.9326	0.00112992585151677	-0.00845266941367594
7943.9951	0.00109094429167733	-0.00756396297459021
7081.583	0.00105671358848252	-0.00677135543036036
6307.7358	0.00102502757727979	-0.00605781094925819
5622.5879	0.000992914136616423	-0.00542532367808325
5011.603	0.000964127748289383	-0.00485795419390563
4466.4292	0.000940536695069051	-0.00434810908733809
3981.2773	0.000916018747580735	-0.00389332978153337
3548.8679	0.000894195405170442	-0.00348848960365345
3163.0398	0.000877241973498266	-0.00312297387161925
2819.0986	0.000858813458675902	-0.00279808842973191
2512.4104	0.000842343592335537	-0.00250541539883927
2239.2869	0.000825609607961344	-0.00224567168522641
1995.6381	0.000811993460266476	-0.00201086451936051
1778.2897	0.000802359599568506	-0.00180034998848461
1584.4927	0.000789609701209735	-0.00161430177715307
1412.7418	0.000777105546926462	-0.00144731561296265
1258.7905	0.000767295067566036	-0.00129775212285938
1121.7966	0.00076024487337448	-0.00116549457463456
999.68164	0.000750399572061202	-0.00104317415889777
891.42474	0.000741319538220566	-0.000937473652541496
794.23932	0.000735734085723955	-0.000840426915651721
707.96161	0.000726156914247433	-0.000753583808682181
631.00977	0.000718464900316008	-0.000676713272362434
562.33929	0.000713815027591078	-0.000606598318382584
501.12231	0.000708484645222182	-0.000540915199746492
446.57214	0.000702975923501333	-0.000485680440150106
398.08899	0.000696857360937772	-0.000432814196896782
354.88681	0.000695534218738546	-0.00038891707790455
316.31589	0.000691171988265926	-0.000344118337921637
281.8942	0.000686483627919773	-0.000308205379582042
251.20601	0.000683170117193271	-0.000270969085607417
223.92496	0.000682816982521203	-0.000240264142669984
199.55338	0.000682870081996769	-0.000214112729370066
177.78128	0.000679481126862489	-0.000185706825209285
158.52898	0.000681213505532148	-0.000161269098538231
141.21979	0.000680539161776012	-0.00014200454106448
125.92673	0.000681415263036639	-0.000120722225287438
112.19009	0.000683960868988326	-0.000107222984775374
99.968163	0.000685052986943386	-8.77369421343144e-05
89.115646	0.00068616457167961	-7.5343903780353e-05
79.415741	0.000689519150032543	-6.29070625251953e-05
70.793182	0.000690261384879912	-5.07090491960391e-05
63.082279	0.000692659061115398	-4.27858227742248e-05
56.241825	0.00070047521148864	-3.0876113808806e-05
50.112232	0.000698582403473721	-2.18611114493808e-05
44.671223	0.000702035366128872	-1.77049681593155e-05
39.808899	0.000703694786908878	-1.07430596417946e-05
35.488308	0.000709743636042905	-6.95359908581221e-06
31.629578	0.000713251106119785	-1.12909661468757e-06
28.187037	0.000712415657571194	-6.31467980828591e-07
25.120602	0.00071679121174083	3.52635615625079e-06
22.385418	0.000720774159120053	6.23296819312735e-06
19.955338	0.000723536562199821	7.59035051854243e-06
17.775894	0.000725818749837413	1.07370614709446e-05
15.846864	0.000729462481990149	9.6345631443431e-06
14.127493	0.000729349442034634	1.34062334412348e-05
12.587309	0.0007332007442262	1.24268879544926e-05
11.216775	0.000734632462951173	1.33150394955292e-05
9.9968166	0.000738238106912424	1.40920226429137e-05
8.9082127	0.000738372373120234	1.54305232612245e-05
7.9395623	0.000739529641381861	1.52362768857273e-05
7.0765615	0.000742320638742962	1.91939131868582e-05
6.3105822	0.000745489803795112	1.58384899631425e-05
5.6245475	0.000745418971934	1.65391948547945e-05
5.0112233	0.00074421312740752	1.82664534872265e-05
4.4642835	0.000748914359302043	1.82392221823013e-05
3.9819033	0.000750333236258234	1.81385630925741e-05
3.5479143	0.000749567605364398	1.65500397876189e-05
3.1629577	0.000751274256344186	1.80161416120145e-05
2.818361	0.000754153286051874	1.57000320156172e-05
2.5112481	0.000753912151854978	1.61405391357267e-05
2.2398233	0.00075312700562737	1.54376112122478e-05
1.9950197	0.000756426998662803	1.78409932720932e-05
1.7775893	0.000758682504491101	1.70855018171401e-05
1.5846864	0.000757623105534501	1.84054403167753e-05
1.4122353	0.000759656756028465	1.7611374498984e-05
1.2582541	0.000759935679417748	1.81481084481648e-05
1.1224822	0.000761142625312661	1.95253963937731e-05
1.0000616	0.000764371498230647	1.91322150843456e-05
0.89082122	0.000764403348455509	2.02197698826958e-05
0.79444051	0.000765842230179923	2.04892339520091e-05
0.70784986	0.000766945745446126	2.1055042368137e-05
0.63126236	0.000765909488622815	2.26589754887983e-05
0.562536	0.000768931600395616	2.19377015004072e-05
0.50118715	0.000770833188345269	2.39117182764678e-05
0.44642836	0.000772529870752014	2.30355699721065e-05
0.39821118	0.000774649579524264	2.61542387905274e-05
0.35475865	0.000775678894416207	2.48867379706606e-05
0.31619295	0.000778549361202296	2.59358595404267e-05
0.2819173	0.000779559787564335	2.89052902339257e-05
0.25117323	0.00078033082318627	2.86361295261391e-05
0.22391155	0.000783144468279157	3.17545183345784e-05
0.19957349	0.000784303000175412	3.21388317966796e-05
0.17779917	0.000785463413900675	3.30728973278127e-05
0.15846863	0.000787765714868588	3.39764217898977e-05
0.14123619	0.000790662743982227	3.6139870228356e-05
0.12590662	0.00079155026684319	3.84887512169339e-05
0.1122199	0.000793750751076753	4.0339603244919e-05
0.10002181	0.000798542541816975	3.99303754525907e-05
