10002.226	0.00116991228958068	-0.00944092278726716
8914.9326	0.00112941861647707	-0.00844993019788167
7943.9951	0.00109079491256462	-0.00756589137140555
7081.583	0.00105675219555991	-0.0067713588454025
6307.7358	0.00102746863580812	-0.00606054168203977
5622.5879	0.000991505425675662	-0.0054256599985972
5011.603	0.000966628363595564	-0.00485779834803295
4466.4292	0.000941782316222161	-0.0043490358530403
3981.2773	0.000916668270033282	-0.00389315879602343
3548.8679	0.000893752225107239	-0.00348657590031035
3163.0398	0.000876785993652742	-0.0031232596368418
2819.0986	0.000858470517157558	-0.00279515392836805
2512.4104	0.000841770333509723	-0.00250518580426695
2239.2869	0.000827510700565299	-0.00224462360538606
1995.6381	0.000811933220865733	-0.00200991911899005
1778.2897	0.000800224316488758	-0.00180007987718193
1584.4927	0.000788283797820761	-0.00161485737235094
1412.7418	0.000778406706121901	-0.00144815320713723
1258.7905	0.000770337385955495	-0.0012968885601332
1121.7966	0.00075889181978067	-0.00116331138231747
999.68164	0.000750691786845526	-0.00104242442466871
891.42474	0.000742156309689217	-0.000937350738312752
794.23932	0.000736422297842253	-0.000840109041375605
707.96161	0.000727368781916177	-0.000753365743085401
631.00977	0.000721074371724681	-0.00067734846393858
562.33929	0.000714372695597282	-0.000607223138615327
501.12231	0.00070839303950392	-0.000541749635856252
446.57214	0.000703192189444982	-0.000484941882251188
398.08899	0.000698651332625972	-0.000434575221834143
354.88681	0.00069319244343183	-0.000387529995398979
316.31589	0.000691431297331786	-0.000342216962961996
281.8942	0.000687629623375324	-0.000305712763287215
251.20601	0.000682292597035009	-0.000271247604035216
223.92496	0.000681019975141108	-0.00024095371317957
199.55338	0.000679046038898326	-0.000213139848585499
177.78128	0.000680929947924461	-0.000184875679874025
158.52898	0.000681545703642823	-0.000159783569378123
141.21979	0.000680008294280097	-0.000143616259556648
125.92673	0.000680432684068504	-0.000121879741163653
112.19009	0.00068262012844435	-0.000105609467446707
99.968163	0.000686257227022472	-8.83066808111416e-05
89.115646	0.000686763638262346	-7.56185509401782e-05
79.415741	0.000690045896747713	-6.23398033911497e-05
70.793182	0.000689432333273626	-5.03196259622412e-05
63.082279	0.000694547630308991	-4.12438088483678e-05
56.241825	0.000696960488584167	-3.1909889634611e-05
50.112232	0.000698598820574479	-2.29418557103979e-05
44.671223	0.000701150598644154	-1.73324934551401e-05
39.808899	0.000706353475166767	-1.32969437136508e-05
35.488308	0.000708498749667781	-6.10935901333297e-06
31.629578	0.000712004669559388	-3.98078909506209e-06
28.187037	0.000714401344060188	-8.16597978173709e-07
25.120602	0.000715792544955642	4.82847523173455e-06
22.385418	0.000719433843143427	5.72770730667568e-06
19.955338	0.000723850495586512	8.60214818498263e-06
17.775894	0.000728562427273734	1.28445556747659e-05
15.846864	0.000728747490609482	9.68706069381538e-06
14.127493	0.000731943024398218	1.29327730244286e-05
12.587309	0.000730501095920208	1.42761218980381e-05
11.216775	0.000734631619454047	1.426397103774e-05
9.9968166	0.000736357290599282	1.2967525635443e-05
8.9082127	0.000740308906153251	1.63591579984464e-05
7.9395623	0.000740820950887934	1.53519074009117e-05
7.0765615	0.000742423848445287	1.71070143278392e-05
6.3105822	0.000744412902568487	1.8050353466335e-05
5.6245475	0.000745086898205856	1.34274923730178e-05
5.0112233	0.000746674904623995	1.83396243937365e-05
4.4642835	0.000749592625180448	1.53180343563372e-05
3.9819033	0.000749565772648368	1.67923145427186e-05
3.5479143	0.000751054763310724	1.7811626219279e-05
3.1629577	0.000751467713913347	1.86855061259416e-05
2.818361	0.000754014768129093	1.71391166906034e-05
2.5112481	0.000752955831017106	1.66198361487227e-05
2.2398233	0.000754577236627244	1.88150723774304e-05
1.9950197	0.000755932075198491	1.86431762682857e-05
1.7775893	0.000755817702839446	1.59829835333761e-05
1.5846864	0.000759533183926131	1.90954410814376e-05
1.4122353	0.000759286857522525	1.77758200127409e-05
1.2582541	0.000762175052292778	1.88329401809814e-05
1.1224822	0.000761723224331408	1.98525762875959e-05
1.0000616	0.000762981169251838	2.00204655402118e-05
0.89082122	0.000764649264396755	2.01741592132192e-05
0.79444051	0.000765263964920349	2.02743538266473e-05
0.70784986	0.000764320622596191	2.17654474606852e-05
0.63126236	0.000766722358955197	2.34374237727711e-05
0.562536	0.000770547566173579	2.15410817332594e-05
0.50118715	0.000769962194674635	2.27586837956624e-05
0.44642836	0.000772786509136437	2.28910764460798e-05
0.39821118	0.000775260757255596	2.47722182781946e-05
0.35475865	0.000774273207957552	2.86630104591881e-05
0.31619295	0.000777133854006727	2.79133001615061e-05
0.2819173	0.000778085367669234	2.72223357391229e-05
0.25117323	0.000781924802605897	2.87688224280619e-05
0.22391155	0.00078239289809066	2.99588595808717e-05
0.19957349	0.000784355838912697	3.268719403441e-05
0.17779917	0.000785899392084084	3.36742861381577e-05
0.15846863	0.00078825128780965	3.46215844977068e-05
0.14123619	0.000790572370780166	3.45409350773167e-05
0.12590662	0.000792063618978557	3.88890059444081e-05
0.1122199	0.000795150802427778	3.98246067342673e-05
0.10002181	0.000798565442177525	3.94686712294042e-05
