10002.226	0.00117008928827307	-0.00944146876588096
8914.9326	0.00113005984445392	-0.0084497931542695
7943.9951	0.00109326213426045	-0.00756262804584825
7081.583	0.00105691779064431	-0.00677075662877494
6307.7358	0.00102687558162952	-0.00606082478855442
5622.5879	0.000994345918490315	-0.00542524460706851
5011.603	0.000964944484553252	-0.00485674800658176
4466.4292	0.00093991159451218	-0.00434781599673067
3981.2773	0.000916130184583124	-0.0038942363196873
3548.8679	0.000894606658361633	-0.00348664141122129
3163.0398	0.000875646671432997	-0.00312302673696348
2819.0986	0.000857134767129774	-0.00279724762287666
2512.4104	0.000842348239776089	-0.00250537102318294
2239.2869	0.00082711714746961	-0.00224539621137765
1995.6381	0.00081343812864246	-0.00200816131562181
1778.2897	0.000801664430188677	-0.00180066748985808
1584.4927	0.000789034671704064	-0.00161388013139095
1412.7418	0.000776504441562936	-0.00144755534550297
1258.7905	0.000769987621032811	-0.00129846525879777
1121.7966	0.000758421135746414	-0.00116442220735442
999.68164	0.000749400337618711	-0.00104330431321363
891.42474	0.000741325562028406	-0.000937150551482125
794.23932	0.000735191875517791	-0.000839742014533237
707.96161	0.000725701565308256	-0.000755173444108518
631.00977	0.000719968339695483	-0.000676347038242905
562.33929	0.000714220427443924	-0.000605707009902413
501.12231	0.000710612602123771	-0.000544021876513823
446.57214	0.000702241466059023	-0.000486787942659834
398.08899	0.000698486610355624	-0.000432363246786106
354.88681	0.000694119969275312	-0.000386025657561058
316.31589	0.00069180967798776	-0.000345094566420792
281.8942	0.000688272842450011	-0.000307255409379337
251.20601	0.000682818002287182	-0.000270636024809585
223.92496	0.000681693087827814	-0.000239923668781949
199.55338	0.000681950247669588	-0.000212950030503622
177.78128	0.000681261595035207	-0.000184122192928981
158.52898	0.000679647285056562	-0.000159517237692042
141.21979	0.000679325208938375	-0.000141366224499938
125.92673	0.000681500217097655	-0.000121831785316399
112.19009	0.000683893026224284	-0.000106220224387829
99.968163	0.000684931874343146	-8.60684885406475e-05
89.115646	0.00068575887602045	-7.49043945029058e-05
79.415741	0.000688355370370559	-6.20315367591542e-05
70.793182	0.000687168445885623	-5.04686777834234e-05
63.082279	0.0006922339611829	-3.95274668863159e-05
56.241825	0.000697910736595806	-3.26277953322119e-05
50.112232	0.000699568139849377	-2.33653487909715e-05
44.671223	0.000701703604599343	-1.80476901516932e-05
39.808899	0.000705662112306595	-1.50139473173977e-05
35.488308	0.000710253075027924	-7.69433464581631e-06
31.629578	0.000712586586140789	-3.84860200617062e-06
28.187037	0.000713804391318524	-1.19430700674055e-06
25.120602	0.000716579861704213	5.91587182260896e-06
22.385418	0.000720683936271505	6.93461345013682e-06
19.955338	0.000722316903639528	7.39875344306979e-06
17.775894	0.000727330899350437	1.17258895402894e-05
15.846864	0.000728586002715168	1.11458519228459e-05
14.127493	0.000732729581018518	1.3168570157844e-05
12.587309	0.000733494741174975	1.30353181342417e-05
11.216775	0.000732596292706084	1.27555293207617e-05
9.9968166	0.000737672793902811	1.41875736160663e-05
8.9082127	0.000736879034626628	1.54135187655597e-05
7.9395623	0.00073841304790425	1.60524300891192e-05
7.0765615	0.000742160040926158	1.64751303941985e-05
6.3105822	0.000743936388000329	1.50497259501218e-05
5.6245475	0.000744422174626234	1.784174699911e-05
5.0112233	0.000747006227968851	1.7315943095162e-05
4.4642835	0.000747955548309814	1.64579710115739e-05
3.9819033	0.000748198362375068	1.51099199280916e-05
3.5479143	0.000749364481509413	1.66650958389584e-05
3.1629577	0.000752936814455108	1.86648332943536e-05
2.818361	0.000752997898942713	1.6083143916131e-05
2.5112481	0.00075400739077392	1.55271071597579e-05
2.2398233	0.000753676052098117	1.57540439460303e-05
1.9950197	0.000756003535176557	1.47944938411462e-05
1.7775893	0.000757210779629975	1.82076648094827e-05
1.5846864	0.000758698480549146	1.73301113893719e-05
1.4122353	0.000758226785563573	1.80681365620721e-05
1.2582541	0.000761548723112009	1.974022118468e-05
1.1224822	0.000760861951241778	1.93817721859546e-05
1.0000616	0.000763249673377454	1.98026829337644e-05
0.89082122	0.000761859230322046	2.10748125644875e-05
0.79444051	0.000766721850025698	2.02029791500469e-05
0.70784986	0.000766754004478649	2.05007418563725e-05
0.63126236	0.000765875882171763	2.32381957724397e-05
0.562536	0.000769715137415494	2.39290397800734e-05
0.50118715	0.000770555687435097	2.28380621933727e-05
0.44642836	0.000772420484000374	2.29508329291333e-05
0.39821118	0.000774062057714221	2.36017603789747e-05
0.35475865	0.000776908702521906	2.50706445831995e-05
0.31619295	0.000778272408404764	2.62485433958739e-05
0.2819173	0.000778998880396915	2.79159159614485e-05
0.25117323	0.000779954764436299	2.76368551320214e-05
0.22391155	0.000780774961480077	2.97940897878435e-05
0.19957349	0.00078279260136125	3.14084968958725e-05
0.17779917	0.000785913113252124	3.27611098116568e-05
0.15846863	0.000788145706972344	3.4732476577973e-05
0.14123619	0.000790965469185486	3.64709137619837e-05
0.12590662	0.000792807688360516	3.91513764493951e-05
0.1122199	0.000795278311147321	3.91994638128842e-05
0.10002181	0.000796421714512398	4.28163730168203e-05
