10002.226	0.00117606980818593	-0.00950802596986768
8914.9326	0.00113496763227382	-0.00851222287407346
7943.9951	0.00109663607364889	-0.00761736144155818
7081.583	0.00106204108104687	-0.00682053016917752
6307.7358	0.00103129519585114	-0.00610276221735966
5622.5879	0.000998442309366818	-0.00546452673650668
5011.603	0.00096919386499582	-0.00489155262459806
4466.4292	0.000945166958317419	-0.00437982917542182
3981.2773	0.000922780824066988	-0.00392298189862177
3548.8679	0.00089829267505188	-0.00351189602201703
3163.0398	0.000880093971229613	-0.00314651815342821
2819.0986	0.000863270536151747	-0.00281514756793956
2512.4104	0.000847846328556106	-0.00252136066560295
2239.2869	0.000830287266904678	-0.00225965051868591
1995.6381	0.000817740133725444	-0.0020255684586234
1778.2897	0.00080535179061038	-0.00181386196159032
1584.4927	0.000792495946671357	-0.00162871669374718
1412.7418	0.000780973077043776	-0.00145853003356949
1258.7905	0.000773262160980621	-0.00130517380957568
1121.7966	0.000763079503464287	-0.00117248113165381
999.68164	0.0007546832705542	-0.00104960527707524
891.42474	0.000746403422798169	-0.000942875311057701
794.23932	0.000737477827594156	-0.000848066069129785
707.96161	0.000731548594911618	-0.000756621240387913
631.00977	0.000724361434125415	-0.000682685910147126
562.33929	0.000717862758098054	-0.000609749757029517
501.12231	0.000714068203025158	-0.000548232316960474
446.57214	0.000708701047501605	-0.00048987772621957
398.08899	0.000703977738445076	-0.000436923378948364
354.88681	0.00069914572461256	-0.000390894619516598
316.31589	0.000695268782948533	-0.000345540980154085
281.8942	0.000692297531444173	-0.000309850762022316
251.20601	0.000687907214993807	-0.000274233700389935
223.92496	0.00068640914762173	-0.000240514909791018
199.55338	0.000685164565147578	-0.000212383373709552
177.78128	0.000682411540757573	-0.000188313316426873
158.52898	0.000687108295036689	-0.000162976519588814
141.21979	0.000685577141001232	-0.000143349711913256
125.92673	0.000684612695814633	-0.000124061000947529
112.19009	0.000688876131743528	-0.000105635961767306
99.968163	0.000689096102002953	-8.8279512598553e-05
89.115646	0.000690737746985533	-7.60947243797639e-05
79.415741	0.000692265400421962	-6.28938813956777e-05
70.793182	0.000694408923834284	-4.9211629762427e-05
63.082279	0.000697656074150615	-4.21729982530409e-05
56.241825	0.000702187419760429	-3.36367526610384e-05
50.112232	0.000705037568142518	-2.30209422347004e-05
44.671223	0.000706395835738379	-1.73606206398932e-05
39.808899	0.000709776917211462	-1.19077187806112e-05
35.488308	0.000714606795872306	-6.21230072783782e-06
31.629578	0.000717671254270116	-1.95425786003527e-06
28.187037	0.000719658972905849	8.79430275626175e-07
25.120602	0.000720748279442889	1.82948297166232e-06
22.385418	0.000726009306791783	7.53523112765284e-06
19.955338	0.000728393664313563	8.27797116788031e-06
17.775894	0.000732295727077823	1.28773399880877e-05
15.846864	0.000734154068735229	1.0051771561763e-05
14.127493	0.000736205519429425	1.38430013265569e-05
12.587309	0.000739441701647887	1.43510139240896e-05
11.216775	0.000738123015009356	1.46424684807405e-05
9.9968166	0.000740490982000403	1.32709708157384e-05
8.9082127	0.000742751425179083	1.40034177574247e-05
7.9395623	0.000744929777205758	1.57721426639828e-05
7.0765615	0.000746346260739597	1.83899018815945e-05
6.3105822	0.000749446815114978	1.85063469072586e-05
5.6245475	0.000751617095076695	1.59565245348108e-05
5.0112233	0.000751191427666498	1.67376568027756e-05
4.4642835	0.000754424600534943	1.56003944481054e-05
3.9819033	0.000752259857740266	1.79462945496166e-05
3.5479143	0.000755158423658771	1.70555342382734e-05
3.1629577	0.000757190045901398	1.80100088125678e-05
2.818361	0.000759055624950464	1.67750251997874e-05
2.5112481	0.000758281866984462	1.82798076576479e-05
2.2398233	0.000760090258461363	1.76192921381638e-05
1.9950197	0.000759767103298252	1.72926682264186e-05
1.7775893	0.000762000660658694	1.53273298412896e-05
1.5846864	0.000763483418505793	1.98161523481848e-05
1.4122353	0.000762741154311885	1.77755677730488e-05
1.2582541	0.000766135092499041	2.02984480208128e-05
1.1224822	0.000765535919833957	1.98307996189693e-05
1.0000616	0.000769127161051314	2.06875567918019e-05
0.89082122	0.000770308844912096	2.05451197551447e-05
0.79444051	0.000770681313796468	2.07144140848157e-05
0.70784986	0.000771259139412034	2.18334485391648e-05
0.63126236	0.000773499080808119	2.13815251628841e-05
0.562536	0.000775265800648371	2.19746962406502e-05
0.50118715	0.000775233414778223	2.23588930237746e-05
0.44642836	0.000778535193824801	2.41474383996541e-05
0.39821118	0.000780623110563173	2.39439605445541e-05
0.35475865	0.000777792022212085	2.65732048653857e-05
0.31619295	0.000781744487116923	2.71623536117612e-05
0.2819173	0.000783222315572843	3.0076213138321e-05
0.25117323	0.000784733668289497	2.89015449948949e-05
0.22391155	0.000788892298296209	3.19794782787669e-05
0.19957349	0.000790746828341756	3.33140576811832e-05
0.17779917	0.000790471589206208	3.32316833844508e-05
0.15846863	0.0007934858906109	3.52608907833173e-05
0.14123619	0.000794706722145987	3.67454233718788e-05
0.12590662	0.000796312730760248	3.98668439774347e-05
0.1122199	0.000799264956344537	4.01533388744097e-05
0.10002181	0.000801287766359246	4.21257205824147e-05
