10002.226	0.00117390159946149	-0.00950800421384094
8914.9326	0.00113540201444287	-0.00851072489233687
7943.9951	0.0010970062784493	-0.00761732906977304
7081.583	0.00106110890419734	-0.00682124699738986
6307.7358	0.00103128430551255	-0.00610131215689105
5622.5879	0.000998385632578344	-0.00546162404659884
5011.603	0.00096879252543205	-0.00489135238988521
4466.4292	0.000944902226524043	-0.00437949112637605
3981.2773	0.000921705062069796	-0.00392243596483345
3548.8679	0.000899643581513295	-0.00351207676877284
3163.0398	0.000880525714764653	-0.00314549284222972
2819.0986	0.000862634858774743	-0.00281552373269134
2512.4104	0.000847708762242731	-0.00252323958698967
2239.2869	0.000832358669705392	-0.00225977938177714
1995.6381	0.0008201445545922	-0.00202498777368495
1778.2897	0.000805215253347364	-0.00181473097798883
1584.4927	0.000793624975203431	-0.00162457431538676
1412.7418	0.000783075327825388	-0.0014573284750615
1258.7905	0.000771506773549681	-0.00130600883669996
1121.7966	0.000764862074555008	-0.00117286857813397
999.68164	0.000754696152890098	-0.00105231969233418
891.42474	0.000746762325794791	-0.000942237330502131
794.23932	0.000739057027309312	-0.000847405030616776
707.96161	0.000730792366745101	-0.000760504319869989
631.00977	0.000725385991936113	-0.000682705745044108
562.33929	0.000717826884747082	-0.000611430171893406
501.12231	0.000711350954197509	-0.000547098278948669
446.57214	0.00070717871539007	-0.000487828688289534
398.08899	0.000702654059097791	-0.000437905153800456
354.88681	0.00069937495432254	-0.00039037153195804
316.31589	0.000695976324020273	-0.000348751692655613
281.8942	0.000691672111797601	-0.000308375599206144
251.20601	0.000688175345503122	-0.000273574222375753
223.92496	0.00068787842083676	-0.000241170291330825
199.55338	0.000684337228946924	-0.000213365279726321
177.78128	0.000684974272229796	-0.000185678484534936
158.52898	0.000684848709912041	-0.000162125561591024
141.21979	0.000685820340428419	-0.000142258381010733
125.92673	0.000683458311931379	-0.000121711604036234
112.19009	0.000686954548831574	-0.000105186231505433
99.968163	0.000688805343301809	-9.0429644213916e-05
89.115646	0.000692946331695833	-7.39275032909654e-05
79.415741	0.000692264383275886	-6.40655991372809e-05
70.793182	0.000694062606973541	-4.98350522882284e-05
63.082279	0.000698856053825546	-4.02430432778518e-05
56.241825	0.000705051982991757	-3.09529925525729e-05
50.112232	0.000704095356262984	-2.374414642459e-05
44.671223	0.000705412073738767	-1.61826907901289e-05
39.808899	0.000710790641021989	-1.26598687625665e-05
35.488308	0.000713020373002317	-6.65514302127142e-06
31.629578	0.000715426552043341	-2.56636095699189e-06
28.187037	0.000719198536038035	3.19634298166591e-07
25.120602	0.000721623470328592	2.57908023085224e-06
22.385418	0.000723864412218222	7.34820590818261e-06
19.955338	0.000728495580332691	8.17528947214553e-06
17.775894	0.000732169865362435	8.04169230611891e-06
15.846864	0.000733727767752596	1.0649955391839e-05
14.127493	0.000736326472682848	1.45456521419794e-05
12.587309	0.000737407031400704	1.07655635375101e-05
11.216775	0.000739145324960323	1.55139728761784e-05
9.9968166	0.00074188898400522	1.45260251688071e-05
8.9082127	0.000741057222153053	1.51708712188786e-05
7.9395623	0.00074487058201867	1.58927821280451e-05
7.0765615	0.000746044441615165	1.73745623889465e-05
6.3105822	0.00074824294882138	1.80374410365748e-05
5.6245475	0.00074934300543351	1.50223335697515e-05
5.0112233	0.000752699303775343	1.76922108908745e-05
4.4642835	0.000751349246637859	1.75044706047219e-05
3.9819033	0.000753795056137135	1.7466873241924e-05
3.5479143	0.000754978679252821	1.70630720352329e-05
3.1629577	0.000756189796876827	1.71244300399269e-05
2.818361	0.000755473805651318	1.79275692134056e-05
2.5112481	0.000759133333616019	1.70224491237039e-05
2.2398233	0.000759133959552583	1.78079197824076e-05
1.9950197	0.000759451050106842	1.52433840146978e-05
1.7775893	0.000761091432161141	1.74275348517406e-05
1.5846864	0.000763406771131359	1.706947442666e-05
1.4122353	0.000763470162358636	1.89000415724876e-05
1.2582541	0.000763782918648501	2.10984091122011e-05
1.1224822	0.000766429536687578	1.84253627475995e-05
1.0000616	0.00076894652029012	1.94836859497868e-05
0.89082122	0.000769572625264281	2.13880362493093e-05
0.79444051	0.000768844844217652	1.92620956408094e-05
0.70784986	0.000770763199642917	2.08613583763536e-05
0.63126236	0.000775206876207364	2.06602507282853e-05
0.562536	0.000775833487540809	2.50671539754578e-05
0.50118715	0.000775894792490678	2.47289715582041e-05
0.44642836	0.000778478070264244	2.24576954658618e-05
0.39821118	0.000777921665653651	2.66965958981909e-05
0.35475865	0.000779178706518787	2.83736215390298e-05
0.31619295	0.00078333956309111	2.7948395175009e-05
0.2819173	0.000783912839806357	2.9696849302092e-05
0.25117323	0.000784561912364522	3.09902670086419e-05
0.22391155	0.000787947620527638	3.18477291748427e-05
0.19957349	0.000789881918580572	3.1539491699325e-05
0.17779917	0.000790358906477621	3.32299285300611e-05
0.15846863	0.000792066682549097	3.33001725534621e-05
0.14123619	0.000797250350759073	3.68043726510003e-05
0.12590662	0.000798692620968108	3.75885346041357e-05
0.1122199	0.000798593563113593	4.08701878374663e-05
0.10002181	0.00080248723430043	4.07644572742601e-05
