10002.226	0.0011751300738231	-0.00950733937939837
8914.9326	0.00113456824841229	-0.00851085512090313
7943.9951	0.00109324768004857	-0.00761884836193848
7081.583	0.00106158427587847	-0.00681952966690462
6307.7358	0.00103063809299426	-0.00610298209100648
5622.5879	0.000997519886700666	-0.00546445511712472
5011.603	0.000970557690470817	-0.00489247179507565
4466.4292	0.000945460752514924	-0.00437955196856565
3981.2773	0.000921498019600542	-0.00392263362916303
3548.8679	0.0009002492253224	-0.0035122375817335
3163.0398	0.000880442772321574	-0.00314664803041995
2819.0986	0.000861424939152432	-0.00281635301088298
2512.4104	0.000845284144440527	-0.00252249632041957
2239.2869	0.000830797006826792	-0.00226008303090824
1995.6381	0.000820219367595012	-0.0020244079224163
1778.2897	0.000806116714998605	-0.00181307342087681
1584.4927	0.000794563404215214	-0.00162502135992813
1412.7418	0.000782535851939665	-0.00145910990805113
1258.7905	0.000772794931023673	-0.00130639781761875
1121.7966	0.000763205654168361	-0.00117567411880583
999.68164	0.000754389727426645	-0.00104948695942872
891.42474	0.000745887668877819	-0.000942500518306153
794.23932	0.000739678648702532	-0.000847406262229749
707.96161	0.000730979585641059	-0.000758795592610995
631.00977	0.000725131178598717	-0.000680658636193452
562.33929	0.000718047724023215	-0.000609895559579874
501.12231	0.000712959961830921	-0.000546804391787387
446.57214	0.000707805181619884	-0.00048848040983564
398.08899	0.000702607755033866	-0.000438053549460582
354.88681	0.000697235057987657	-0.000390902666475263
316.31589	0.000694796089819702	-0.000348403602960017
281.8942	0.00069232305205341	-0.000309844571622167
251.20601	0.000688242021987539	-0.000274366984244906
223.92496	0.000687529286437067	-0.000240906011994366
199.55338	0.000686267992332165	-0.000214637417979231
177.78128	0.000685285019703607	-0.000186815204928615
158.52898	0.000685795428462338	-0.000160291902542365
141.21979	0.000686996255479713	-0.000141805101599783
125.92673	0.000684343348762762	-0.000123424541679877
112.19009	0.000685890408297599	-0.000107721706184127
99.968163	0.000688523327115011	-8.91737845823203e-05
89.115646	0.000690463474797803	-7.59047802010862e-05
79.415741	0.000694364308774124	-6.50079501911062e-05
70.793182	0.000697098309534186	-5.06385654519111e-05
63.082279	0.000697694295176841	-3.87261796259429e-05
56.241825	0.000702213694407383	-3.21149403856346e-05
50.112232	0.000705199848076144	-2.22072129575883e-05
44.671223	0.000706292261671271	-1.76698623798524e-05
39.808899	0.000708865809936947	-1.30548376900623e-05
35.488308	0.000715438916368627	-9.10433189757354e-06
31.629578	0.000716192344224474	-2.63736014550007e-06
28.187037	0.000719778558089634	-2.45606763316231e-07
25.120602	0.000721937488859477	4.13285809907118e-06
22.385418	0.00072539999232215	6.80212636072429e-06
19.955338	0.000728178124551832	8.83743821770814e-06
17.775894	0.000731205324806275	1.06887356115549e-05
15.846864	0.00073437312013246	1.05366274902122e-05
14.127493	0.000734447289752197	1.36644265310567e-05
12.587309	0.000738576260452558	1.39197750258202e-05
11.216775	0.000739547083595255	1.30091032762022e-05
9.9968166	0.000740495107820571	1.23544953318228e-05
8.9082127	0.0007428067867144	1.54582153188352e-05
7.9395623	0.000745006078734128	1.45454881292533e-05
7.0765615	0.000749234459041954	1.82982145889657e-05
6.3105822	0.000749358737488611	1.60371467646382e-05
5.6245475	0.000750693084677825	1.73106499081291e-05
5.0112233	0.000752597390625618	1.79343599124366e-05
4.4642835	0.000753594548365503	1.58282708862406e-05
3.9819033	0.000753781739616122	1.80043627512936e-05
3.5479143	0.000755129489151666	1.65704453943291e-05
3.1629577	0.000756356142441226	1.65459246839563e-05
2.818361	0.000759335481210395	1.62154673835369e-05
2.5112481	0.000758989523867434	1.6037137733358e-05
2.2398233	0.000759449905201045	1.84906372377215e-05
1.9950197	0.000758279910059558	1.56750203944221e-05
1.7775893	0.000761646652892812	1.78743458114611e-05
1.5846864	0.000762848313646794	1.89181604634802e-05
1.4122353	0.000764116075296105	1.64376094845367e-05
1.2582541	0.000765255782966868	1.9336832707521e-05
1.1224822	0.000766300568522681	1.96784297824758e-05
1.0000616	0.000765988884929713	2.0591257443332e-05
0.89082122	0.000768135246967516	1.90753827091485e-05
0.79444051	0.000769996788698751	2.06625844288357e-05
0.70784986	0.000770615665740677	2.09581897843448e-05
0.63126236	0.000772708452886942	2.25627414870192e-05
0.562536	0.000773862425219936	2.16964440050584e-05
0.50118715	0.00077509063138152	2.29009206283505e-05
0.44642836	0.000779242267573177	2.30695414941112e-05
0.39821118	0.000777550294041336	2.66699444670198e-05
0.35475865	0.000780542669542595	2.7265042980035e-05
0.31619295	0.000781975108198089	2.7288772085601e-05
0.2819173	0.000782783601465253	2.78897204786489e-05
0.25117323	0.00078473212655874	2.91282869656294e-05
0.22391155	0.000787174901059211	3.07641722685374e-05
0.19957349	0.000789247109248708	3.18295562079318e-05
0.17779917	0.00079122128639199	3.3973683290412e-05
0.15846863	0.000790507030767683	3.49851502109019e-05
0.14123619	0.000794393416010927	3.72315860296129e-05
0.12590662	0.000797644486420944	3.88943220022985e-05
0.1122199	0.000799734548929355	4.04275180915555e-05
0.10002181	0.000800905567526667	4.21611019809008e-05
