10002.226	0.001174909904726	-0.00950683538904098
8914.9326	0.00113364178795758	-0.00851157283640245
7943.9951	0.00109636146470625	-0.00761785412163555
7081.583	0.001062096283893	-0.00681960300741219
6307.7358	0.00102879623705275	-0.0061015791085768
5622.5879	0.000997799462893015	-0.00546421136416232
5011.603	0.000969061013098502	-0.00489491046610625
4466.4292	0.000945018446090383	-0.00437932599578179
3981.2773	0.000921709679546578	-0.00392046193367281
3548.8679	0.000897395828568577	-0.00351162947864725
3163.0398	0.000881172037129432	-0.00314603014907851
2819.0986	0.000861728295937952	-0.00281525266113775
2512.4104	0.000847811168012286	-0.0025225628038771
2239.2869	0.000831764528460223	-0.00226162010103907
1995.6381	0.000818951285095327	-0.00202490853239478
1778.2897	0.000807300128544141	-0.0018162607434424
1584.4927	0.000793090396863146	-0.00162626586522691
1412.7418	0.000779985209234398	-0.00145830680394742
1258.7905	0.000772905296447535	-0.0013074629114094
1121.7966	0.000763998916822254	-0.00117173017485331
999.68164	0.000753671882055586	-0.00105062195980975
891.42474	0.000747683746303349	-0.000942559767698247
794.23932	0.000739681152990203	-0.00084641599935179
707.96161	0.000732779142318588	-0.000759735675951066
631.00977	0.000725787197125229	-0.000680917564759991
562.33929	0.000719836502338146	-0.000609525121584919
501.12231	0.000713989081252976	-0.000546666564547359
446.57214	0.000707892609028473	-0.000487589055013491
398.08899	0.000702094936904426	-0.000438444918711322
354.88681	0.000696966072849779	-0.000388580366342847
316.31589	0.000695967747324696	-0.000346993876373311
281.8942	0.00069055422961957	-0.000310392390436196
251.20601	0.000688928569854422	-0.000274601752937914
223.92496	0.000687223895457686	-0.000240826863418897
199.55338	0.000685105976996662	-0.000215211072793306
177.78128	0.000683951003895098	-0.000185597340074974
158.52898	0.000685728898520781	-0.000162300057449441
141.21979	0.000684274451659993	-0.000142790483018109
125.92673	0.000687681316158321	-0.000123158826470258
112.19009	0.000688805201529131	-0.000107025813024648
99.968163	0.000689819779031646	-8.89744450689021e-05
89.115646	0.000692060329139903	-7.69032065574184e-05
79.415741	0.000693538920188315	-6.40869139900189e-05
70.793182	0.000694794957278788	-4.87336848552908e-05
63.082279	0.000697088561414084	-4.12851929713925e-05
56.241825	0.000701194897577255	-3.28576053848893e-05
50.112232	0.000705081379291168	-2.25394013490671e-05
44.671223	0.000705887274970425	-1.83420564227521e-05
39.808899	0.000711885557691581	-1.24932990629387e-05
35.488308	0.000715076063943613	-8.23224435822582e-06
31.629578	0.000716097728887268	-3.30815535051557e-06
28.187037	0.000718889915092562	4.94130301334442e-07
25.120602	0.000721814951630119	4.10135980320278e-06
22.385418	0.000724817050872705	6.35110837486303e-06
19.955338	0.000728670847929126	7.81822535678806e-06
17.775894	0.000731270566970014	1.11617808212853e-05
15.846864	0.000732811235241985	9.87241771719016e-06
14.127493	0.000734533215151402	1.21133778604741e-05
12.587309	0.00073576374463923	1.42986122365918e-05
11.216775	0.000738759387241901	1.32635861911144e-05
9.9968166	0.000741243934962964	1.24584303144395e-05
8.9082127	0.000744653442022739	1.51437150213767e-05
7.9395623	0.000742811155955955	1.71665764727751e-05
7.0765615	0.000746196367518496	1.69127408930727e-05
6.3105822	0.000748877023275948	1.66751969341063e-05
5.6245475	0.000750754051974081	1.61854099578196e-05
5.0112233	0.000750622714928264	1.71777871556417e-05
4.4642835	0.000753257696222644	1.62418379773568e-05
3.9819033	0.000755358570072756	1.62418754302953e-05
3.5479143	0.000754870911910069	1.45957176371233e-05
3.1629577	0.000756700563423794	1.70398995714117e-05
2.818361	0.000757347312756252	1.59317676110679e-05
2.5112481	0.000759143979081227	1.52727393264253e-05
2.2398233	0.000757316419362982	1.539472318259e-05
1.9950197	0.000763022927907459	1.73143518901646e-05
1.7775893	0.000763012281708698	1.72778912705468e-05
1.5846864	0.000764495563837629	1.80781096356901e-05
1.4122353	0.000764352243551354	1.7910028434394e-05
1.2582541	0.000764015736400898	1.83053001433434e-05
1.1224822	0.000767770826754587	1.91749325518704e-05
1.0000616	0.000766760589346965	1.9314086324788e-05
0.89082122	0.000768794426757069	2.00793495621735e-05
0.79444051	0.000772246101574312	2.13519628388927e-05
0.70784986	0.000772103144419518	2.05185971398395e-05
0.63126236	0.000771178775960124	2.26727645137183e-05
0.562536	0.000775216289807237	2.16583378679293e-05
0.50118715	0.000774348565472568	2.16756581304494e-05
0.44642836	0.000778167354072186	2.29454299108819e-05
0.39821118	0.000776312308405362	2.60223222216466e-05
0.35475865	0.000780047762247708	2.59724609020274e-05
0.31619295	0.000780294366778925	2.6338218470764e-05
0.2819173	0.000783743988478687	2.86614550033094e-05
0.25117323	0.000784517245598145	2.90151251469683e-05
0.22391155	0.000789213711350397	3.11686701503678e-05
0.19957349	0.000787969746070409	3.25359571573121e-05
0.17779917	0.000789927554531495	3.16692563974472e-05
0.15846863	0.000793297143644989	3.54304432459716e-05
0.14123619	0.000795347200663442	3.71252867431978e-05
0.12590662	0.000796060932439084	3.78233178605863e-05
0.1122199	0.000800210676731622	3.94697851270369e-05
0.10002181	0.0008025388290713	4.27400287044054e-05
