10002.226	0.00117434955960159	-0.00950698999826715
8914.9326	0.00113290897439152	-0.00851025897694094
7943.9951	0.00109762171883109	-0.00761791710469141
7081.583	0.00106140228505691	-0.00682019888180136
6307.7358	0.0010306022095104	-0.00610211688771467
5622.5879	0.00100059150222571	-0.00546103082504443
5011.603	0.000969129167686544	-0.00489405275830346
4466.4292	0.000946038570611886	-0.00437980676935829
3981.2773	0.000921821142665722	-0.00391929993309424
3548.8679	0.00089710690909154	-0.00351267498120045
3163.0398	0.000881004636056351	-0.00314568869642373
2819.0986	0.000862356852078387	-0.00281411995889866
2512.4104	0.000846602552564976	-0.00252224637505218
2239.2869	0.000831428978616371	-0.00225747021493782
1995.6381	0.000816434968911638	-0.00202455639944257
1778.2897	0.000805237342075446	-0.00181207125328084
1584.4927	0.000794605802251725	-0.00162443674212465
1412.7418	0.000782834086028397	-0.00145777250824673
1258.7905	0.000771542960669844	-0.00130722951301989
1121.7966	0.000764349625022537	-0.00117229994179092
999.68164	0.000754524260271686	-0.00105117210839622
891.42474	0.000746837996842486	-0.000940691232797169
794.23932	0.000739114966340553	-0.000847399034332905
707.96161	0.000731956025768008	-0.000757932543702618
631.00977	0.000722785946517287	-0.00068104047860576
562.33929	0.000718446918839636	-0.000610521613208702
501.12231	0.000712531131556982	-0.000545383032609816
446.57214	0.00070979515081461	-0.00048872235606434
398.08899	0.000703575294701846	-0.000436608829079808
354.88681	0.000697802834636677	-0.0003889868750662
316.31589	0.000696095526925871	-0.000346637168821328
281.8942	0.000691654480332269	-0.000309689305716856
251.20601	0.000686549281711992	-0.000276448499425009
223.92496	0.000687013552647251	-0.000243562681703115
199.55338	0.00068688710566506	-0.000216674441839701
177.78128	0.000685003221754264	-0.000185926374362424
158.52898	0.000685161334895092	-0.000163511460779908
141.21979	0.000684127423766968	-0.000141299066121184
125.92673	0.000685301645796271	-0.000121670479684919
112.19009	0.000686821378411396	-0.000107806262112319
99.968163	0.000688865367930982	-8.68555524416623e-05
89.115646	0.000691034771869878	-7.60981919634492e-05
79.415741	0.000692861655835364	-6.14916947844728e-05
70.793182	0.0006942540963165	-5.078899158954e-05
63.082279	0.000697704842813566	-4.16465232507435e-05
56.241825	0.000703746129993769	-3.14898872090758e-05
50.112232	0.000704441623004831	-2.20308986184835e-05
44.671223	0.000707154979065548	-1.89204318719208e-05
39.808899	0.00071031076111388	-1.34306481639557e-05
35.488308	0.000713749157008918	-8.4800469543865e-06
31.629578	0.0007146621001661	-2.07796427122555e-06
28.187037	0.000720249152624637	2.32437986789272e-07
25.120602	0.000719086822896358	2.35653898050869e-06
22.385418	0.000726647477342921	3.74124476831255e-06
19.955338	0.000728354212139982	9.02528610274655e-06
17.775894	0.000730479779670656	1.04700125621026e-05
15.846864	0.000734535673447688	1.0191744608645e-05
14.127493	0.000737903013045778	1.48533530421727e-05
12.587309	0.000737586332207489	1.40284403181627e-05
11.216775	0.000739712577354128	1.32172917995706e-05
9.9968166	0.000742842272338024	1.34024783980109e-05
8.9082127	0.000742567601506297	1.65478329704608e-05
7.9395623	0.000745549366620852	1.6781538479165e-05
7.0765615	0.000746381335044651	1.62419625660331e-05
6.3105822	0.000749186274739243	1.70000389870379e-05
5.6245475	0.000749010207673935	1.69322688094654e-05
5.0112233	0.000753593480899659	1.74371150079513e-05
4.4642835	0.000752163419457325	1.76717342566976e-05
3.9819033	0.000754498399854688	1.68326207144494e-05
3.5479143	0.000754844135150682	1.64321086326757e-05
3.1629577	0.000755958331029489	1.6059648133924e-05
2.818361	0.000760120126220241	1.84287312121872e-05
2.5112481	0.000758180263608408	1.51283400303609e-05
2.2398233	0.00075885842184537	1.62617282502611e-05
1.9950197	0.000760500164291082	1.73384124137052e-05
1.7775893	0.000761136039413486	1.78156705401286e-05
1.5846864	0.000763275914419217	1.7279764374503e-05
1.4122353	0.000762715384880687	1.82497200157328e-05
1.2582541	0.000762932710580301	1.96917520330605e-05
1.1224822	0.000767514029172438	1.78634666731141e-05
1.0000616	0.000766049031874832	2.06480937664999e-05
0.89082122	0.000769077928889032	2.17456709347862e-05
0.79444051	0.000769666339696827	2.03192429018267e-05
0.70784986	0.000771164077775605	2.31298305445505e-05
0.63126236	0.00077416218471235	2.13563267381935e-05
0.562536	0.000772963710879003	2.19181105599792e-05
0.50118715	0.00077541344210841	2.44083241308021e-05
0.44642836	0.000778472379747746	2.40417767738043e-05
0.39821118	0.000779908411181349	2.46748926194822e-05
0.35475865	0.000778806840859831	2.53337862814206e-05
0.31619295	0.000782305237678239	2.75372016558106e-05
0.2819173	0.000784046725510394	2.70610642073265e-05
0.25117323	0.000783133534834344	2.9756855049885e-05
0.22391155	0.000787256776360624	3.04666113400936e-05
0.19957349	0.000788925245054162	3.08367719737635e-05
0.17779917	0.000791325912032784	3.4701188056417e-05
0.15846863	0.000792362570713423	3.50568585930824e-05
0.14123619	0.000795289619275468	3.74373856961893e-05
0.12590662	0.000796482183527001	3.88831161463204e-05
0.1122199	0.000798086111733015	4.08019666516769e-05
0.10002181	0.000801872599334319	4.31331510377296e-05
