10002.226	0.00117402926012402	-0.00951102580525506
8914.9326	0.00113564037024181	-0.00851045861571874
7943.9951	0.00109533229426095	-0.00761915520165036
7081.583	0.0010604629583223	-0.00682093011925433
6307.7358	0.0010308260955374	-0.00610468990271836
5622.5879	0.000998459315606701	-0.00546354539152528
5011.603	0.000970834535300298	-0.00489185599097845
4466.4292	0.00094649730057073	-0.00437831689993602
3981.2773	0.000921223539847782	-0.00392162861752855
3548.8679	0.000900725751961723	-0.00350878940015132
3163.0398	0.000880838151573885	-0.00314403761893834
2819.0986	0.000863097700374941	-0.00281694289680278
2512.4104	0.000847665897039747	-0.00252287733770483
2239.2869	0.000830821545597328	-0.00225991138061292
1995.6381	0.000818593895810034	-0.00202488149193627
1778.2897	0.000805881595985115	-0.00181399822432366
1584.4927	0.000793161189523872	-0.00162421101105143
1412.7418	0.000779814558480309	-0.00145884541758664
1258.7905	0.000772679600594173	-0.00130604998042104
1121.7966	0.000763626449302846	-0.00117203624299279
999.68164	0.000755022984137979	-0.00105074728588909
891.42474	0.000747054712698842	-0.000942547684628703
794.23932	0.000740173146839185	-0.0008477223023716
707.96161	0.00073047200902032	-0.000758527519073184
631.00977	0.000724566697731313	-0.00068045185260379
562.33929	0.000718753669094877	-0.00061004714556593
501.12231	0.000711629681585091	-0.000545662501046677
446.57214	0.000708668631308401	-0.000487963416262631
398.08899	0.000702944224277834	-0.000435061598194801
354.88681	0.000699620394746125	-0.000389597502542999
316.31589	0.00069579682446606	-0.000346561828019692
281.8942	0.000692614102800896	-0.000310632510609443
251.20601	0.000687329296305918	-0.000273339745720517
223.92496	0.000685597599344955	-0.000240413197635858
199.55338	0.000685729782857207	-0.000215784106057905
177.78128	0.000685205926862646	-0.000186882521008481
158.52898	0.000684745118791759	-0.000162196370422033
141.21979	0.000684389845264641	-0.000143135518275278
125.92673	0.000685246929444982	-0.000122292524057435
112.19009	0.000687258114138421	-0.000105973744910396
99.968163	0.000686929567982436	-8.71918932855779e-05
89.115646	0.000690801386464657	-7.48544289908321e-05
79.415741	0.000692023742034042	-6.29090180655651e-05
70.793182	0.000695670810584319	-5.0002882436609e-05
63.082279	0.000697490129661551	-4.29805591933972e-05
56.241825	0.000702980348380325	-3.10085661213395e-05
50.112232	0.000703518843282382	-2.30364606315553e-05
44.671223	0.000707244174753203	-1.66605629769955e-05
39.808899	0.000711788899947017	-1.25365277832458e-05
35.488308	0.000713952784206283	-9.42658812597537e-06
31.629578	0.000717342427201745	-3.45758062306572e-06
28.187037	0.00071825771518718	1.53639716742013e-06
25.120602	0.000720051179875152	3.13002664745401e-06
22.385418	0.000725522197609204	8.17278978141885e-06
19.955338	0.000726637011536063	8.59307953781587e-06
17.775894	0.000731394806209131	1.30695893935025e-05
15.846864	0.000732216176841886	1.16777097364854e-05
14.127493	0.000736114703832084	1.36577991501915e-05
12.587309	0.000736354186906041	1.23543182355895e-05
11.216775	0.000739408037473631	1.54058008146228e-05
9.9968166	0.000741492152892947	1.45706484166804e-05
8.9082127	0.00074132721797595	1.54225308842382e-05
7.9395623	0.000743715459789717	1.66777504029428e-05
7.0765615	0.000746477838939906	1.60674225282332e-05
6.3105822	0.000748199137039218	1.68278866731987e-05
5.6245475	0.000749853084685059	1.50315105085342e-05
5.0112233	0.000752563028375999	1.79989485657074e-05
4.4642835	0.000753608239940086	1.68707080861832e-05
3.9819033	0.000752653782161805	1.71955755962917e-05
3.5479143	0.000755015014377787	1.69317200059889e-05
3.1629577	0.000754995451023082	1.88574015216058e-05
2.818361	0.000757464738070897	1.80152018430811e-05
2.5112481	0.000756528564738553	1.75682380876081e-05
2.2398233	0.000760426861728672	1.58504946696321e-05
1.9950197	0.000759866997553284	1.84906426792462e-05
1.7775893	0.000761700383465979	1.82795731709107e-05
1.5846864	0.000763207151238539	1.88394083734171e-05
1.4122353	0.000764907164280011	1.92095140602573e-05
1.2582541	0.000766013075841535	2.05139423116279e-05
1.1224822	0.000766404992265671	1.99081100813192e-05
1.0000616	0.000766747093695347	1.9327933857525e-05
0.89082122	0.000767790005505308	2.067658799116e-05
0.79444051	0.000772228263978095	1.96839748671645e-05
0.70784986	0.000770582392972422	2.21829877884845e-05
0.63126236	0.000773516180836168	2.21162020629174e-05
0.562536	0.000774680176255185	2.32431766931186e-05
0.50118715	0.000774820986702979	2.50040967897569e-05
0.44642836	0.00077717071831545	2.16846130960333e-05
0.39821118	0.000779722676578578	2.52614408464188e-05
0.35475865	0.000781050346460746	2.70685974939591e-05
0.31619295	0.000782591878841513	2.84180973715996e-05
0.2819173	0.000781922110669787	2.63229649609325e-05
0.25117323	0.000783462946088838	2.9288503710372e-05
0.22391155	0.000788687731766508	3.07847108749982e-05
0.19957349	0.000789496670632157	3.31846053492004e-05
0.17779917	0.000791255522272716	3.17126862277965e-05
0.15846863	0.000794431155148977	3.58918888516199e-05
0.14123619	0.000794863654290388	3.62804718751076e-05
0.12590662	0.000796898290697882	3.83517219542026e-05
0.1122199	0.000800595130398734	4.20176718536862e-05
0.10002181	0.000802538894655713	4.12119874569767e-05
