10002.226	0.00117131012558225	-0.00950747935757832
8914.9326	0.00113343201448675	-0.00851334124225381
7943.9951	0.00109794941643466	-0.00761855495608839
7081.583	0.00106148876775803	-0.00682112577257968
6307.7358	0.00103050491237054	-0.00610276857891723
5622.5879	0.000997002798427953	-0.00546367678103082
5011.603	0.000971677304449487	-0.00489345441370016
4466.4292	0.000946404588338508	-0.00438062484504601
3981.2773	0.000921810785880609	-0.00391975070725303
3548.8679	0.00089914172954296	-0.00351252432620168
3163.0398	0.000880120273671301	-0.00314600665834273
2819.0986	0.00086152136203919	-0.00281607429983566
2512.4104	0.000847092413540943	-0.00252244961875657
2239.2869	0.000831887817477174	-0.00226280771462557
1995.6381	0.000818592945150256	-0.00202545582020484
1778.2897	0.000807132743509408	-0.00181449990350252
1584.4927	0.00079492975367908	-0.0016262738420984
1412.7418	0.000782344235395901	-0.00145804837359314
1258.7905	0.000770707629854127	-0.00130862239518682
1121.7966	0.000764039733429419	-0.00117326309975331
999.68164	0.000755551131661432	-0.00105029147665793
891.42474	0.000746197241782397	-0.000943850459201856
794.23932	0.000739619407231048	-0.000847574223802251
707.96161	0.000731776646567956	-0.000756986086700226
631.00977	0.000725585614338804	-0.00068144857404738
562.33929	0.000718729928079953	-0.000610576060847763
501.12231	0.000714151308866642	-0.00054529151720837
446.57214	0.000708305895130036	-0.000487228083388857
398.08899	0.00070095863186512	-0.000438306746122974
354.88681	0.000697953287457923	-0.000390762509104101
316.31589	0.000694562934986782	-0.000346482077819808
281.8942	0.000691164532784423	-0.00031079818768642
251.20601	0.000689400581504239	-0.000274159081207957
223.92496	0.000688526597285944	-0.000241228953598546
199.55338	0.000687878758849613	-0.000214614134749168
177.78128	0.000686155884476185	-0.000188373433344075
158.52898	0.000685365239646213	-0.000163027810760556
141.21979	0.000684572167523364	-0.000143113209343269
125.92673	0.000684543158397543	-0.000123367538329306
112.19009	0.000687992082791793	-0.000106453353211796
99.968163	0.00068991254530967	-8.75561159965968e-05
89.115646	0.000691016300894146	-7.62406067049146e-05
79.415741	0.000693552653232681	-6.40534732311453e-05
70.793182	0.000694968540973337	-4.90448444202707e-05
63.082279	0.000696730794295947	-4.18756845608481e-05
56.241825	0.000701772385723387	-3.15664009193589e-05
50.112232	0.000704035267718006	-2.36774866323519e-05
44.671223	0.00070631331000959	-1.90510430456903e-05
39.808899	0.000709736813766089	-1.20632424810191e-05
35.488308	0.000713191006405485	-8.96008470705449e-06
31.629578	0.000716727747133024	-2.58696333065156e-06
28.187037	0.000719394155034039	-1.87231440034014e-06
25.120602	0.000721452946428394	5.24759141652985e-06
22.385418	0.000724767413196006	8.5201452619831e-06
19.955338	0.000728188341936249	8.79087566290809e-06
17.775894	0.000731156412766724	1.43508740862337e-05
15.846864	0.000733740842960743	1.12156713519421e-05
14.127493	0.000734337645071442	1.24195360769972e-05
12.587309	0.00073760684189669	1.19457431951984e-05
11.216775	0.000738398398408897	1.50912979195256e-05
9.9968166	0.000741252612273513	1.27672709873666e-05
8.9082127	0.000743547282505962	1.50165888687178e-05
7.9395623	0.000743174018514827	1.85169464857363e-05
7.0765615	0.000747507914602018	1.72734165194734e-05
6.3105822	0.000749664554226721	1.70820262848385e-05
5.6245475	0.000748244262187797	1.4745552712218e-05
5.0112233	0.000752343368021986	1.83987233477427e-05
4.4642835	0.000753313346839216	1.73834809780905e-05
3.9819033	0.000752608934334691	1.75017754852082e-05
3.5479143	0.000755544427188492	1.73175757832026e-05
3.1629577	0.000757140960515078	1.85444289736856e-05
2.818361	0.000759256912020411	1.74771803606693e-05
2.5112481	0.000756737824899808	1.54394962699123e-05
2.2398233	0.000759966730149127	1.77646089689435e-05
1.9950197	0.000759179052490142	1.62514239322528e-05
1.7775893	0.000760985702641156	1.71232246235099e-05
1.5846864	0.000763958089018896	1.96101062582304e-05
1.4122353	0.000762934840600684	1.7358350262346e-05
1.2582541	0.000765758532647781	1.7531785357217e-05
1.1224822	0.000766058753716699	1.92917535426411e-05
1.0000616	0.000769160405492871	1.83651151967022e-05
0.89082122	0.000767088496721891	1.98533311935098e-05
0.79444051	0.00077015725636529	1.96261178122828e-05
0.70784986	0.000770686782223852	2.07339557384429e-05
0.63126236	0.000772499210475683	1.98631109307388e-05
0.562536	0.000773258260513276	2.30664839900329e-05
0.50118715	0.000775180776723539	2.36434471024528e-05
0.44642836	0.00077817340405371	2.49013047222596e-05
0.39821118	0.000778812093196943	2.49470418232625e-05
0.35475865	0.00077763083544755	2.6793353931235e-05
0.31619295	0.000781002743227045	2.73068145242569e-05
0.2819173	0.000782813718143559	2.85935667342222e-05
0.25117323	0.000783928958009778	2.96759700724847e-05
0.22391155	0.000787686789252981	2.9757150176503e-05
0.19957349	0.000788718717087496	3.29923275624704e-05
0.17779917	0.000789984052965354	3.40732999149114e-05
0.15846863	0.00079146720843898	3.4683500932735e-05
0.14123619	0.000794975174913833	3.86973521359436e-05
0.12590662	0.000796517029601561	3.95622037984239e-05
0.1122199	0.00079909814490373	4.08730368898021e-05
0.10002181	0.000802538674722137	4.19427763469158e-05
