10002.226	0.00118735709894074	-0.00962047686507375
8914.9326	0.00114583577646448	-0.00861094849164552
7943.9951	0.00110808491805745	-0.00770880558623505
7081.583	0.00107350937092468	-0.00690185289980249
6307.7358	0.00104301658189363	-0.00617515199378062
5622.5879	0.00100991374906834	-0.00552847521316232
5011.603	0.000982991307551808	-0.00495029967562599
4466.4292	0.000958133258054079	-0.00443078570184925
3981.2773	0.000933951894842631	-0.0039688269935064
3548.8679	0.000908720368611046	-0.00355461014048326
3163.0398	0.000894568379614657	-0.00318364579453577
2819.0986	0.000875363543789915	-0.00284864474966507
2512.4104	0.000857521185519303	-0.00255121927058518
2239.2869	0.000843040466490476	-0.00228794440831024
1995.6381	0.000831600476106579	-0.00204907683112203
1778.2897	0.000818235221166061	-0.00183630557951284
1584.4927	0.000805197913972429	-0.00164552759800842
1412.7418	0.000792977711976232	-0.00147508035206298
1258.7905	0.000786375039310651	-0.00132054949595394
1121.7966	0.000775791856205807	-0.00118916443209535
999.68164	0.000766313926692035	-0.00106344073922686
891.42474	0.000759472324959593	-0.000953714438190253
794.23932	0.000753036890460233	-0.000856102638857953
707.96161	0.000744889209223682	-0.000767218064034555
631.00977	0.000737196813721308	-0.000690976568533859
562.33929	0.000731230518065481	-0.000616697557692814
501.12231	0.000727375432462806	-0.000551427370870745
446.57214	0.000719030931431048	-0.000493567321278184
398.08899	0.000715966226149443	-0.000443672484080791
354.88681	0.000710196944421201	-0.000395283056273547
316.31589	0.000708456468299642	-0.000349397302504931
281.8942	0.000702030180461499	-0.000313448016989795
251.20601	0.000699315465081616	-0.000276478994883911
223.92496	0.00069935514932484	-0.000245631768744585
199.55338	0.000700331168213461	-0.000216913978395286
177.78128	0.000698239560244075	-0.000190483670153228
158.52898	0.000698333684316162	-0.000164095435746734
141.21979	0.000696697259903315	-0.000144623244212419
125.92673	0.000697899864158017	-0.000125401734901107
112.19009	0.000698655538544283	-0.000104762139296216
99.968163	0.000701277339052891	-8.93357406158266e-05
89.115646	0.000705076202723655	-7.67267157032937e-05
79.415741	0.000704363510372679	-6.26703117602259e-05
70.793182	0.000706913893768509	-5.07173928080648e-05
63.082279	0.000710423296267272	-4.06702491792994e-05
56.241825	0.000714950454992884	-3.1327925064916e-05
50.112232	0.000714477673894837	-2.48489558415991e-05
44.671223	0.000719115208791685	-1.63268809507585e-05
39.808899	0.000721582654539079	-1.29870587065165e-05
35.488308	0.000727091865395215	-7.71487911107385e-06
31.629578	0.000729273978425192	-3.27397150000768e-06
28.187037	0.000731300638653582	5.14718615985085e-07
25.120602	0.000732956571289124	3.0463804507917e-06
22.385418	0.000739677111838403	8.69974914982867e-06
19.955338	0.000739914683275563	7.68499087980041e-06
17.775894	0.000742840526163458	1.26800574083753e-05
15.846864	0.000745150556428521	1.06476208400752e-05
14.127493	0.000747710225455043	1.42693671846054e-05
12.587309	0.000749126744611411	1.45999905293432e-05
11.216775	0.00075020697166775	1.49631387212985e-05
9.9968166	0.000755404829769519	1.49341262053073e-05
8.9082127	0.000753103928414211	1.54455588456617e-05
7.9395623	0.000755918791080627	1.62093756902578e-05
7.0765615	0.000759731246009298	1.86552506828793e-05
6.3105822	0.000760791626808131	1.77433826907706e-05
5.6245475	0.000761741568643516	1.55996329008662e-05
5.0112233	0.00076412501148923	1.71666391804998e-05
4.4642835	0.000766342575465716	1.54663822591498e-05
3.9819033	0.000766965838539943	1.66882059006138e-05
3.5479143	0.000769095818593949	1.54625797120267e-05
3.1629577	0.000768091552176579	1.86431746796642e-05
2.818361	0.000770256447798167	1.70912930878014e-05
2.5112481	0.000769290568378545	1.71621077882196e-05
2.2398233	0.000770808583705042	1.63524763263441e-05
1.9950197	0.000772953229261014	1.73753884243719e-05
1.7775893	0.000773480944666071	1.72834212016836e-05
1.5846864	0.000775875157686226	1.72995919961945e-05
1.4122353	0.000775231470479566	1.84891204386576e-05
1.2582541	0.000776062664615006	1.95651608504864e-05
1.1224822	0.00077839208897414	2.08519238975861e-05
1.0000616	0.000779598958129127	2.01871855846912e-05
0.89082122	0.000780221933478643	1.98546282849981e-05
0.79444051	0.000781653948643418	1.87796220137852e-05
0.70784986	0.000783760940467257	2.05816076125634e-05
0.63126236	0.000784857661739075	2.1862793802447e-05
0.562536	0.000788381139640306	2.48433389690045e-05
0.50118715	0.000787973933174858	2.26127964190871e-05
0.44642836	0.000788506634174256	2.48917651647465e-05
0.39821118	0.000791172392146308	2.41239977094123e-05
0.35475865	0.00079354244463558	2.8565694476036e-05
0.31619295	0.000794858308990939	2.61343055161019e-05
0.2819173	0.00079551118541948	2.94830729920497e-05
0.25117323	0.000795732231818681	3.06953620688456e-05
0.22391155	0.000798579949892963	3.15387273389272e-05
0.19957349	0.00080195411702967	3.20623034068944e-05
0.17779917	0.000801540578193939	3.39479676625444e-05
0.15846863	0.000805825368431119	3.57038189205524e-05
0.14123619	0.000807415274403801	3.72301835534265e-05
0.12590662	0.000810370417744486	3.99766431715634e-05
0.1122199	0.000810386445757425	4.17884457798048e-05
0.10002181	0.000814542783169737	4.47684106783552e-05
