10002.226	0.00118592941664139	-0.00962185905736343
8914.9326	0.00114641935184001	-0.00860972323368523
7943.9951	0.0011096546544191	-0.0077098826205904
7081.583	0.0010729288603304	-0.00690111135610654
6307.7358	0.00104226271713361	-0.00617450477412138
5622.5879	0.00100901239290679	-0.00552820846474456
5011.603	0.000982801717761916	-0.00495067597212955
4466.4292	0.000956361048853664	-0.00443254351348095
3981.2773	0.000934464040301148	-0.00396798308321275
3548.8679	0.000911384644709486	-0.00355519715402041
3163.0398	0.000892066906000777	-0.00318200547739809
2819.0986	0.000875411629685919	-0.00284780844023876
2512.4104	0.000858194604733268	-0.00255251555393994
2239.2869	0.000844899248242477	-0.00228701471708528
1995.6381	0.000831173041117613	-0.00204845447001043
1778.2897	0.000818327950738548	-0.00183510396427558
1584.4927	0.000806769868424532	-0.00164318156565154
1412.7418	0.000796361263154779	-0.00147526805986059
1258.7905	0.000785853980397428	-0.00132217894788534
1121.7966	0.000775576344369897	-0.00118590128514661
999.68164	0.000765630677582543	-0.00106406957660801
891.42474	0.000758816843479558	-0.000954987316505122
794.23932	0.000752273630100031	-0.000856266199263627
707.96161	0.000742407907135815	-0.000769248997515737
631.00977	0.000736817460296331	-0.000690249972166323
562.33929	0.000731632078416286	-0.000615924904794298
501.12231	0.000724246764095622	-0.000554142054019841
446.57214	0.000719799080191954	-0.000493076180928985
398.08899	0.00071475077980366	-0.000441232811212042
354.88681	0.000710366079523619	-0.000394457607191559
316.31589	0.000707305903442009	-0.000351613086266461
281.8942	0.000703170817452996	-0.000313510201465721
251.20601	0.000699372679982378	-0.000276692603455285
223.92496	0.000700573055214164	-0.000244837774047582
199.55338	0.000699884430144735	-0.000217852827861499
177.78128	0.000696434444295045	-0.000188741889322577
158.52898	0.000697910444689774	-0.000163714944367451
141.21979	0.000696823693757661	-0.000145913439407073
125.92673	0.000697250873407077	-0.000124117246081032
112.19009	0.000698923533023644	-0.000106765964712145
99.968163	0.000700875196968844	-8.94320841508862e-05
89.115646	0.000702195664928798	-7.69889882712219e-05
79.415741	0.00070552485276718	-6.40069222743239e-05
70.793182	0.000707741586776631	-5.18014571584252e-05
63.082279	0.000708775376314297	-4.16102964105224e-05
56.241825	0.000714195810312542	-3.18094168400491e-05
50.112232	0.000716381295781159	-2.28103737950841e-05
44.671223	0.000716930344895819	-1.81353249415985e-05
39.808899	0.000723820333120628	-1.2992390657022e-05
35.488308	0.000726419728312193	-7.95046759628408e-06
31.629578	0.00072876671838889	-1.01376430414098e-06
28.187037	0.000730912319655132	-3.08910864682487e-07
25.120602	0.00073478806834128	3.87867441333842e-06
22.385418	0.000737018209998563	4.62843771701914e-06
19.955338	0.000739620981556282	8.94456024649327e-06
17.775894	0.000744730801527487	1.1618657121342e-05
15.846864	0.000746967104232012	1.25704650605181e-05
14.127493	0.000747438107766854	1.42898832906488e-05
12.587309	0.00074853776894801	1.32139672058162e-05
11.216775	0.000750826309357166	1.37525530149089e-05
9.9968166	0.000754186399485561	1.49795474153426e-05
8.9082127	0.000755863764546272	1.37720368211122e-05
7.9395623	0.000754980637908573	1.59815996405356e-05
7.0765615	0.000759134288898945	1.75224796759053e-05
6.3105822	0.000760800709370182	1.68122532093665e-05
5.6245475	0.000762375726976778	1.5232535301624e-05
5.0112233	0.000764172490919478	1.81983365820631e-05
4.4642835	0.000766199703750184	1.47219285301864e-05
3.9819033	0.000767783633184127	1.69673942650803e-05
3.5479143	0.000767949660848397	1.88316753450758e-05
3.1629577	0.000770632244524646	1.83775534121901e-05
2.818361	0.000769092021854722	1.79791671299937e-05
2.5112481	0.000769743201689514	1.69118221497457e-05
2.2398233	0.000770660902187498	1.69172835095371e-05
1.9950197	0.000773402847120991	1.70712899577686e-05
1.7775893	0.000775785835723553	1.81342470862078e-05
1.5846864	0.000775732005787124	1.73174376341175e-05
1.4122353	0.000775964209262989	1.85813468476611e-05
1.2582541	0.000776173701872281	1.87506648900463e-05
1.1224822	0.000779016376924295	1.84861165212708e-05
1.0000616	0.00078081975830481	2.00244112941108e-05
0.89082122	0.000781392980903557	2.11097277345683e-05
0.79444051	0.000782775650030231	2.10993397747538e-05
0.70784986	0.000784486214989348	2.18649228642496e-05
0.63126236	0.000785080401272087	2.24639523217715e-05
0.562536	0.000787015978339307	2.34164574092289e-05
0.50118715	0.000786207787034953	2.37788689086044e-05
0.44642836	0.000788499699479909	2.421080503703e-05
0.39821118	0.000789762432108099	2.65488745021619e-05
0.35475865	0.000793112125999157	2.73171680293959e-05
0.31619295	0.000794531251775785	2.73728862747989e-05
0.2819173	0.000795116089686193	2.88426948028609e-05
0.25117323	0.000797313868543843	2.85494810722173e-05
0.22391155	0.000799383137601744	3.21010284362602e-05
0.19957349	0.000803090634087627	3.18753683022074e-05
0.17779917	0.000802910614098792	3.41575464502345e-05
0.15846863	0.000805135299841402	3.51181722287996e-05
0.14123619	0.000808198283575227	3.74042893154529e-05
0.12590662	0.000809010420475743	3.78891074674256e-05
0.1122199	0.000812420412628726	3.8458420630757e-05
0.10002181	0.000813816139725591	4.29986414197799e-05
