10002.226	0.00118721041008829	-0.00962093657453085
8914.9326	0.00114656455420403	-0.00861227200695456
7943.9951	0.00110901495712657	-0.00770891825920831
7081.583	0.00107315010009445	-0.00689980278957201
6307.7358	0.00104126865334678	-0.00617420895429305
5622.5879	0.00101027527100939	-0.00552973726577924
5011.603	0.000980996278879645	-0.00494958091416446
4466.4292	0.000958471497617657	-0.00443051866089648
3981.2773	0.000932822646865529	-0.00396739238050902
3548.8679	0.000910623527615328	-0.00355222434745482
3163.0398	0.000892279699125714	-0.00318371243776592
2819.0986	0.000875576287893992	-0.00284874698341721
2512.4104	0.000859679177831066	-0.0025532042162116
2239.2869	0.000844059895661724	-0.00228677831987968
1995.6381	0.000830440622862525	-0.00204735559731644
1778.2897	0.000819169496594476	-0.00183513527295756
1584.4927	0.000805152035383618	-0.00164445608048758
1412.7418	0.000792584014984993	-0.00147391457487542
1258.7905	0.000785985340196708	-0.00132164388599121
1121.7966	0.000776323808856426	-0.00118596617007615
999.68164	0.000768831869125907	-0.00106310246448983
891.42474	0.000757598522348152	-0.000955334471018774
794.23932	0.000753236000672203	-0.000857800412771158
707.96161	0.000745487501541455	-0.000766436515946242
631.00977	0.000738341060925754	-0.000691388006082194
562.33929	0.000730936853695805	-0.000617011767779324
501.12231	0.000724778295567995	-0.000553791353057841
446.57214	0.00071918459482114	-0.000494081558937756
398.08899	0.000715663191790838	-0.000442793539100558
354.88681	0.000710313549597323	-0.000395839202928298
316.31589	0.000708597676081287	-0.000349953977062279
281.8942	0.000704902709608317	-0.000312069287732965
251.20601	0.000699050061281362	-0.000276627296793429
223.92496	0.000698508151004157	-0.000247125085240438
199.55338	0.00069792222934315	-0.000217544722948646
177.78128	0.000697367183388668	-0.000186315074126057
158.52898	0.000698894354301682	-0.00016545502731546
141.21979	0.000697569559126034	-0.000144073245504541
125.92673	0.000698861634017134	-0.000123326812001575
112.19009	0.000700239896658763	-0.000108619939066356
99.968163	0.000701397031852934	-9.07284120755841e-05
89.115646	0.000704088304971351	-7.79066616543751e-05
79.415741	0.000706177337870465	-6.28070317729749e-05
70.793182	0.000706921871494621	-5.28687394174104e-05
63.082279	0.000709434674441388	-4.17729704847735e-05
56.241825	0.000716257608362476	-3.10756383582209e-05
50.112232	0.000715110967831239	-2.30390430680266e-05
44.671223	0.000719168842934274	-1.78912669872207e-05
39.808899	0.000721926804006987	-1.19437772531974e-05
35.488308	0.000724728709989563	-7.63311328656109e-06
31.629578	0.000730356993437642	-1.91152963633728e-06
28.187037	0.00073212412396421	2.19636906767405e-06
25.120602	0.000732425777251517	4.36267724974267e-06
22.385418	0.00073747776264276	8.45547538528128e-06
19.955338	0.000740663805911669	9.44596751603016e-06
17.775894	0.000743477967425942	1.21654012275834e-05
15.846864	0.000745812946643614	1.13557657894059e-05
14.127493	0.000747823647740818	1.3339908720099e-05
12.587309	0.000750699699379039	1.40959963145812e-05
11.216775	0.000751398833840395	1.52305744584282e-05
9.9968166	0.000753810739123668	1.44054524871709e-05
8.9082127	0.000753740437288753	1.62013809473178e-05
7.9395623	0.000756186705152662	1.58648230073939e-05
7.0765615	0.000759289393122107	1.76001477910656e-05
6.3105822	0.000760985431014051	1.55687335314894e-05
5.6245475	0.000763619428719503	1.5725699490145e-05
5.0112233	0.000763147300368519	1.58047514914162e-05
4.4642835	0.000764324534607593	1.69999081339103e-05
3.9819033	0.000766271134057152	1.75332824145709e-05
3.5479143	0.000768443460141315	1.80323074716577e-05
3.1629577	0.00076858254203319	1.7278441008042e-05
2.818361	0.000769394383935765	1.63934532163126e-05
2.5112481	0.000768748226097886	1.70518977416163e-05
2.2398233	0.000770874904299118	1.72689349954644e-05
1.9950197	0.000773429950791171	1.63448885070653e-05
1.7775893	0.000773985333027577	1.71401283055369e-05
1.5846864	0.000775975053477349	1.80714776985054e-05
1.4122353	0.000775840923399896	2.00420573905961e-05
1.2582541	0.000779506349420515	1.88686357879255e-05
1.1224822	0.000778818897733659	1.84060502144364e-05
1.0000616	0.000779826393131613	1.96203261197497e-05
0.89082122	0.000781267840055086	2.08906963285913e-05
0.79444051	0.000783272425653069	2.19080863461571e-05
0.70784986	0.000784485125174618	2.19045799142525e-05
0.63126236	0.000784820188553957	2.21487387382859e-05
0.562536	0.000786989917135518	2.2435256603614e-05
0.50118715	0.000787993358001549	2.23835114701693e-05
0.44642836	0.000791798326303078	2.46846205369462e-05
0.39821118	0.000791031805240077	2.5589082332989e-05
0.35475865	0.00079235805942083	2.65996907943533e-05
0.31619295	0.000794565880294121	2.64443349902758e-05
0.2819173	0.000796400670006948	3.02522046371354e-05
0.25117323	0.000798358203807601	2.98182177343653e-05
0.22391155	0.000800907205737217	3.22462046503565e-05
0.19957349	0.000803081995186125	3.39809169204738e-05
0.17779917	0.000802209345860406	3.42094325669532e-05
0.15846863	0.0008056011000178	3.52392056024569e-05
0.14123619	0.000805349010515238	3.79882488016198e-05
0.12590662	0.000809655869127258	3.87954734620728e-05
0.1122199	0.000811046290388234	4.03918914814401e-05
0.10002181	0.000814280296983513	4.41121992070625e-05
