10002.226	0.00118891033008699	-0.0096193118684815
8914.9326	0.00114480305782054	-0.00861082336649115
7943.9951	0.00110844757148506	-0.00770784805777789
7081.583	0.00107186695820969	-0.00690189674764355
6307.7358	0.00104147380378246	-0.00617458654880208
5622.5879	0.00101114678879011	-0.00552808997902487
5011.603	0.000980838060150902	-0.00495189738787903
4466.4292	0.000956276177037075	-0.00443098399032841
3981.2773	0.000932727884198663	-0.00396764932109086
3548.8679	0.000912388513423518	-0.0035527790627102
3163.0398	0.000892840029872054	-0.00318287172778858
2819.0986	0.000876056095409698	-0.0028498271604401
2512.4104	0.000859193768511067	-0.00255135129456186
2239.2869	0.000843632137198347	-0.0022873305461173
1995.6381	0.000832808421919104	-0.00204886479522777
1778.2897	0.000820938068670515	-0.00183550579111222
1584.4927	0.000806113102759376	-0.00164533543650522
1412.7418	0.00079426783774031	-0.001474384298926
1258.7905	0.000785333103837978	-0.0013229864852448
1121.7966	0.000778104949197408	-0.00118797022581865
999.68164	0.00076800728028967	-0.00106265758287269
891.42474	0.000759738650498692	-0.000955398065961963
794.23932	0.000752115532515442	-0.000855061334499077
707.96161	0.000742961083597959	-0.000767259528000993
631.00977	0.000735337031506803	-0.000690665667141411
562.33929	0.000732820084336439	-0.000614353893000921
501.12231	0.000726763621696716	-0.000553056892388514
446.57214	0.000718605224954586	-0.000494100184144389
398.08899	0.000714198197112409	-0.000443403356860311
354.88681	0.000711162784763249	-0.000393161670423382
316.31589	0.000707212147394609	-0.0003511395291257
281.8942	0.000703340986309023	-0.00031246078195931
251.20601	0.000699748157534723	-0.000277808169891678
223.92496	0.000700635771728606	-0.000242986134716054
199.55338	0.000698810005449855	-0.000216594144687612
177.78128	0.000696837406411913	-0.000187538144341726
158.52898	0.000696441522808816	-0.000163524116442378
141.21979	0.00069726353336087	-0.000142755577428671
125.92673	0.000698544125427954	-0.000124156498261787
112.19009	0.00070120262939062	-0.0001084458212076
99.968163	0.000700948076843007	-9.07041235158135e-05
89.115646	0.000703702575497198	-7.64329899727261e-05
79.415741	0.000707038652485746	-6.39704314358151e-05
70.793182	0.000708604918839908	-5.12634537296462e-05
63.082279	0.000710578238369981	-4.21625411507132e-05
56.241825	0.00071388695010429	-3.35742874644325e-05
50.112232	0.000715678591938922	-2.38918218679895e-05
44.671223	0.000717224698087025	-1.97354292878783e-05
39.808899	0.000722339131682757	-1.31187968251753e-05
35.488308	0.000728217785415161	-8.17519087845399e-06
31.629578	0.000730950766059173	-3.75722684672772e-06
28.187037	0.000731798859677812	-3.34396104061992e-07
25.120602	0.000734839806883974	4.49679562924095e-06
22.385418	0.000737703528512653	8.32187786498596e-06
19.955338	0.000740324967033257	7.93909587357855e-06
17.775894	0.000742406857021616	1.18304100378081e-05
15.846864	0.000746341576576325	9.5819912727456e-06
14.127493	0.000749349934554221	1.17266920955605e-05
12.587309	0.000748506296717337	1.11638450579419e-05
11.216775	0.000751256746301159	1.33423893524891e-05
9.9968166	0.000756156349635933	1.41657712779633e-05
8.9082127	0.000755666764446091	1.57199223404005e-05
7.9395623	0.000756210771535134	1.6002775825766e-05
7.0765615	0.000759683030275745	1.79756799584019e-05
6.3105822	0.000759873116485568	1.63495366152208e-05
5.6245475	0.000763015035655171	1.55081033946099e-05
5.0112233	0.000761061861310936	1.71205792463645e-05
4.4642835	0.00076687917064365	1.56034942429642e-05
3.9819033	0.0007645938256435	1.8668438882489e-05
3.5479143	0.000769171369368442	1.88741884942293e-05
3.1629577	0.000767798327121714	1.76723320293039e-05
2.818361	0.000771528425571057	1.74771789418402e-05
2.5112481	0.000771622860073447	1.68871534613638e-05
2.2398233	0.000772385091023408	1.83654279493133e-05
1.9950197	0.000772194953651609	1.68198040553126e-05
1.7775893	0.00077229002074212	1.85462690178302e-05
1.5846864	0.000775174081787045	1.82952459343723e-05
1.4122353	0.00077891363818079	1.94530135051028e-05
1.2582541	0.000776904227924039	1.90648694239327e-05
1.1224822	0.000777130937820951	2.04355873707914e-05
1.0000616	0.000778783982011425	1.93097260810993e-05
0.89082122	0.000779947047006531	1.9906900039438e-05
0.79444051	0.000780381452298394	2.13408510651203e-05
0.70784986	0.000784132002961038	2.39419816134716e-05
0.63126236	0.000786354823873553	2.02943919403298e-05
0.562536	0.000785997677408741	2.2715934943834e-05
0.50118715	0.000787850610290963	2.40090299507119e-05
0.44642836	0.000790876560644898	2.55912470540205e-05
0.39821118	0.000792767605061738	2.41338834123101e-05
0.35475865	0.000793415409159239	2.81145605051763e-05
0.31619295	0.000794196199237712	2.79919148140175e-05
0.2819173	0.00079541898788288	2.82650284121785e-05
0.25117323	0.000798329897940882	2.98652837714314e-05
0.22391155	0.000800276004705627	2.77448823309646e-05
0.19957349	0.000801450638888725	3.16093278571286e-05
0.17779917	0.000803269058532197	3.49878580158115e-05
0.15846863	0.000805945589413152	3.57244197050833e-05
0.14123619	0.000806785718064109	3.80796204797206e-05
0.12590662	0.000810655291077735	4.00221880451539e-05
0.1122199	0.00081118262485604	4.00951949098059e-05
0.10002181	0.000813632997716581	4.2478587469774e-05
