10002.226	0.00118862769984071	-0.00962008579898503
8914.9326	0.00114524989644929	-0.00861123116230805
7943.9951	0.00110835180498565	-0.00770810693041069
7081.583	0.00107360109598898	-0.00690264785062892
6307.7358	0.00104236118805989	-0.00617422781466176
5622.5879	0.00101044138241332	-0.00552939063333524
5011.603	0.000980785229798333	-0.00494991150901654
4466.4292	0.000956906226710124	-0.00443210117806359
3981.2773	0.000933887014413957	-0.00396827154324741
3548.8679	0.000910215797455025	-0.00355357080016514
3163.0398	0.000893143704003623	-0.00318190658093619
2819.0986	0.000874363816197534	-0.00284836204196169
2512.4104	0.000860162931646874	-0.00255106670232168
2239.2869	0.000842306903756437	-0.00228723560766442
1995.6381	0.000830332415942591	-0.00204743500411232
1778.2897	0.000817201544183992	-0.00183488122726491
1584.4927	0.00080482718512343	-0.00164163118480942
1412.7418	0.000793601040497494	-0.00147494199208919
1258.7905	0.000786043145453636	-0.00132283555738406
1121.7966	0.000778823193583057	-0.00118596454134196
999.68164	0.000767785688514341	-0.0010635631135537
891.42474	0.000758692401918556	-0.00095543110768753
794.23932	0.000751307309133334	-0.000856189330700735
707.96161	0.000742677276499419	-0.000766439208080649
631.00977	0.000737169427264467	-0.000689885638857094
562.33929	0.000730897406831909	-0.000618015933262186
501.12231	0.000725538451626995	-0.000553583864908879
446.57214	0.000719519893374343	-0.000494575969529441
398.08899	0.000714830864792743	-0.000442671656227841
354.88681	0.000708323369109148	-0.00039631705957105
316.31589	0.00070792725410157	-0.000349991897249496
281.8942	0.000704756499991807	-0.000312723616201304
251.20601	0.000699117782305981	-0.000277239200601564
223.92496	0.000700324716464509	-0.000245938151796918
199.55338	0.000700585270091188	-0.000216786364750297
177.78128	0.000695890707238748	-0.000187159464562365
158.52898	0.000697571631620528	-0.000164135926362061
141.21979	0.000698048186293043	-0.000142111359116057
125.92673	0.000697181253090559	-0.000124975063246618
112.19009	0.000699570819495671	-0.000106810148862455
99.968163	0.000701759598441045	-9.02010419504287e-05
89.115646	0.000701813629661267	-7.52561162108892e-05
79.415741	0.000703847810713703	-6.39600400018507e-05
70.793182	0.000706370746005464	-5.28503036906503e-05
63.082279	0.000709687710049291	-4.2494975072894e-05
56.241825	0.000714210879998414	-3.32684721277281e-05
50.112232	0.000716344237351563	-2.27838678408371e-05
44.671223	0.000719767987410069	-1.90469830242798e-05
39.808899	0.000723638855533205	-1.37591020234782e-05
35.488308	0.000725302226223273	-6.75441967847789e-06
31.629578	0.000730079188508458	-3.40230524090481e-06
28.187037	0.000732667249315015	7.84565449886569e-07
25.120602	0.000734234749441024	3.82560466374609e-06
22.385418	0.000737310557910769	8.73524307388986e-06
19.955338	0.000740570709809385	8.17059949033724e-06
17.775894	0.000742796340628121	1.16671793555236e-05
15.846864	0.000744722924606392	1.30868357312127e-05
14.127493	0.000749342253329976	1.19832452649583e-05
12.587309	0.000749994868542393	1.34259507163447e-05
11.216775	0.000750525065449765	1.69288057106502e-05
9.9968166	0.000753862641791218	1.35081847145037e-05
8.9082127	0.000756508615109559	1.55609103793389e-05
7.9395623	0.000757111834890027	1.46184489994961e-05
7.0765615	0.000758703598508617	1.69712527389558e-05
6.3105822	0.000761021353964952	1.88400785697472e-05
5.6245475	0.000761692827238558	1.53215171787509e-05
5.0112233	0.000763244551635848	1.80762085583398e-05
4.4642835	0.000764787912126217	1.80603273870905e-05
3.9819033	0.000765038914666979	1.66031659629945e-05
3.5479143	0.000767040624811038	1.7902558901195e-05
3.1629577	0.000768486295835659	1.71121467678794e-05
2.818361	0.000770018188806392	1.59475615082809e-05
2.5112481	0.000770583772369034	1.56313713764283e-05
2.2398233	0.000770285144674671	1.77861489725467e-05
1.9950197	0.00077042465806884	1.83618284613131e-05
1.7775893	0.000773502475231836	1.92820300610187e-05
1.5846864	0.000775839530550578	1.90367437046801e-05
1.4122353	0.000775569081132652	1.78136624641922e-05
1.2582541	0.000776461088404604	1.91840767255969e-05
1.1224822	0.000779677531837077	1.74923768940794e-05
1.0000616	0.000780350164104299	1.85299770107403e-05
0.89082122	0.000780478976684573	1.97168201898422e-05
0.79444051	0.000783460797672994	2.26122606262012e-05
0.70784986	0.000784977293780041	2.26497666676507e-05
0.63126236	0.000787219188714996	2.19047814136809e-05
0.562536	0.000786503277266729	2.23455031246424e-05
0.50118715	0.000789060893072257	2.43862338901342e-05
0.44642836	0.000789075511783617	2.72015975112656e-05
0.39821118	0.000791400465481413	2.56774340495764e-05
0.35475865	0.000793102914460275	2.64928559664569e-05
0.31619295	0.000793965004032944	2.92581689110417e-05
0.2819173	0.000796743933587241	2.89273194629113e-05
0.25117323	0.000796672757485387	2.97632566838481e-05
0.22391155	0.000801593110611751	3.185068116908e-05
0.19957349	0.000800568540475701	3.31665778057152e-05
0.17779917	0.000802976559755046	3.50303915165651e-05
0.15846863	0.000805200248243611	3.36250866337028e-05
0.14123619	0.000806534397828934	3.70765502835277e-05
0.12590662	0.000810303498201904	4.04233523942274e-05
0.1122199	0.000811035130886523	3.99235414845364e-05
0.10002181	0.000812999341592642	4.35036435023098e-05
