10002.226	0.00118771984525241	-0.00961989068839558
8914.9326	0.00114618797121048	-0.00861077870965663
7943.9951	0.0011058712132382	-0.00770819395034878
7081.583	0.00107297905541758	-0.00690002528832424
6307.7358	0.00104294992180531	-0.00617294805622232
5622.5879	0.00101011597271463	-0.00552914944106657
5011.603	0.000981598623424147	-0.00495085011609978
4466.4292	0.000957169213150647	-0.00443074644560163
3981.2773	0.000934547444625093	-0.00396830330365891
3548.8679	0.00091014439607696	-0.0035541697225555
3163.0398	0.000892649655129415	-0.00318230365150445
2819.0986	0.000876123893321452	-0.00284859743339043
2512.4104	0.000861190333545509	-0.00255214150859814
2239.2869	0.000843122961088016	-0.0022877642775085
1995.6381	0.00083146529561828	-0.0020483643677704
1778.2897	0.000818913014061639	-0.00183413460494135
1584.4927	0.000804409367637099	-0.00164522180720619
1412.7418	0.000794218908849623	-0.00147339837094674
1258.7905	0.000784644169644867	-0.00132228128799088
1121.7966	0.000774841972349924	-0.00118546285536435
999.68164	0.000766147243211719	-0.0010625688456325
891.42474	0.000759340570121775	-0.000954517021531021
794.23932	0.00075132205472592	-0.000858131397809617
707.96161	0.000744379358183956	-0.000767380642343155
631.00977	0.000737543892300666	-0.000688412499227833
562.33929	0.000731133809680184	-0.000617223839240349
501.12231	0.000725773879700022	-0.000552105801057827
446.57214	0.000719901033875861	-0.000494497901942794
398.08899	0.000714719313555919	-0.000442360439437635
354.88681	0.000710632806922523	-0.000395594957600315
316.31589	0.000708204470035104	-0.000350711417923196
281.8942	0.000702807837427303	-0.000311772368319977
251.20601	0.000700342893476926	-0.000277936847395539
223.92496	0.000700840711478163	-0.000243523673108789
199.55338	0.000700754370067844	-0.000216979069380274
177.78128	0.000698754499690682	-0.000190710915232093
158.52898	0.00069976909488146	-0.000164422427214836
141.21979	0.000696756089142157	-0.00014443604082448
125.92673	0.000697366931728308	-0.000125177122689707
112.19009	0.000700044407085888	-0.000106324177871601
99.968163	0.000700767459130139	-9.02358022306947e-05
89.115646	0.000703841845792267	-7.79440022859398e-05
79.415741	0.000705183251796727	-6.44181189732416e-05
70.793182	0.000706785659441345	-5.24126914073988e-05
63.082279	0.00070905020829784	-3.94243635333508e-05
56.241825	0.000714886585145567	-3.2367648363426e-05
50.112232	0.000716619695992438	-2.31433820200797e-05
44.671223	0.000719330303370898	-1.87516068810353e-05
39.808899	0.000722272154300376	-1.19579910247604e-05
35.488308	0.000727150596302175	-5.72102316654536e-06
31.629578	0.000726562861061892	-3.5897033405963e-06
28.187037	0.000731367008049605	1.74360698759951e-06
25.120602	0.000734014756389289	5.54508405281431e-06
22.385418	0.000738319582799074	7.49996607927098e-06
19.955338	0.000738726426789042	8.66849799896576e-06
17.775894	0.000742916829587164	1.31895481723351e-05
15.846864	0.000746993654626608	1.23938002623123e-05
14.127493	0.000747968205798843	1.32041895806245e-05
12.587309	0.000747904652216311	1.43640628018888e-05
11.216775	0.000750721086333541	1.4126167265589e-05
9.9968166	0.000754561238159131	1.42744620548409e-05
8.9082127	0.000756955062687696	1.70433908405345e-05
7.9395623	0.000754802061152631	1.5930191168472e-05
7.0765615	0.000759933424027276	1.71098868418457e-05
6.3105822	0.00076045476292543	1.76339031782113e-05
5.6245475	0.000762161043294628	1.43284954223004e-05
5.0112233	0.000764517956047552	1.81443106075104e-05
4.4642835	0.00076640354602736	1.59845709167335e-05
3.9819033	0.000763949813816844	1.79624245828994e-05
3.5479143	0.000768078124524238	1.61729011305926e-05
3.1629577	0.000770023901948041	1.67173011994816e-05
2.818361	0.000769728043758646	1.66938771084966e-05
2.5112481	0.000770740037780226	1.71886942052965e-05
2.2398233	0.000773013328818169	1.67596168047328e-05
1.9950197	0.000773143782617586	1.86206546055203e-05
1.7775893	0.000774786680288393	1.80225196192849e-05
1.5846864	0.000775681127911642	1.78752016978292e-05
1.4122353	0.000776114140595117	1.83321813885927e-05
1.2582541	0.000777889587115144	2.08493924409673e-05
1.1224822	0.000779104755861296	1.87511089422766e-05
1.0000616	0.000780625271105624	1.94376348641301e-05
0.89082122	0.000780260256600607	1.987609459236e-05
0.79444051	0.000783998112279917	2.12218673922658e-05
0.70784986	0.000784217910061607	2.28240888397757e-05
0.63126236	0.000785300546122799	2.32604620111124e-05
0.562536	0.000787058973025511	2.29916798834152e-05
0.50118715	0.000787800556845271	2.26795342676355e-05
0.44642836	0.000789909216728641	2.48470224152753e-05
0.39821118	0.000789877435187272	2.62715586568024e-05
0.35475865	0.0007901312195788	2.57887582097064e-05
0.31619295	0.000793419059323222	2.81141371359557e-05
0.2819173	0.000795204537918812	2.90786215689437e-05
0.25117323	0.00079619884392447	2.96614463521612e-05
0.22391155	0.000797965825970897	3.03386144647504e-05
0.19957349	0.000800972096228566	3.20737389486614e-05
0.17779917	0.00080317366628426	3.44590494117425e-05
0.15846863	0.00080537387625581	3.65550712352628e-05
0.14123619	0.000808312077420624	3.95407084170441e-05
0.12590662	0.000809806782334735	3.8610095826676e-05
0.1122199	0.000810126570869475	4.09678838111282e-05
0.10002181	0.000815191010001298	4.26103422713634e-05
