10002.226	0.00117556667656925	-0.00955184359710497
8914.9326	0.00113548569833101	-0.0085482510017982
7943.9951	0.00110015190107243	-0.00765265007045656
7081.583	0.00106188911242234	-0.00685154978987649
6307.7358	0.00103046296501163	-0.00613039071310995
5622.5879	0.000999384172189577	-0.00548750428121857
5011.603	0.000969910739802536	-0.00491455391354216
4466.4292	0.000947647307122748	-0.00439883213582307
3981.2773	0.000921707719121043	-0.00393857998883973
3548.8679	0.000899637484398693	-0.00352828111651798
3163.0398	0.000882868832863807	-0.00315975694597818
2819.0986	0.000862053376678176	-0.00283023487838798
2512.4104	0.000848836803587509	-0.00253243200133998
2239.2869	0.00083186053865727	-0.00227068693553546
1995.6381	0.000819664268512323	-0.002034241407595
1778.2897	0.00080680902524258	-0.00182319126841579
1584.4927	0.000793584674778303	-0.00163267247037036
1412.7418	0.000781657400411357	-0.00146505125929979
1258.7905	0.000773343376963716	-0.0013128016332606
1121.7966	0.00076525118663986	-0.0011780972433895
999.68164	0.000754744797146687	-0.00105489244492405
891.42474	0.000747269739794422	-0.000945815975019662
794.23932	0.000740444430514186	-0.000850592786408444
707.96161	0.000733615142894696	-0.000761860526883613
631.00977	0.00072446717952845	-0.000683703987590811
562.33929	0.000718861152426176	-0.000611742634167297
501.12231	0.000715064150782419	-0.000548929106866197
446.57214	0.000707105050981113	-0.000492209575256164
398.08899	0.000702846088886004	-0.000439484789276527
354.88681	0.000700378011467427	-0.000392365951593616
316.31589	0.000696803121382351	-0.000350935448807641
281.8942	0.00069397007915541	-0.00031105541080706
251.20601	0.000689195263396353	-0.000274785105082223
223.92496	0.000688775001857979	-0.000241277093200682
199.55338	0.000690284205226635	-0.00021626014766035
177.78128	0.000685980102442791	-0.000188462715081018
158.52898	0.000687101187489333	-0.000164929691631057
141.21979	0.000687132221939864	-0.000143662312985394
125.92673	0.000686561893248968	-0.000123697913729675
112.19009	0.000688226345971077	-0.000106330609635746
99.968163	0.000689802084047911	-8.88132605919761e-05
89.115646	0.000692066991407104	-7.7069161152324e-05
79.415741	0.000693289579091191	-6.43772667864024e-05
70.793182	0.000694942163413319	-5.09403115933577e-05
63.082279	0.000697606333490533	-3.91730689415558e-05
56.241825	0.000702509300811419	-3.14724250053773e-05
50.112232	0.000704897471967926	-2.18209964992303e-05
44.671223	0.000707424228946838	-1.70693603376965e-05
39.808899	0.00071011275655307	-1.10865812640207e-05
35.488308	0.000714285029261337	-7.41050077120093e-06
31.629578	0.000717010552595839	-1.01013826033163e-06
28.187037	0.000719151733328428	-1.38348778196685e-06
25.120602	0.000723548252169629	4.81750178958504e-06
22.385418	0.000726753264308695	6.69511952384589e-06
19.955338	0.00073062167834183	8.93947571129303e-06
17.775894	0.000732794778445533	1.07723304887465e-05
15.846864	0.000733654827869744	1.1169318716522e-05
14.127493	0.000737795817556939	1.17251062405904e-05
12.587309	0.000736441988773022	1.31138906049271e-05
11.216775	0.000740899885639718	1.46872281748151e-05
9.9968166	0.000743862837196413	1.4238879424637e-05
8.9082127	0.000744391106967419	1.53680697758773e-05
7.9395623	0.000744016464598669	1.52798837446949e-05
7.0765615	0.000747906329854666	1.82445742746319e-05
6.3105822	0.000750126997483248	1.65572769643695e-05
5.6245475	0.000749305190532782	1.67218320983251e-05
5.0112233	0.000753275386735967	1.69803305221523e-05
4.4642835	0.000753147273952782	1.81274224433665e-05
3.9819033	0.000755377243011794	1.50470057535171e-05
3.5479143	0.000754897363017002	1.68806416006308e-05
3.1629577	0.000757618226297811	1.59154747265543e-05
2.818361	0.000757979173838304	1.77660940465156e-05
2.5112481	0.000759496369760494	1.7387092866062e-05
2.2398233	0.000760839504298952	1.69772362495171e-05
1.9950197	0.000760208099495734	1.75021820064524e-05
1.7775893	0.000762896435518197	1.85713515283077e-05
1.5846864	0.000761931941911077	2.00042766426449e-05
1.4122353	0.00076566773660955	1.75401427785167e-05
1.2582541	0.00076622381849416	1.83296509430032e-05
1.1224822	0.0007682448513107	1.87075157420018e-05
1.0000616	0.000766878283423849	2.00734916163828e-05
0.89082122	0.000768705642919855	1.84328859513492e-05
0.79444051	0.000773280757858656	2.10284074328104e-05
0.70784986	0.00077280891633784	2.26638229959275e-05
0.63126236	0.000776213239956884	2.17580407773738e-05
0.562536	0.000776664078632709	2.34808741515312e-05
0.50118715	0.000776526560371406	2.38096298499368e-05
0.44642836	0.000779547142372863	2.35314576620717e-05
0.39821118	0.000778995205484056	2.45099449330946e-05
0.35475865	0.000781347542554513	2.60130842703312e-05
0.31619295	0.000781264395111239	2.75455511308429e-05
0.2819173	0.000785307876432895	2.88599465130692e-05
0.25117323	0.00078685072953291	2.82731611027205e-05
0.22391155	0.00078800883608169	3.18549817083271e-05
0.19957349	0.000788005854144795	3.14764094463015e-05
0.17779917	0.000793777104992461	3.37233000328146e-05
0.15846863	0.00079443778887706	3.62603271958174e-05
0.14123619	0.00079548994960101	3.73291650834426e-05
0.12590662	0.000798052285792062	3.71751406390458e-05
0.1122199	0.000800279294482517	4.05714832479241e-05
0.10002181	0.000800457813535833	4.1917853061848e-05
