10002.226	0.0011757929504648	-0.0095501720915355
8914.9326	0.00113420453980955	-0.00855044002757217
7943.9951	0.00109788740477271	-0.00765313568427187
7081.583	0.00106220184144977	-0.00685001463645501
6307.7358	0.00103113774806614	-0.00613058115079723
5622.5879	0.000998774596256391	-0.00548807789967069
5011.603	0.000968694548067862	-0.00491649267130344
4466.4292	0.000947135337558821	-0.00440037507159508
3981.2773	0.000921406201676067	-0.00393903702667727
3548.8679	0.000900639100035851	-0.00352732639231865
3163.0398	0.000882041790945612	-0.00316033985427939
2819.0986	0.000863127117806115	-0.00282979844506468
2512.4104	0.000847711723549322	-0.0025328812784105
2239.2869	0.000833000026341584	-0.00227022137403908
1995.6381	0.000817779838700038	-0.00203252919461046
1778.2897	0.000808252304944119	-0.0018210050594589
1584.4927	0.000796245507496151	-0.00163164411375227
1412.7418	0.000783648566620756	-0.00146249026341233
1258.7905	0.000775020521039276	-0.00131267363980394
1121.7966	0.000764682919499151	-0.00117712312562024
999.68164	0.000756752706147979	-0.00105664560839002
891.42474	0.000747676264390171	-0.000947035132608393
794.23932	0.000740881579031406	-0.000850447594464534
707.96161	0.000733077643683622	-0.000762635701458586
631.00977	0.00072639690624151	-0.000685693992704275
562.33929	0.000720049008836345	-0.000612640391468668
501.12231	0.000715207914214475	-0.00055049022176474
446.57214	0.000709140621948248	-0.000488666320060142
398.08899	0.000704051156924083	-0.000439728258737343
354.88681	0.000700580648734302	-0.00039166160399002
316.31589	0.00069691666825933	-0.000348384069214666
281.8942	0.000692374346290088	-0.000309546871110935
251.20601	0.000687598380984455	-0.000275391951796244
223.92496	0.000688235262746147	-0.000244544981638423
199.55338	0.000687572517187828	-0.00021542912969753
177.78128	0.000686484538978765	-0.000187407339573812
158.52898	0.000684870128930057	-0.000163118029518051
141.21979	0.000686839588710894	-0.000144981311205899
125.92673	0.000685684807677321	-0.000123578532431613
112.19009	0.000687764079473759	-0.000108630322646757
99.968163	0.000690564655645635	-8.77674838847724e-05
89.115646	0.00069319364055208	-7.60461498679765e-05
79.415741	0.00069292728897984	-6.28878572293635e-05
70.793182	0.00069427635828012	-4.96335910523665e-05
63.082279	0.000697410274587126	-4.02786433492864e-05
56.241825	0.000701890401877818	-3.17494536811848e-05
50.112232	0.000704946861477785	-2.54710621669181e-05
44.671223	0.000707373895063528	-1.76437292610345e-05
39.808899	0.000710094292413985	-1.31753635346623e-05
35.488308	0.000714235992137588	-7.34802933556098e-06
31.629578	0.000717316101355548	-1.82302070115907e-06
28.187037	0.000720191865868262	-2.08991178802907e-07
25.120602	0.000723739186981636	4.04766492617205e-06
22.385418	0.00072626276577932	7.76149721628779e-06
19.955338	0.000730757012920516	1.03105308552511e-05
17.775894	0.000732207015208286	1.14087574431123e-05
15.846864	0.000736135146131525	9.88571822691139e-06
14.127493	0.000737287457976434	1.48352358765107e-05
12.587309	0.000738181688141993	1.22205882111626e-05
11.216775	0.000740054310906797	1.30664244903792e-05
9.9968166	0.000743690581539454	1.53566874352544e-05
8.9082127	0.000744716101393456	1.43757722368623e-05
7.9395623	0.000744626150978328	1.60584750120307e-05
7.0765615	0.00074750668811734	1.93962767182957e-05
6.3105822	0.000749484570388055	1.85493151534419e-05
5.6245475	0.000752464624184726	1.60985921622771e-05
5.0112233	0.000752783075627968	1.87150910909491e-05
4.4642835	0.000754864810261838	1.85626993010612e-05
3.9819033	0.0007565118190456	1.7465312325529e-05
3.5479143	0.000754339202992062	1.86496515823268e-05
3.1629577	0.000756981833677603	1.84275316100115e-05
2.818361	0.00075821602212568	1.56555721405111e-05
2.5112481	0.000760803832413354	1.55043060455266e-05
2.2398233	0.000759359339888239	1.69654403406254e-05
1.9950197	0.000761622738105346	1.53762200091376e-05
1.7775893	0.000763184021723991	1.71003947478082e-05
1.5846864	0.000763963171846557	1.83310162701569e-05
1.4122353	0.000764680458762204	1.88981398088204e-05
1.2582541	0.000765787343915054	1.93176111993477e-05
1.1224822	0.000764594780586314	2.05895900230317e-05
1.0000616	0.00076862910572078	1.9266814841829e-05
0.89082122	0.000770428399800236	2.08409599666872e-05
0.79444051	0.00077110700350794	2.14746700067727e-05
0.70784986	0.000772093921399908	2.24819981094046e-05
0.63126236	0.00077598112047825	2.11363994367309e-05
0.562536	0.000774307110155501	2.27480025164267e-05
0.50118715	0.000776884381268448	2.4110199706248e-05
0.44642836	0.000780743353046193	2.67070798670749e-05
0.39821118	0.000779578696826406	2.60502024424917e-05
0.35475865	0.000780016611750866	2.71193559275065e-05
0.31619295	0.0007834148657201	2.90374782784281e-05
0.2819173	0.000785127283287529	2.66766715584097e-05
0.25117323	0.000785666710626975	2.81631058932208e-05
0.22391155	0.000789021620287728	3.23259164617524e-05
0.19957349	0.00078979006814286	3.33118377211274e-05
0.17779917	0.00079204803159801	3.39887532901642e-05
0.15846863	0.000792872527339506	3.32844638057099e-05
0.14123619	0.000794380611528048	3.84806687883325e-05
0.12590662	0.000798025455074233	3.7493698870338e-05
0.1122199	0.000801760151769133	3.98601723645844e-05
0.10002181	0.000802996153352094	4.2285433148984e-05
