10002.226	0.00117422179253323	-0.00955055797115463
8914.9326	0.00113427312943043	-0.00855021955595141
7943.9951	0.00109816328779016	-0.0076529617455552
7081.583	0.00106293981766275	-0.00684955789445805
6307.7358	0.00103315500239575	-0.00612884754356726
5622.5879	0.000998727109702199	-0.00548796703168762
5011.603	0.000969462956332689	-0.00491485188896983
4466.4292	0.000946065624490083	-0.00440051554596295
3981.2773	0.000923267524593841	-0.00393866048063019
3548.8679	0.000898702690429649	-0.0035275703028145
3163.0398	0.00088059236751864	-0.00315903670093595
2819.0986	0.000865261819514981	-0.00282948524946109
2512.4104	0.000848965716684217	-0.00253422692042984
2239.2869	0.000830664459462758	-0.00227098438408551
1995.6381	0.00081913023054462	-0.00203359005748141
1778.2897	0.00080737986040021	-0.00182202778304747
1584.4927	0.000794438446393802	-0.00163278678290633
1412.7418	0.000781653376094543	-0.00146369371911015
1258.7905	0.000774499001157851	-0.00131171458698196
1121.7966	0.000766080349166023	-0.00117745791316172
999.68164	0.000756230107099516	-0.00105572538309398
891.42474	0.000747752702919758	-0.000947929073463671
794.23932	0.000741131654317515	-0.000853036282941216
707.96161	0.000732662852104413	-0.000762021794052145
631.00977	0.000725772833858163	-0.000686266208208794
562.33929	0.000719183484432422	-0.000612819081952685
501.12231	0.000714283013859889	-0.000549967964014763
446.57214	0.000709327392206497	-0.000490970373062532
398.08899	0.000703094953086347	-0.000441444196654207
354.88681	0.000700594238749087	-0.000394232314604525
316.31589	0.000696982487943078	-0.000348689730327814
281.8942	0.00069387097005192	-0.000310081227685852
251.20601	0.000689463274077346	-0.000276388632403446
223.92496	0.000686956000418114	-0.000244426111049024
199.55338	0.000686559531063207	-0.000215725743325291
177.78128	0.000686070424441252	-0.000188677746124459
158.52898	0.000685822899866254	-0.000164862626798385
141.21979	0.000685596058576854	-0.000141901783477388
125.92673	0.000685418190914101	-0.000122648573095702
112.19009	0.000690441525391948	-0.000108408234838244
99.968163	0.000689009145422855	-9.02198587791489e-05
89.115646	0.000693231645447592	-7.63535994782609e-05
79.415741	0.000696153007976524	-6.40615872067734e-05
70.793182	0.000697975785106848	-5.19317738067196e-05
63.082279	0.000699495581702271	-3.9992440965808e-05
56.241825	0.000701782896001868	-3.28441159654505e-05
50.112232	0.000705762272548461	-2.42973098123346e-05
44.671223	0.00070519908439938	-1.86910887693806e-05
39.808899	0.00070967050784662	-1.26641849454896e-05
35.488308	0.000715917916489744	-7.83718253990934e-06
31.629578	0.000717660541006627	-4.06076735764077e-06
28.187037	0.00071995942433246	1.30507915351304e-06
25.120602	0.000721453321343665	3.3003873163278e-06
22.385418	0.00072644770861991	7.57839382185672e-06
19.955338	0.000728427411891447	7.14044123495192e-06
17.775894	0.000731286679876234	9.86101105461201e-06
15.846864	0.000733905986913656	9.71718582266314e-06
14.127493	0.000736830204579371	1.33311101836203e-05
12.587309	0.00073992128368849	1.41535785294082e-05
11.216775	0.000740313576363589	1.34267477028536e-05
9.9968166	0.000740717937560813	1.39712420075461e-05
8.9082127	0.000744483990465402	1.49928201124179e-05
7.9395623	0.000744916468469677	1.70368033978222e-05
7.0765615	0.000748382415057874	1.53689323026029e-05
6.3105822	0.000751628153234883	1.72746625881702e-05
5.6245475	0.000750601060912002	1.53536625245373e-05
5.0112233	0.000752145125725926	1.85930078592237e-05
4.4642835	0.000756893195518664	1.78357623587427e-05
3.9819033	0.000755399906770344	1.54801811713309e-05
3.5479143	0.000756158211284068	1.62855788916636e-05
3.1629577	0.000755950507982953	1.69968159076468e-05
2.818361	0.000760636125113387	1.67408550573612e-05
2.5112481	0.000759636802594835	1.69182877320387e-05
2.2398233	0.000759728218027385	1.53888244714955e-05
1.9950197	0.000760501781479549	1.84753252003357e-05
1.7775893	0.00076176036318194	1.59355205193637e-05
1.5846864	0.000764122216355409	1.78831913370952e-05
1.4122353	0.000765362267714989	1.87934319570381e-05
1.2582541	0.000766668362261993	1.64230363674398e-05
1.1224822	0.000766922521173449	1.73733639894881e-05
1.0000616	0.000769636862526119	2.14301459803822e-05
0.89082122	0.000769976981573767	2.11324918234419e-05
0.79444051	0.000771586123840164	2.14052255109903e-05
0.70784986	0.000773647772373916	2.01521836953031e-05
0.63126236	0.000773022363232639	2.06900348965619e-05
0.562536	0.000775222545776866	2.27883691613527e-05
0.50118715	0.000776590671296615	2.39439707846378e-05
0.44642836	0.000778630755943478	2.33862992221074e-05
0.39821118	0.000778807239223136	2.57724760516046e-05
0.35475865	0.000780779054551027	2.68474151899767e-05
0.31619295	0.000782611719309849	2.73844864465004e-05
0.2819173	0.000783613756594533	2.90346883490321e-05
0.25117323	0.000786193162657773	2.86785522792733e-05
0.22391155	0.000788107463521844	2.93834413768042e-05
0.19957349	0.000791127695558598	3.31653827280896e-05
0.17779917	0.000792475677283059	3.35799273392786e-05
0.15846863	0.000795433972693324	3.60603289461559e-05
0.14123619	0.000796485518285493	3.62561566338337e-05
0.12590662	0.000799264846675045	3.77070246819292e-05
0.1122199	0.000800071558644818	4.05424041562154e-05
0.10002181	0.000802174572852694	4.24596759045121e-05
