10002.226	0.00117954877907998	-0.00959394076592152
8914.9326	0.00113780388178701	-0.00858681812113415
7943.9951	0.00110007794261657	-0.00768822916493624
7081.583	0.00106570066786805	-0.00688202624355795
6307.7358	0.00103452401539275	-0.00615730592141241
5622.5879	0.00100339166597514	-0.00551223183795591
5011.603	0.000974908601493174	-0.00493740833030085
4466.4292	0.000950436076293109	-0.00441746192695671
3981.2773	0.00092529089940291	-0.00395585421372889
3548.8679	0.000903661342622972	-0.00354330189830188
3163.0398	0.000887775626520657	-0.00317231912540969
2819.0986	0.000866212538102651	-0.00284144039133413
2512.4104	0.000851711154891413	-0.00254495127152053
2239.2869	0.000833901632715741	-0.00227953897318358
1995.6381	0.000824197044751026	-0.00204060339189352
1778.2897	0.00081185855835818	-0.0018303760100624
1584.4927	0.000797821252475158	-0.00164001028897509
1412.7418	0.000785140518243949	-0.00146967394740216
1258.7905	0.000778084133019284	-0.00131845551120048
1121.7966	0.000770459394846379	-0.00118333757719337
999.68164	0.000759419092901217	-0.00105865448559773
891.42474	0.000750022777253212	-0.000952215132246578
794.23932	0.000745593644148955	-0.000854416887406567
707.96161	0.000736705568134641	-0.000764947552509626
631.00977	0.000729805329086994	-0.000687149752616924
562.33929	0.000722970079276285	-0.000616817562821258
501.12231	0.00071939708247918	-0.000551313174384077
446.57214	0.00071110446178588	-0.000495091892789586
398.08899	0.000708218875518634	-0.00044012213492325
354.88681	0.000702371283767719	-0.000395260471161499
316.31589	0.000699521394066514	-0.000348821114354877
281.8942	0.000695425444270724	-0.000311767766113711
251.20601	0.000693208689366762	-0.000276498675292463
223.92496	0.000693046361180765	-0.000243874820150414
199.55338	0.000690689047857118	-0.000216446281501685
177.78128	0.000687912452566867	-0.000188308845597242
158.52898	0.000690147726141436	-0.000164955448658286
141.21979	0.000687315342295598	-0.000145914196837127
125.92673	0.000689967848000111	-0.00012374764486102
112.19009	0.000692979908765337	-0.000108385983405101
99.968163	0.000695806756229762	-8.92487117969846e-05
89.115646	0.00069459427438353	-7.52352863581659e-05
79.415741	0.000696380976618191	-6.45853685083284e-05
70.793182	0.000699835061556186	-5.12878586316117e-05
63.082279	0.00070284115926735	-4.05818874916521e-05
56.241825	0.00070858356647406	-3.20304082780614e-05
50.112232	0.000708877371733316	-2.41608138001754e-05
44.671223	0.000712087837882232	-1.87881698236403e-05
39.808899	0.000716098106570332	-1.42824942056227e-05
35.488308	0.000718008389790548	-7.60526188977146e-06
31.629578	0.000720043796330478	-1.69348774613043e-06
28.187037	0.000724208341476788	-1.52882461549307e-07
25.120602	0.000726902587865526	3.57664586319176e-06
22.385418	0.000728181563571857	7.38022751499876e-06
19.955338	0.000734301177672399	7.57621554940587e-06
17.775894	0.000735269234197412	1.16989130978678e-05
15.846864	0.000737865286529499	1.01376067353951e-05
14.127493	0.000742096178909658	1.34110810502354e-05
12.587309	0.00074230914169157	1.27747425641517e-05
11.216775	0.000742886749678255	1.50121891131139e-05
9.9968166	0.000746329443362463	1.23363162636076e-05
8.9082127	0.000748152937891912	1.63967638750057e-05
7.9395623	0.000748436331549555	1.39794994731097e-05
7.0765615	0.000751519394601722	1.79571617095278e-05
6.3105822	0.000753461389526317	1.67081387865481e-05
5.6245475	0.000753854946994048	1.45334961148006e-05
5.0112233	0.000757043831954335	1.67029564995794e-05
4.4642835	0.000758253988534202	1.69222737676644e-05
3.9819033	0.000758517926199314	1.66442528249104e-05
3.5479143	0.000759382333665937	1.71179933752302e-05
3.1629577	0.000760054163874992	1.74920484209198e-05
2.818361	0.00076180906080645	1.53565887806899e-05
2.5112481	0.000765575714328391	1.56085391837747e-05
2.2398233	0.000765010076312128	1.64190766559208e-05
1.9950197	0.000764794368246782	1.6122764824563e-05
1.7775893	0.000765720292863828	1.81656584447851e-05
1.5846864	0.000766842344778815	1.91316638123444e-05
1.4122353	0.000768142201908352	1.70611071021998e-05
1.2582541	0.000770797995451851	1.92111268139004e-05
1.1224822	0.000772012927755668	1.87269275473062e-05
1.0000616	0.000773361336965345	2.14831290859105e-05
0.89082122	0.000774935859227445	2.04608638273417e-05
0.79444051	0.000774442995969228	2.06370860392794e-05
0.70784986	0.000774149977741691	2.16970419901243e-05
0.63126236	0.000776923430682675	2.30920390327555e-05
0.562536	0.000779140622955047	2.19414660557223e-05
0.50118715	0.000782114347430416	2.41445337065838e-05
0.44642836	0.000782519815778621	2.35930101134117e-05
0.39821118	0.000782600498562109	2.45647128560218e-05
0.35475865	0.000784661969643825	2.61662986749447e-05
0.31619295	0.000788317681388822	2.83148104429427e-05
0.2819173	0.000787763557789496	2.83980633683649e-05
0.25117323	0.000789023593756115	3.03857842446701e-05
0.22391155	0.000791679314932737	3.20476263544211e-05
0.19957349	0.000792753806913694	3.34243009240074e-05
0.17779917	0.000792613053920457	3.43761899129486e-05
0.15846863	0.00079656527042855	3.60740266976496e-05
0.14123619	0.000800198065656166	3.86397072043643e-05
0.12590662	0.000802055927890283	3.98228444155186e-05
0.1122199	0.000803285306595562	4.08822911592426e-05
0.10002181	0.000805084939644709	4.33518142483441e-05
