10002.226	0.0011810183614042	-0.00959305949796545
8914.9326	0.00113977941843106	-0.00858719922321505
7943.9951	0.00109954614199676	-0.00768558825444715
7081.583	0.00106599103269427	-0.0068810402257355
6307.7358	0.00103443101036244	-0.00615902302365454
5622.5879	0.00100327475914928	-0.0055120143387346
5011.603	0.000975206267816528	-0.00493658568421669
4466.4292	0.000951773039780921	-0.00441993064477326
3981.2773	0.000925128959021511	-0.00395701067593066
3548.8679	0.000903348921492957	-0.00354454404892927
3163.0398	0.000886297540906171	-0.00317387961142149
2819.0986	0.000867968348385773	-0.00284303265630176
2512.4104	0.000850247040758268	-0.00254517160350511
2239.2869	0.000835813581226794	-0.00228168098110373
1995.6381	0.000822415047070676	-0.00204175195351835
1778.2897	0.000811203130657254	-0.00183019562579046
1584.4927	0.000797655938585367	-0.0016417931161856
1412.7418	0.000786701767529325	-0.00146962407304697
1258.7905	0.000778587946754784	-0.00131898790414795
1121.7966	0.000769306944895832	-0.00118126289390613
999.68164	0.000759927905575589	-0.00105788963144016
891.42474	0.000751414265295767	-0.000952503340485373
794.23932	0.000745021426524418	-0.000853740247525438
707.96161	0.000736856075845068	-0.000766528906751686
631.00977	0.000731234711443997	-0.000686745970866718
562.33929	0.000723563587138495	-0.000616083608714089
501.12231	0.000717372582367864	-0.000550371927532093
446.57214	0.000713479881111726	-0.000493123898457698
398.08899	0.000707934437821269	-0.000441846951484608
354.88681	0.000701532656768051	-0.000393357050247853
316.31589	0.000701239240696799	-0.000350146033508491
281.8942	0.000696503601064966	-0.000311069443763146
251.20601	0.000692409392715701	-0.00027544250638547
223.92496	0.000691863647578584	-0.000244072527446383
199.55338	0.000693062687551242	-0.00021832697487185
177.78128	0.000690120360771295	-0.000189023065574418
158.52898	0.000689539297012455	-0.000165599968240708
141.21979	0.000689659403989652	-0.000143237076913512
125.92673	0.000689799719145553	-0.000125146158744847
112.19009	0.000691456667182877	-0.000106610374188424
99.968163	0.000694395741685891	-8.84161527593823e-05
89.115646	0.000694937547647629	-7.64941705255838e-05
79.415741	0.000695827029175422	-6.34952222660876e-05
70.793182	0.000699986947285687	-5.08925910373561e-05
63.082279	0.000703215171238893	-4.10469246507254e-05
56.241825	0.000707650193253096	-3.18701440853466e-05
50.112232	0.000708055600418788	-2.40014245332982e-05
44.671223	0.000714005662232172	-1.87209153726495e-05
39.808899	0.000714859065254424	-1.24237956481405e-05
35.488308	0.000718169619411878	-9.72960029052282e-06
31.629578	0.000721899381225633	-1.57832229989979e-06
28.187037	0.000724510831356195	-3.35511502113965e-07
25.120602	0.000727590244561637	5.33904174778695e-06
22.385418	0.000729114210712854	5.42910870000554e-06
19.955338	0.000732811506100516	9.8162091345191e-06
17.775894	0.000735859996738298	1.12604559262895e-05
15.846864	0.000738059034240873	1.21415883820458e-05
14.127493	0.000741649921252007	1.40344990620137e-05
12.587309	0.000742109945896109	1.2992482399964e-05
11.216775	0.000743662028392554	1.3041306669183e-05
9.9968166	0.000747796688709315	1.27867063283644e-05
8.9082127	0.000746316983372296	1.54371495642754e-05
7.9395623	0.000748702685193896	1.62269906575334e-05
7.0765615	0.000752967531939367	1.74676426656329e-05
6.3105822	0.000754351381546932	1.80221217705987e-05
5.6245475	0.000755535687682288	1.6045043253658e-05
5.0112233	0.000756966483410468	1.84644117655336e-05
4.4642835	0.000756972317602881	1.54177695775807e-05
3.9819033	0.000758019174499272	1.64523622841544e-05
3.5479143	0.00076138508740731	1.72913195077511e-05
3.1629577	0.000762111793390876	1.74653773560563e-05
2.818361	0.000761635835737792	1.82914319005743e-05
2.5112481	0.000764198323089001	1.59555455220048e-05
2.2398233	0.000764091766246837	1.62879959260868e-05
1.9950197	0.000766565193911217	1.81182473381935e-05
1.7775893	0.000765696064168495	1.67795737581613e-05
1.5846864	0.000768009727116425	1.82219789472248e-05
1.4122353	0.000768507500525611	1.91603651847911e-05
1.2582541	0.000771954729473003	1.91360375051694e-05
1.1224822	0.000770333855458636	2.01637519942978e-05
1.0000616	0.000771641828946886	1.99160590248294e-05
0.89082122	0.000774273346266462	1.88277931081275e-05
0.79444051	0.000774430640463684	2.08528877200192e-05
0.70784986	0.00077505734538111	2.08809874972619e-05
0.63126236	0.000777538748639238	2.08018238700925e-05
0.562536	0.00077926680547338	2.09044851030516e-05
0.50118715	0.000781327046546111	2.16241520952788e-05
0.44642836	0.000782149862132074	2.35715686475266e-05
0.39821118	0.000784454321661805	2.73837017213333e-05
0.35475865	0.000785053063021184	2.63801180841741e-05
0.31619295	0.000787393660304407	2.72980735666012e-05
0.2819173	0.00078948257579659	3.06921815886794e-05
0.25117323	0.000791222731158885	2.85578959777154e-05
0.22391155	0.000791748612923322	3.09722567981697e-05
0.19957349	0.000794432343134566	3.49198247757099e-05
0.17779917	0.000795677693225236	3.40067121151857e-05
0.15846863	0.000797781682758637	3.35822571267899e-05
0.14123619	0.000799389056534558	3.87022885177708e-05
0.12590662	0.00080227983801846	3.89908583048816e-05
0.1122199	0.000804030738587167	4.02694752222039e-05
0.10002181	0.000807013524166541	4.3304270366391e-05
