10002.226	0.00117940243782867	-0.0095932771694178
8914.9326	0.00113815058748549	-0.00858595049314444
7943.9951	0.00110242584742078	-0.0076850133803807
7081.583	0.00106651075829368	-0.00688226207713674
6307.7358	0.00103482475511178	-0.00615573706326249
5622.5879	0.00100175401944556	-0.00551239195327327
5011.603	0.000976126210732866	-0.00493726148865551
4466.4292	0.00094977715754977	-0.00441897656450174
3981.2773	0.000926309894875457	-0.00395543585559332
3548.8679	0.000903031375106231	-0.00354381358398729
3163.0398	0.000886014910857957	-0.00317320523973278
2819.0986	0.000866329937742064	-0.00284188436007449
2512.4104	0.000852284375942034	-0.00254296374589406
2239.2869	0.000837513024437749	-0.00228131112754029
1995.6381	0.000823101915239414	-0.00204473781332008
1778.2897	0.00081125765927108	-0.00182851971846166
1584.4927	0.000798106738730054	-0.00163920726007969
1412.7418	0.000786019470724744	-0.00147039714668222
1258.7905	0.000778915679900133	-0.00131933533246222
1121.7966	0.00076851209271439	-0.00118257380949198
999.68164	0.000759859346895724	-0.00105908820029503
891.42474	0.000751472814503274	-0.000951160590451022
794.23932	0.000743582701893443	-0.000853963027597536
707.96161	0.000736345280245838	-0.00076595010106817
631.00977	0.000728967321344599	-0.000690018111629841
562.33929	0.000723302953807965	-0.000614396756179256
501.12231	0.000717409614218497	-0.000551628114306199
446.57214	0.000712440181380754	-0.000494097516918912
398.08899	0.000707990800891268	-0.000441342262107935
354.88681	0.000703047222411032	-0.000392228475255405
316.31589	0.000700988123737678	-0.000350277601233531
281.8942	0.000695843627449629	-0.000313594142451631
251.20601	0.000693125801309009	-0.000275799867606826
223.92496	0.000694398375651617	-0.000244793657384586
199.55338	0.000691027588313247	-0.000216723753780812
177.78128	0.000688931998990776	-0.000187994578679862
158.52898	0.00069024499977751	-0.000163856860971996
141.21979	0.000690041023297987	-0.000145495181695075
125.92673	0.000689769475723058	-0.000125502601114955
112.19009	0.000692986971923149	-0.000107166152102171
99.968163	0.000691985805454793	-8.86934539116232e-05
89.115646	0.000698027341889612	-7.5902509433703e-05
79.415741	0.000698422581416729	-6.50952649906996e-05
70.793182	0.000701087641157475	-5.11712195513958e-05
63.082279	0.000702361899467207	-4.25761355918072e-05
56.241825	0.000707625542857494	-3.22261451451426e-05
50.112232	0.000707448450576306	-2.42864822242776e-05
44.671223	0.00071085732826638	-1.86467662787389e-05
39.808899	0.000714051918384378	-1.13957138195254e-05
35.488308	0.000718161310493776	-7.9768373274596e-06
31.629578	0.000721820704358443	-5.90805523560799e-07
28.187037	0.000723293362966644	-3.03204860880428e-07
25.120602	0.000728229398818055	3.58486685124863e-06
22.385418	0.000730438268885232	5.85109336239814e-06
19.955338	0.000733559081605073	9.03901528771494e-06
17.775894	0.000737264514241336	1.19103756927204e-05
15.846864	0.000738351816187336	1.30523781614915e-05
14.127493	0.000742047915574197	1.20964475529727e-05
12.587309	0.000742976177317612	1.42405822934668e-05
11.216775	0.000743091979389082	1.53526230911566e-05
9.9968166	0.000746943556238116	1.364982175225e-05
8.9082127	0.000746738579267525	1.62744214012205e-05
7.9395623	0.000749441689661214	1.73161974169107e-05
7.0765615	0.000751315854391211	1.58286084038965e-05
6.3105822	0.000753688614685141	1.68836104393857e-05
5.6245475	0.000755633131164447	1.65060148588391e-05
5.0112233	0.000757133739716819	1.52642831654724e-05
4.4642835	0.000757191180465827	1.76822309778203e-05
3.9819033	0.000759076030090143	1.81154700837122e-05
3.5479143	0.000758221297310313	1.75127935919763e-05
3.1629577	0.000761996975147832	1.83625752725276e-05
2.818361	0.000762772290320392	1.68690048568067e-05
2.5112481	0.000763538306551628	1.57285911776043e-05
2.2398233	0.000763484527406048	1.67136111915218e-05
1.9950197	0.000766006803366811	1.70863835433088e-05
1.7775893	0.000766665181752435	1.68338152260344e-05
1.5846864	0.000768027328413716	1.96606803477446e-05
1.4122353	0.000770583039923164	1.64681996206064e-05
1.2582541	0.00076925732681213	2.05552807646855e-05
1.1224822	0.000770247785784037	1.8635204853038e-05
1.0000616	0.000772963107204321	1.99789349112229e-05
0.89082122	0.00077376037158282	1.9491487674076e-05
0.79444051	0.000775232531595845	2.11466437498859e-05
0.70784986	0.000776610371405778	2.20478201398903e-05
0.63126236	0.000778206048906668	2.25210182570768e-05
0.562536	0.000778772577518551	2.22740931521919e-05
0.50118715	0.000779914200901882	2.29032228437557e-05
0.44642836	0.000782366169418934	2.40995780735957e-05
0.39821118	0.000782870208050724	2.76291941163559e-05
0.35475865	0.000784466131940253	2.64119732405346e-05
0.31619295	0.000785374176888073	2.79213667716588e-05
0.2819173	0.000789087893020312	2.85207033903628e-05
0.25117323	0.000789687496205524	3.03409928148762e-05
0.22391155	0.000791455192803249	3.21890755163999e-05
0.19957349	0.000791519271982053	3.18411937101496e-05
0.17779917	0.000795409695371247	3.45852247154112e-05
0.15846863	0.000796406226050566	3.43361035224862e-05
0.14123619	0.000799737447284484	3.7008945738682e-05
0.12590662	0.000801471064411166	3.94691918575785e-05
0.1122199	0.000804659749848227	4.13792875230396e-05
0.10002181	0.000806026551169074	4.14982560522803e-05
