10002.226	0.00117984325792017	-0.00959280457502242
8914.9326	0.0011393194567536	-0.00858824763774987
7943.9951	0.00110072003938526	-0.00768513078472244
7081.583	0.00106633206918147	-0.00688285943113267
6307.7358	0.00103665153983722	-0.00615942428964568
5622.5879	0.00100334461597545	-0.00551465976648425
5011.603	0.000975881929225242	-0.00493707283743835
4466.4292	0.00094931106092471	-0.00442126921030354
3981.2773	0.000925545371255196	-0.00395774281879376
3548.8679	0.000902736558246758	-0.00354316085703048
3163.0398	0.000887954493894566	-0.00317444875487236
2819.0986	0.000867208088946686	-0.00284124700542986
2512.4104	0.000851706549236438	-0.00254385312348224
2239.2869	0.000834649223498323	-0.00227967440665547
1995.6381	0.000822347037648704	-0.00204185880627999
1778.2897	0.000810438507332148	-0.00182877212825526
1584.4927	0.000799984009608268	-0.0016427006032498
1412.7418	0.000785872320300243	-0.00147129435386208
1258.7905	0.000776902551134251	-0.0013194953955739
1121.7966	0.000768594200278489	-0.00118116847842631
999.68164	0.000759154209651973	-0.001059859787015
891.42474	0.0007521321669049	-0.000953085771859466
794.23932	0.000745368352100245	-0.000854178124125219
707.96161	0.000735763870130863	-0.00076646374632674
631.00977	0.000729708627175648	-0.000688145182859196
562.33929	0.0007243729337425	-0.000615517020385473
501.12231	0.000719065266919	-0.000550225265256068
446.57214	0.000711828775625718	-0.000492719296814539
398.08899	0.000708864363883178	-0.00044163513064958
354.88681	0.000701802063464166	-0.00039449047219383
316.31589	0.000699174028487666	-0.000349954159541177
281.8942	0.000697011583092254	-0.000314057892371651
251.20601	0.000691449220758593	-0.000275906315965201
223.92496	0.000694364452075031	-0.000244683518179173
199.55338	0.000691477495263298	-0.000214761797920626
177.78128	0.000690624982970172	-0.000186860501160451
158.52898	0.000690088503691382	-0.000164476210176891
141.21979	0.000690269063776763	-0.000143661052234796
125.92673	0.000686898874833806	-0.00012365952522042
112.19009	0.000691563648413938	-0.000107051649795755
99.968163	0.000693864436554364	-8.87971347157995e-05
89.115646	0.000696534255229069	-7.69427649384336e-05
79.415741	0.000697099378096031	-6.26942664891759e-05
70.793182	0.000698859652517871	-5.21294147792301e-05
63.082279	0.000701137817777292	-4.12883716418423e-05
56.241825	0.000706473697809099	-3.21363913323765e-05
50.112232	0.000710493897781549	-2.32083729845944e-05
44.671223	0.000712805173874096	-1.95057689586568e-05
39.808899	0.000715237236384231	-1.39899652646115e-05
35.488308	0.000720664319876423	-6.94194698732363e-06
31.629578	0.000722063579855503	-8.10481213905819e-07
28.187037	0.00072505876736917	3.36502321548954e-07
25.120602	0.000727435498488648	2.73124304435299e-06
22.385418	0.000730647243146279	6.27809694705572e-06
19.955338	0.000732254967525607	8.55320258489173e-06
17.775894	0.000736972359331401	1.25354103598294e-05
15.846864	0.000737214337321187	9.97871941602829e-06
14.127493	0.000739663079825803	1.33905104210755e-05
12.587309	0.000739834588830446	1.34021921348401e-05
11.216775	0.000743678299046629	1.33031584193576e-05
9.9968166	0.000747078209492703	1.3964060560235e-05
8.9082127	0.000747735538121112	1.4865945214397e-05
7.9395623	0.000749205675597982	1.37889755689005e-05
7.0765615	0.000751479076054602	1.82853669268253e-05
6.3105822	0.000755615461768028	1.6652680308346e-05
5.6245475	0.000755901892183472	1.62562521332639e-05
5.0112233	0.00075621704349278	1.89666555248427e-05
4.4642835	0.000758684426101086	1.63995051990738e-05
3.9819033	0.000758512990232358	1.65904763031438e-05
3.5479143	0.000758944186373641	1.65939694277634e-05
3.1629577	0.000760915829310464	1.82686833399768e-05
2.818361	0.000761953093542219	1.82937618358788e-05
2.5112481	0.000762851970056486	1.6164072417138e-05
2.2398233	0.000764257787044874	1.72340465930039e-05
1.9950197	0.000763455454949332	1.82450755719901e-05
1.7775893	0.000766175480053225	1.70454312143444e-05
1.5846864	0.000767237231667454	1.79263163431992e-05
1.4122353	0.000768710810081111	1.68715844299325e-05
1.2582541	0.000769720398910133	1.79773209041194e-05
1.1224822	0.000769562338909007	1.8505549586819e-05
1.0000616	0.000773110329719428	1.80796990246396e-05
0.89082122	0.000773491714644693	1.98061822827644e-05
0.79444051	0.000775155626526082	1.99755080351794e-05
0.70784986	0.000775508469763412	2.17411783396386e-05
0.63126236	0.000776218442657217	2.18794536912345e-05
0.562536	0.000779284423359219	2.30331482703961e-05
0.50118715	0.000781570071656597	2.24687275030761e-05
0.44642836	0.000781454971702258	2.492654862509e-05
0.39821118	0.00078457533375632	2.48840135172799e-05
0.35475865	0.000784782314507685	2.45952165971273e-05
0.31619295	0.000786073728975738	2.71364533974848e-05
0.2819173	0.000789179386919176	2.84763944991346e-05
0.25117323	0.00078973172228012	2.933964798094e-05
0.22391155	0.000792152715387563	3.00869062784555e-05
0.19957349	0.000793502964096319	3.22525047180083e-05
0.17779917	0.000794698134344638	3.26477677323227e-05
0.15846863	0.000797419078438075	3.47764918204859e-05
0.14123619	0.000798926508302801	3.78230666140848e-05
0.12590662	0.000802459864089851	4.09150073709911e-05
0.1122199	0.00080377096093709	4.01336174481317e-05
0.10002181	0.000807841811066719	4.50261311228683e-05
