10002.226	0.00118779001401603	-0.00954480786641693
8914.9326	0.00114596132922685	-0.00854488719849684
7943.9951	0.0011093878673272	-0.00764925450114185
7081.583	0.00107380943419542	-0.00684704203052756
6307.7358	0.00104313081395858	-0.00612559127649755
5622.5879	0.00101072910075284	-0.00548515889710891
5011.603	0.000982964944828948	-0.00491019071286507
4466.4292	0.000957115077647293	-0.00439586820098507
3981.2773	0.000934099475048198	-0.00393742195840115
3548.8679	0.000911976908500234	-0.00352667533046212
3163.0398	0.000894336066319128	-0.00315683003605633
2819.0986	0.000874983453649385	-0.00282620703573303
2512.4104	0.000858443078503696	-0.00253268573234007
2239.2869	0.000845162583416127	-0.00226917719896243
1995.6381	0.000829915196997207	-0.00203392722279878
1778.2897	0.000818089651282001	-0.00181980934177042
1584.4927	0.000806081219795625	-0.00163279500203927
1412.7418	0.000792034765550827	-0.00146453683859946
1258.7905	0.000785483135668653	-0.0013117170054249
1121.7966	0.000776109605007812	-0.00117739275874409
999.68164	0.000767068109621997	-0.00105395881889625
891.42474	0.00075984167302973	-0.000946267544303863
794.23932	0.000751978305891878	-0.000850177651033049
707.96161	0.000746442943457062	-0.000759988977500218
631.00977	0.000736056343258255	-0.000683243784683173
562.33929	0.000731138687834445	-0.000612592559733949
501.12231	0.000726361204110714	-0.000549489878821295
446.57214	0.000720664616163481	-0.000490012438835677
398.08899	0.000715074808065171	-0.000440016791877619
354.88681	0.000710236056008964	-0.00039118721271328
316.31589	0.000708351199444535	-0.000348879790048137
281.8942	0.000704683241041181	-0.000311866774414421
251.20601	0.000699896532595539	-0.00027458032359636
223.92496	0.000699273271407903	-0.000240736746996151
199.55338	0.000698259292507355	-0.000214215354178705
177.78128	0.000697329576114868	-0.000187109177310842
158.52898	0.000697283259018641	-0.000162724172577879
141.21979	0.000696608129750598	-0.000141992499594551
125.92673	0.00069728224198865	-0.000123260259462877
112.19009	0.0006997941224258	-0.000105330276393592
99.968163	0.000699813504914123	-8.88669870846633e-05
89.115646	0.000703600569709574	-7.76710865384052e-05
79.415741	0.000705064506175887	-6.17652896403112e-05
70.793182	0.000707632330600115	-5.10187431737481e-05
63.082279	0.000710810087485034	-4.13750521264105e-05
56.241825	0.000715507950348908	-3.19224102186207e-05
50.112232	0.000713358495673101	-2.28430635688163e-05
44.671223	0.000718769971959432	-1.87783858915173e-05
39.808899	0.000723119197542069	-1.39000288767078e-05
35.488308	0.000726475983174427	-7.91749223511814e-06
31.629578	0.000727522398247107	-1.41214429712651e-06
28.187037	0.000731057649370403	1.23926073848793e-06
25.120602	0.000735485808245138	3.98243247289519e-06
22.385418	0.000736792573614051	6.88924089699689e-06
19.955338	0.000740791161765806	8.74660773143968e-06
17.775894	0.000744497774738877	1.17131844189906e-05
15.846864	0.000745254262027922	1.11503535446524e-05
14.127493	0.000749355456018471	1.26841340180359e-05
12.587309	0.000751144578499984	1.45192932880798e-05
11.216775	0.000753203238562476	1.38045364162183e-05
9.9968166	0.000755965066106477	1.39862429253475e-05
8.9082127	0.000755818159420223	1.60492078371123e-05
7.9395623	0.000757818958522825	1.68994032988983e-05
7.0765615	0.000759411057255878	1.74817429654471e-05
6.3105822	0.000759839804867704	1.82879149686059e-05
5.6245475	0.00075994135021912	1.49507550760539e-05
5.0112233	0.000763047445748925	1.69371497630389e-05
4.4642835	0.000767067396316851	1.57426568860452e-05
3.9819033	0.000765359597136776	1.6315665710172e-05
3.5479143	0.00076827811872705	1.80066213667038e-05
3.1629577	0.000769656172383801	1.82059705929752e-05
2.818361	0.000769570583394541	1.7290595130401e-05
2.5112481	0.000770104487434069	1.60159693509808e-05
2.2398233	0.000772303236305008	1.62244334894874e-05
1.9950197	0.000772489881966995	1.63232499290733e-05
1.7775893	0.000773955329033353	1.86750752623982e-05
1.5846864	0.000776600709136388	1.77348738077789e-05
1.4122353	0.000775346654099971	1.66223444922427e-05
1.2582541	0.000778628021088546	2.07592948047532e-05
1.1224822	0.000778599000482618	1.90722317599825e-05
1.0000616	0.000779396987124697	1.9259947272261e-05
0.89082122	0.000781738508272884	1.96647718724883e-05
0.79444051	0.000781912692179336	2.05604407871292e-05
0.70784986	0.000782272924970179	2.26937406186906e-05
0.63126236	0.000785683582272345	2.34909204911301e-05
0.562536	0.000785549657992625	2.04693059485629e-05
0.50118715	0.00078865247460041	2.27856389238114e-05
0.44642836	0.000790608396404366	2.43019598400325e-05
0.39821118	0.000791527699607728	2.48450025801876e-05
0.35475865	0.000792628793256633	2.69162905111551e-05
0.31619295	0.000793537701129573	2.84191918451999e-05
0.2819173	0.000795504143701681	2.83153216541736e-05
0.25117323	0.000797572746685478	3.04794200875459e-05
0.22391155	0.000798770736956501	3.1258860723539e-05
0.19957349	0.00080201868449801	3.10074524945799e-05
0.17779917	0.000803076850099908	3.41984603642085e-05
0.15846863	0.000805270840702717	3.59880437238467e-05
0.14123619	0.000806805546670782	3.48744352002814e-05
0.12590662	0.000806637163030302	4.03394181420163e-05
0.1122199	0.000809722121599274	4.0815780796944e-05
0.10002181	0.000813608144879693	4.29378033667313e-05
