10002.226	0.00118619475108663	-0.00954562307287378
8914.9326	0.00114727900409091	-0.00854482214235177
7943.9951	0.00110731188835793	-0.00764804205365113
7081.583	0.00107486674328681	-0.00684721206367991
6307.7358	0.00104288836698046	-0.006126914220824
5622.5879	0.00101248887563143	-0.0054861562719248
5011.603	0.000982302427902226	-0.00491204161611895
4466.4292	0.000958449582024176	-0.00439848011308727
3981.2773	0.000933748484400325	-0.00393815941426094
3548.8679	0.000910005668924256	-0.00352572187039598
3163.0398	0.000892650585819333	-0.00315805339493982
2819.0986	0.00087287978039876	-0.00282837457723282
2512.4104	0.000860202817105287	-0.00253246695233516
2239.2869	0.000844671356523566	-0.002270191736891
1995.6381	0.000831350086574644	-0.00203199298445869
1778.2897	0.000816533574211882	-0.0018198335516792
1584.4927	0.000805381833271787	-0.00163127224459075
1412.7418	0.000792134457053921	-0.00146283695413996
1258.7905	0.000785138067274863	-0.00131306306228531
1121.7966	0.000776372718310039	-0.00117746042248275
999.68164	0.000767304506514294	-0.00105466304515524
891.42474	0.00075864100891077	-0.000947415703295818
794.23932	0.000752247072179292	-0.000850838778693419
707.96161	0.000745240957910204	-0.000761945302494128
631.00977	0.000737036284226929	-0.000684973384645325
562.33929	0.00073176709230623	-0.000610688069901349
501.12231	0.000725644910899982	-0.000548260285884529
446.57214	0.000720857758296547	-0.000489739642258287
398.08899	0.000715493060146255	-0.000438103730656731
354.88681	0.000709626387177309	-0.000394940925627613
316.31589	0.000708924614687569	-0.000346631890385251
281.8942	0.000702031962234093	-0.000310659860393715
251.20601	0.000699170231901308	-0.000275038969240643
223.92496	0.000701186726987171	-0.000243780415800449
199.55338	0.000700729111700911	-0.000216845359431354
177.78128	0.000698221605797611	-0.000186775997431611
158.52898	0.00069874745358943	-0.00016461795127897
141.21979	0.00069478839786813	-0.000141966686650474
125.92673	0.000698057000103739	-0.000120828335930523
112.19009	0.000700143540082167	-0.0001079545264874
99.968163	0.000701798905044615	-9.09377133184114e-05
89.115646	0.000703271131532132	-7.48360527966273e-05
79.415741	0.000705683591697512	-6.38621535652198e-05
70.793182	0.000707616604421243	-5.10195610002159e-05
63.082279	0.000709296501303015	-4.13768288107673e-05
56.241825	0.000715048413324857	-3.40167525835582e-05
50.112232	0.000716166084707154	-2.40172053767604e-05
44.671223	0.000719442936347935	-1.69976341071307e-05
39.808899	0.000724303770447455	-1.22029498553744e-05
35.488308	0.000726831290323584	-6.75826338240066e-06
31.629578	0.000729190701376186	-1.40964527324731e-06
28.187037	0.00073116335592326	1.10749469185587e-06
25.120602	0.000734295333653103	4.21323696163866e-06
22.385418	0.000739310841155609	7.35568784284699e-06
19.955338	0.000741560195798135	7.96774344267488e-06
17.775894	0.000743846215148566	1.15373586251249e-05
15.846864	0.000744788253035956	1.16483088100507e-05
14.127493	0.000746742772091169	1.35634927324469e-05
12.587309	0.000750721197479535	1.59802376982274e-05
11.216775	0.000751684029951076	1.35489550807349e-05
9.9968166	0.000753649333724732	1.41871137231988e-05
8.9082127	0.000753691389282698	1.72793432538442e-05
7.9395623	0.00075648648288965	1.57608870123391e-05
7.0765615	0.000760803034707021	1.70290345515238e-05
6.3105822	0.000762006496622042	1.63249442225852e-05
5.6245475	0.000762053163927995	1.63479523320293e-05
5.0112233	0.000762376440111152	1.64476971420508e-05
4.4642835	0.000768054521669013	1.80368075518924e-05
3.9819033	0.000767397486797934	1.61298835839175e-05
3.5479143	0.000768822069858811	1.67336265691929e-05
3.1629577	0.000770102440695515	1.96361910016564e-05
2.818361	0.000771305807310892	1.64520313880431e-05
2.5112481	0.000770004230405323	1.77022828214298e-05
2.2398233	0.000771995736643766	1.72668184632011e-05
1.9950197	0.000771815225479547	1.65140050340607e-05
1.7775893	0.000774471448874756	1.67221812468785e-05
1.5846864	0.000775749430907659	1.93082373084255e-05
1.4122353	0.000774601525909476	1.91879618710968e-05
1.2582541	0.00077862913735318	2.00926555968839e-05
1.1224822	0.000779251471629204	1.83469243658602e-05
1.0000616	0.000779538800824388	2.11055441449111e-05
0.89082122	0.000779406060420925	2.07105123405312e-05
0.79444051	0.00078262989847616	2.04872337375121e-05
0.70784986	0.00078430375289211	2.19394711752959e-05
0.63126236	0.000786114483816183	2.06909798449813e-05
0.562536	0.000787529780274739	2.3110854361947e-05
0.50118715	0.000788516019758493	2.40228122189773e-05
0.44642836	0.000789472665872158	2.27304261480482e-05
0.39821118	0.000790855449337214	2.53048442930158e-05
0.35475865	0.00079094147624057	2.7195925516516e-05
0.31619295	0.000795041873005343	2.78907383786421e-05
0.2819173	0.000798179644214441	2.85013684823893e-05
0.25117323	0.00079779443073699	2.99724855352313e-05
0.22391155	0.000801202609339645	2.98708650346205e-05
0.19957349	0.000801821832358356	3.36720646752853e-05
0.17779917	0.000803933145846966	3.28323724910808e-05
0.15846863	0.000805069846135239	3.27907578927914e-05
0.14123619	0.000805960716730208	3.73206943599107e-05
0.12590662	0.000809132538492429	3.77000526431724e-05
0.1122199	0.000811467853558574	4.13924325986808e-05
0.10002181	0.00081449149248056	4.21895192175887e-05
