10002.226	0.00118719144244425	-0.00954522600243395
8914.9326	0.00114711770915974	-0.00854389789958403
7943.9951	0.00110890643579902	-0.00764573547107125
7081.583	0.00107360497589385	-0.00684821853937088
6307.7358	0.00104263085659154	-0.00612566411811018
5622.5879	0.00101179299553743	-0.00548442853039136
5011.603	0.00098225017574227	-0.00491299879437001
4466.4292	0.00095870648312745	-0.00439616899959066
3981.2773	0.000933580836700906	-0.00393669683704396
3548.8679	0.000911931695825046	-0.00352448944344395
3163.0398	0.000893154544959336	-0.00315769421892722
2819.0986	0.000875312862144395	-0.0028270548700155
2512.4104	0.000860342731738234	-0.00253200955415998
2239.2869	0.000842441995202352	-0.00226823415285868
1995.6381	0.000831365153014021	-0.00203158927623457
1778.2897	0.000817104909715254	-0.00182250005151659
1584.4927	0.000805838483027147	-0.00163141787221614
1412.7418	0.000794696760406867	-0.00146343321171761
1258.7905	0.000785062566965264	-0.00131347274101076
1121.7966	0.000775881222080523	-0.00117834235337927
999.68164	0.000768608890255805	-0.00105360269326016
891.42474	0.00075988824896004	-0.000947877718247136
794.23932	0.00075162567072313	-0.000850174049329035
707.96161	0.000745943829968787	-0.000761072956756652
631.00977	0.000737514140525104	-0.000683115878225228
562.33929	0.000730546774954408	-0.000611626020382274
501.12231	0.000727028814513249	-0.000549089360194444
446.57214	0.000720295147731183	-0.000490901475649878
398.08899	0.000714819733149753	-0.000440768184352331
354.88681	0.000713163933285642	-0.000391516477838377
316.31589	0.000708816309837506	-0.00034752006876384
281.8942	0.000705211141749933	-0.000311625256382804
251.20601	0.000701103011772361	-0.000275397796901998
223.92496	0.000702573798905817	-0.000242319968861423
199.55338	0.000698720909733497	-0.000217064839933368
177.78128	0.000697213175813181	-0.000186252132506674
158.52898	0.000697024404508896	-0.000163142357765871
141.21979	0.000697171648310658	-0.000143901127412881
125.92673	0.000697910348771874	-0.000124048570791977
112.19009	0.000698686398302523	-0.000106614531786272
99.968163	0.000701170712927043	-8.76982347387719e-05
89.115646	0.000703417268962996	-7.50792354017119e-05
79.415741	0.000705188703551299	-6.17088656878551e-05
70.793182	0.000707037347133018	-5.11842375324662e-05
63.082279	0.000708044171330685	-4.18139512050849e-05
56.241825	0.000713245789015401	-2.99819219001678e-05
50.112232	0.000713915573469491	-2.32823910942931e-05
44.671223	0.000720776219085439	-1.98538728751812e-05
39.808899	0.000723542462885362	-1.31386244115146e-05
35.488308	0.000725108128648964	-1.10136467388006e-05
31.629578	0.000728488559121315	-3.61670624254103e-06
28.187037	0.000731114569798546	1.32941284014858e-08
25.120602	0.000733410635279739	5.66972638867719e-06
22.385418	0.000738025284917463	5.84805338965775e-06
19.955338	0.000739663492659264	8.53186980333436e-06
17.775894	0.000741388542343975	1.10975400737655e-05
15.846864	0.000744774067247136	1.0863975066328e-05
14.127493	0.000749063612450245	1.37264231229788e-05
12.587309	0.000751447741346864	1.31032220842851e-05
11.216775	0.000752024617827691	1.48117445152237e-05
9.9968166	0.000754792203300486	1.43136200960922e-05
8.9082127	0.000754447892277391	1.62508941580103e-05
7.9395623	0.000756507001527766	1.53210253954208e-05
7.0765615	0.000761474407406256	1.85139542082379e-05
6.3105822	0.000762384328364154	1.77243772559902e-05
5.6245475	0.000762316058662742	1.77066541971646e-05
5.0112233	0.000763391367716226	1.66099804737914e-05
4.4642835	0.000766290675778445	1.77660062840853e-05
3.9819033	0.000765210873106692	1.61370776122339e-05
3.5479143	0.000767438105329476	1.66032996782628e-05
3.1629577	0.000769135932967679	1.85163345057805e-05
2.818361	0.00077057103734916	1.63063072324283e-05
2.5112481	0.000772218333098102	1.58123157370882e-05
2.2398233	0.000771908386560255	1.89364565990061e-05
1.9950197	0.000771782785483284	1.72522619797602e-05
1.7775893	0.000774835470166473	1.90612204468093e-05
1.5846864	0.000774827901805053	1.77208328498816e-05
1.4122353	0.000774900526105113	1.72187501182855e-05
1.2582541	0.000778027533334767	1.93134776092662e-05
1.1224822	0.000777679143137926	1.9594386679312e-05
1.0000616	0.000779958366074626	1.99673840746576e-05
0.89082122	0.000783617125571263	2.09380137468701e-05
0.79444051	0.000781775063992684	1.78817675651567e-05
0.70784986	0.000784212592783017	2.23161214018738e-05
0.63126236	0.000785870760073129	2.11118124006451e-05
0.562536	0.000786364297420935	2.34673681301294e-05
0.50118715	0.000787301670006776	2.26503577460319e-05
0.44642836	0.000788352735942389	2.33087401703721e-05
0.39821118	0.000794163156994244	2.57790547636618e-05
0.35475865	0.000792028758960452	2.58850360370915e-05
0.31619295	0.000793447667214451	2.65898308627874e-05
0.2819173	0.00079808666709219	2.92882845957575e-05
0.25117323	0.000797530576747724	3.1409989669597e-05
0.22391155	0.000799472201523243	3.12707027945009e-05
0.19957349	0.000802160707685597	3.21619902156993e-05
0.17779917	0.000802635227680172	3.26838203717696e-05
0.15846863	0.000805570582257807	3.63620748783082e-05
0.14123619	0.000808352407852025	3.52295614718548e-05
0.12590662	0.000809305328860716	3.85132913069744e-05
0.1122199	0.000812459669666435	3.91581372637444e-05
0.10002181	0.000813829738521444	4.36592279736279e-05
