10002.226	0.00118759149063572	-0.00954550987039377
8914.9326	0.00114645927375344	-0.00854518460777683
7943.9951	0.00110822557159964	-0.00765033819279548
7081.583	0.00107343175460423	-0.00684726041669657
6307.7358	0.00104211140752432	-0.00612577195481131
5622.5879	0.00101268584389204	-0.00548417272010375
5011.603	0.000982353132080484	-0.00491253175314819
4466.4292	0.000956701600939406	-0.00439735917810107
3981.2773	0.000934188788559715	-0.003937458511627
3548.8679	0.000911181618640618	-0.00352809890681928
3163.0398	0.000894615786523948	-0.00315734017038783
2819.0986	0.000874944733423457	-0.00282625840212475
2512.4104	0.000858187784432544	-0.00253249396879599
2239.2869	0.000841717056827857	-0.00227022466961794
1995.6381	0.00083089563002533	-0.00203135455550083
1778.2897	0.000817236355925437	-0.00182058840042692
1584.4927	0.000806156166190531	-0.00163075486005945
1412.7418	0.000791349828708548	-0.00146372789231583
1258.7905	0.00078575807462638	-0.00131194745213736
1121.7966	0.000775834757062314	-0.00117597515421357
999.68164	0.000767437850387931	-0.00105378668770364
891.42474	0.0007604222246185	-0.000947333406702169
794.23932	0.00075184241915778	-0.000850150710958117
707.96161	0.000743748149037695	-0.000761327710677105
631.00977	0.000736115678100615	-0.000683810002290438
562.33929	0.00073153222591558	-0.000612211015515178
501.12231	0.000724905194596068	-0.000549232075083048
446.57214	0.000719459576703707	-0.000490244677915045
398.08899	0.000713258797561875	-0.000438539696233935
354.88681	0.000712315821987986	-0.000390866579405776
316.31589	0.000707124516680184	-0.000347216751908284
281.8942	0.000703023018015621	-0.000310472695686716
251.20601	0.000701070841681402	-0.000274874644757098
223.92496	0.000698076040418355	-0.000240480041441361
199.55338	0.000698391700334161	-0.000215054530712369
177.78128	0.000700258697310709	-0.000187388580990239
158.52898	0.000697951147541897	-0.000163523947562932
141.21979	0.000696448443002719	-0.000142614925676233
125.92673	0.000696799890646467	-0.000123419838428002
112.19009	0.000702235005351296	-0.00010606593249126
99.968163	0.000700336607391058	-9.09773624367232e-05
89.115646	0.000703498183480559	-7.64018289265967e-05
79.415741	0.000705228055985588	-6.48067446667489e-05
70.793182	0.000708574101620491	-5.00853401391016e-05
63.082279	0.000709687903942217	-3.86188149610353e-05
56.241825	0.000714488923428934	-3.25994451380594e-05
50.112232	0.000715311949226337	-2.39117763192788e-05
44.671223	0.000718185731985672	-1.5539035747325e-05
39.808899	0.000722949511634556	-1.20422373875104e-05
35.488308	0.000726709702949333	-7.69523811265918e-06
31.629578	0.000728665403004327	-2.12499578525088e-06
28.187037	0.000732236816536517	5.15656203093009e-08
25.120602	0.000735217284078203	5.47106901383813e-06
22.385418	0.000738150534433808	7.38631720598518e-06
19.955338	0.000740566140711112	7.45893594696542e-06
17.775894	0.000742538609771303	1.09819297698535e-05
15.846864	0.000747101084896284	1.1223208623306e-05
14.127493	0.000748494398347878	1.3632579456634e-05
12.587309	0.000748460290626077	1.34858553433699e-05
11.216775	0.000752423065783203	1.46903809791684e-05
9.9968166	0.000755206761737124	1.47167479898964e-05
8.9082127	0.000755527470916972	1.62055469379009e-05
7.9395623	0.000758149180978715	1.64003408175669e-05
7.0765615	0.000760601107483289	1.80131918161553e-05
6.3105822	0.00075893767761495	1.57020153735861e-05
5.6245475	0.000762578641752903	1.55928773618567e-05
5.0112233	0.000763656973710658	1.74530600320521e-05
4.4642835	0.000764980505844624	1.69351425304877e-05
3.9819033	0.000766257052864611	1.66792103513493e-05
3.5479143	0.000767628265657616	1.80372535669406e-05
3.1629577	0.000769031113469572	1.76374774889681e-05
2.818361	0.000769949734691073	1.88524700014253e-05
2.5112481	0.000772091993521884	1.70353204202555e-05
2.2398233	0.000770778829255958	1.67334557059768e-05
1.9950197	0.000772391341778266	1.72211147030476e-05
1.7775893	0.000772516469420094	1.674617221487e-05
1.5846864	0.000775147271581576	1.81644314220411e-05
1.4122353	0.000774280322394937	1.92334303204907e-05
1.2582541	0.000776214983720439	2.00162851324483e-05
1.1224822	0.000778462579490931	1.82263839416243e-05
1.0000616	0.000781147229523535	2.06144969291434e-05
0.89082122	0.000781338132102946	2.02765699916454e-05
0.79444051	0.000782806709487667	2.08628696020206e-05
0.70784986	0.000784177053048104	2.22768430998991e-05
0.63126236	0.000787400440427659	2.24124252655928e-05
0.562536	0.000786138256613571	2.05308292972591e-05
0.50118715	0.000788709452589959	2.40445736244471e-05
0.44642836	0.000791129213458074	2.40240864144083e-05
0.39821118	0.000791793130397625	2.49983494857932e-05
0.35475865	0.000793396707534527	2.79328742309478e-05
0.31619295	0.000794762782836111	2.69551676525369e-05
0.2819173	0.000796568684719963	2.82306815312228e-05
0.25117323	0.000796505109972282	2.87418010547347e-05
0.22391155	0.000800493436676425	3.08871513778234e-05
0.19957349	0.00080264821771841	3.15068115813497e-05
0.17779917	0.000802947534068227	3.21089990630618e-05
0.15846863	0.000804502001076456	3.70723126430185e-05
0.14123619	0.000808487923809232	3.76598386768164e-05
0.12590662	0.000809494302874729	3.98500891338099e-05
0.1122199	0.000811022196647062	3.96710431408595e-05
0.10002181	0.000813439775429446	4.24705322703979e-05
