10002.226	0.00118671755738643	-0.00954641991366339
8914.9326	0.00114524752197994	-0.00854596525554843
7943.9951	0.0011076059071738	-0.00764671966229475
7081.583	0.00107282142864969	-0.00684637825291865
6307.7358	0.00104245380830848	-0.0061267240936117
5622.5879	0.00100956965139523	-0.00548630611345148
5011.603	0.000981173313307124	-0.00491268685249622
4466.4292	0.000958698147822899	-0.00439465611089082
3981.2773	0.00093383903855553	-0.00393787537967674
3548.8679	0.00090877407843587	-0.00352634438684585
3163.0398	0.000892241228430858	-0.00315884957412542
2819.0986	0.000874958919803175	-0.00282665706891498
2512.4104	0.000858449036181994	-0.00253249217419418
2239.2869	0.000843405182191015	-0.0022706262038074
1995.6381	0.000828903249541828	-0.0020313972155558
1778.2897	0.000816796763731898	-0.00182025690447587
1584.4927	0.000804982853621665	-0.00163086591570493
1412.7418	0.000794934790247911	-0.00146208692300717
1258.7905	0.000786203786737688	-0.00131296122950224
1121.7966	0.000775459928657675	-0.00117666066766086
999.68164	0.000768205472673545	-0.00105365745923804
891.42474	0.000759226292775601	-0.000949015055191936
794.23932	0.000752033193587645	-0.00084947198794962
707.96161	0.000743922782679741	-0.000761013083649117
631.00977	0.000736695124203649	-0.000683624583751145
562.33929	0.000730567893931153	-0.000612411897979666
501.12231	0.000726408145301702	-0.000549704297613231
446.57214	0.000719885477722139	-0.000491566462674563
398.08899	0.000714392261520209	-0.000439292190028947
354.88681	0.000712188662010204	-0.000392536906243812
316.31589	0.000709319501305349	-0.000348195330864409
281.8942	0.000704826309594453	-0.00031136233978812
251.20601	0.000699360972969133	-0.000276507692940328
223.92496	0.000701564427700441	-0.0002427264504298
199.55338	0.000698768626300292	-0.000216881094340173
177.78128	0.00069849319704686	-0.000185229796663365
158.52898	0.000699797168653525	-0.000163935813459844
141.21979	0.000697333020074439	-0.000141491583917139
125.92673	0.000697330608627066	-0.000123697722527327
112.19009	0.000699044912262695	-0.000106784531757933
99.968163	0.000701182134033717	-9.1463556778849e-05
89.115646	0.000702550799322958	-7.45439172837238e-05
79.415741	0.000705899724660608	-6.38183986433138e-05
70.793182	0.000707649053631658	-5.15710130774692e-05
63.082279	0.000710063220379289	-4.04390637924795e-05
56.241825	0.000714278422476716	-3.33307087700871e-05
50.112232	0.000717896665017578	-2.35102644249668e-05
44.671223	0.000719158492168271	-1.75760044072232e-05
39.808899	0.000725227763358298	-1.42899534839233e-05
35.488308	0.000727550620200889	-6.74935053389067e-06
31.629578	0.000729123079270223	-2.04427014664005e-06
28.187037	0.000730838891100218	1.01457952553254e-06
25.120602	0.000735875106720758	3.74417988335726e-06
22.385418	0.000738117184726289	7.25668620142054e-06
19.955338	0.000737899753037036	1.00080094691202e-05
17.775894	0.000741682849745697	1.07324804127362e-05
15.846864	0.000743355919891696	1.18748086218515e-05
14.127493	0.000748731025179689	1.23472009142434e-05
12.587309	0.000748505220732793	1.48707906466699e-05
11.216775	0.000750603682880906	1.59926462927879e-05
9.9968166	0.000752296250107807	1.56746570027025e-05
8.9082127	0.000756326691255341	1.52192741467274e-05
7.9395623	0.000756293141357535	1.64403922657911e-05
7.0765615	0.000758942278436411	1.86759450340129e-05
6.3105822	0.000760708777297293	1.84996626322457e-05
5.6245475	0.00076386559113181	1.65266303884663e-05
5.0112233	0.000764286073249847	1.83344225964523e-05
4.4642835	0.000766036760506251	1.69084254176729e-05
3.9819033	0.000766154686032943	1.55888305746407e-05
3.5479143	0.000769096418318831	1.8257560659e-05
3.1629577	0.000771176952831981	1.92657456058266e-05
2.818361	0.000771420439068789	1.62239149424862e-05
2.5112481	0.00077068663126658	1.72112477149293e-05
2.2398233	0.000769788836784369	1.80095463781469e-05
1.9950197	0.000772389149648989	1.58102188689754e-05
1.7775893	0.000774277738162484	1.81808633910999e-05
1.5846864	0.000775310721750465	1.67881561123932e-05
1.4122353	0.000775760878977206	1.80441302382003e-05
1.2582541	0.00077683298207799	1.95539467198346e-05
1.1224822	0.000780415989791003	1.87370985020618e-05
1.0000616	0.000779747876156039	2.00927397257873e-05
0.89082122	0.000780104384068154	2.09875300818716e-05
0.79444051	0.000783226415587993	1.9817249065286e-05
0.70784986	0.000783543206664643	2.15083475261258e-05
0.63126236	0.000785482348379923	2.28959268127279e-05
0.562536	0.000785122551060905	2.38279611935145e-05
0.50118715	0.000787590838954472	2.29563064851081e-05
0.44642836	0.000789062700831436	2.36381880998699e-05
0.39821118	0.00079207687020899	2.60596901820901e-05
0.35475865	0.000789684494518807	2.51513681824161e-05
0.31619295	0.000794444305450878	2.89245980976074e-05
0.2819173	0.000795147298592946	2.93790716283731e-05
0.25117323	0.000797078947562182	2.96562401294361e-05
0.22391155	0.000798974895725214	3.02213654382746e-05
0.19957349	0.000801368623142548	3.22949021030625e-05
0.17779917	0.000801158025467772	3.28513794051126e-05
0.15846863	0.000804443461308573	3.45837471896087e-05
0.14123619	0.000805046025842444	3.78388193640028e-05
0.12590662	0.000809028603961865	3.9620660095813e-05
0.1122199	0.000811457673801295	4.24593891404672e-05
0.10002181	0.000815267490154773	4.22322306414775e-05
