10002.226	0.00118703728481034	-0.0095442286960072
8914.9326	0.00114443239116282	-0.00854459817211456
7943.9951	0.00110885447979563	-0.0076459469077574
7081.583	0.00107500774466784	-0.00684695437020967
6307.7358	0.00104281075020773	-0.00612730747185921
5622.5879	0.00101043549698827	-0.00548557026756465
5011.603	0.000979984797082561	-0.00491315687073388
4466.4292	0.000958133567261906	-0.00439590271780071
3981.2773	0.000933543729631036	-0.00393830746775668
3548.8679	0.000910843282057295	-0.00352455176444372
3163.0398	0.000893402175119899	-0.00315818572039783
2819.0986	0.000874833892629314	-0.00282566261121921
2512.4104	0.000860758599735977	-0.00252965407294063
2239.2869	0.000843120345104329	-0.00226993321539966
1995.6381	0.00083014426068965	-0.00202956516482176
1778.2897	0.000820452247312341	-0.00182003070211489
1584.4927	0.000807953307946527	-0.00163111522678657
1412.7418	0.00079438375129773	-0.00146401290063131
1258.7905	0.000785883856558852	-0.00131243770420909
1121.7966	0.000775256282993916	-0.00117917949567448
999.68164	0.000769091664220147	-0.00105642808777178
891.42474	0.000760713517374404	-0.00094585878573329
794.23932	0.000751053735793607	-0.000847587778120549
707.96161	0.000743023802708825	-0.000761687218558219
631.00977	0.000737099770137041	-0.000683038492589595
562.33929	0.000731409187349311	-0.000612255077723221
501.12231	0.000727308444710108	-0.00054821207953703
446.57214	0.000718890247712623	-0.000490492242162778
398.08899	0.00071524616043284	-0.00043935959939162
354.88681	0.000710155333624013	-0.000390789522865556
316.31589	0.000709319091345669	-0.000347318361054316
281.8942	0.000704690402848623	-0.000309375193242302
251.20601	0.000699732374118518	-0.00027609663998572
223.92496	0.000699488373789847	-0.000242048609508144
199.55338	0.000699951792419155	-0.0002141434775717
177.78128	0.000696299346968705	-0.000187366653287352
158.52898	0.000697776979741718	-0.000164385645873731
141.21979	0.000698920454157063	-0.000144311430124868
125.92673	0.000696065012162364	-0.000122435661914004
112.19009	0.000699576114534793	-0.000106735693269218
99.968163	0.000700559081117788	-8.97708675134453e-05
89.115646	0.000702871797992119	-7.61612024850339e-05
79.415741	0.000706695610147063	-6.50764772707539e-05
70.793182	0.000708138361352677	-5.3034573586885e-05
63.082279	0.00071095944849466	-4.2460598451836e-05
56.241825	0.000712925200178718	-3.34396039457117e-05
50.112232	0.000716431169494994	-2.26918594133679e-05
44.671223	0.000718992890892919	-1.93003340198777e-05
39.808899	0.00072289094044349	-1.13825254741096e-05
35.488308	0.000728240883672838	-9.06720571665314e-06
31.629578	0.000728990019129973	-5.34868533537136e-07
28.187037	0.000731613151335457	-6.97677414937699e-07
25.120602	0.000733777325650768	3.72285337227913e-06
22.385418	0.000737119804936875	6.18636833377761e-06
19.955338	0.000741034855126776	9.70268990382279e-06
17.775894	0.000744166331924294	1.12800705115568e-05
15.846864	0.00074343030722911	1.1173338790621e-05
14.127493	0.000748227073887403	1.52726227909259e-05
12.587309	0.000749940335448523	1.32092002602222e-05
11.216775	0.000751665027807353	1.38044340519394e-05
9.9968166	0.000753684167821503	1.41394650213809e-05
8.9082127	0.000755735285434397	1.49028659490125e-05
7.9395623	0.00075614714093158	1.57577541448845e-05
7.0765615	0.000760029122561323	1.74307849824058e-05
6.3105822	0.000760941844504901	1.59800466192081e-05
5.6245475	0.00076117522622232	1.72764899612151e-05
5.0112233	0.000763997416972723	1.76227462951012e-05
4.4642835	0.000766904047809224	1.65168361833403e-05
3.9819033	0.000766522845560315	1.59812063804585e-05
3.5479143	0.000767113861363067	1.49802958123206e-05
3.1629577	0.000770415197528627	1.71955136916105e-05
2.818361	0.000771431762453723	1.71232959402223e-05
2.5112481	0.000771687240970493	1.69073354133999e-05
2.2398233	0.000770532805530359	1.68929695322451e-05
1.9950197	0.000771422193814436	1.61038018310039e-05
1.7775893	0.000774980716151815	1.81359348278331e-05
1.5846864	0.000774972311159648	1.77321700983984e-05
1.4122353	0.000776241190976849	1.6630907811246e-05
1.2582541	0.000777573968661247	1.88344442106482e-05
1.1224822	0.000780051169815395	2.1770903051063e-05
1.0000616	0.000780016754409078	1.82306449617375e-05
0.89082122	0.000780723437270299	1.99649602762975e-05
0.79444051	0.000782810302218037	2.21878393745436e-05
0.70784986	0.000783750312700874	1.97978612538537e-05
0.63126236	0.000785944758087028	2.20008903269941e-05
0.562536	0.000786154560078246	2.23628271144084e-05
0.50118715	0.000787909081666944	2.28081342692131e-05
0.44642836	0.000790172329471179	2.52038604864278e-05
0.39821118	0.000792522329627438	2.69777598034551e-05
0.35475865	0.0007917772770537	2.59224979307915e-05
0.31619295	0.00079490343224909	2.82639471396714e-05
0.2819173	0.000794338323644162	2.93148175302472e-05
0.25117323	0.000797314341534519	2.8822119863067e-05
0.22391155	0.000799237100813469	2.89988372164095e-05
0.19957349	0.000800516389387469	3.27865869764441e-05
0.17779917	0.000803264476467069	3.29738523778757e-05
0.15846863	0.000804541744329503	3.52290070359841e-05
0.14123619	0.000805909132550676	3.76502455453435e-05
0.12590662	0.000809343748035814	3.78133787855793e-05
0.1122199	0.000812409326134651	3.97570777808433e-05
0.10002181	0.000813718851112798	4.25800720756484e-05
