10002.226	0.0011679687297344	-0.00955544915924971
8914.9326	0.00112767746948948	-0.00855383441964045
7943.9951	0.00109163685616575	-0.00765655349469498
7081.583	0.00105667331175079	-0.00685453559107362
6307.7358	0.00102654020631607	-0.00613248314337897
5622.5879	0.00099422520291529	-0.00549088134615357
5011.603	0.000964871813836884	-0.00491633009156617
4466.4292	0.000942234086514436	-0.00440084280193725
3981.2773	0.000918173501847907	-0.00394135589268793
3548.8679	0.000894526475780878	-0.00352744967192085
3163.0398	0.000875433498630478	-0.00315984361317943
2819.0986	0.000859700719084108	-0.00283019049083292
2512.4104	0.000843100988389351	-0.0025343681172497
2239.2869	0.000826672576808852	-0.00227259758209712
1995.6381	0.000812648635139894	-0.00203493490011191
1778.2897	0.000802109854997345	-0.00182261210324934
1584.4927	0.000788717309994052	-0.00163340210829233
1412.7418	0.000777819929061378	-0.00146647824326345
1258.7905	0.000767506647544626	-0.00131235626399835
1121.7966	0.000758512835793717	-0.00117896465457248
999.68164	0.000751130609073895	-0.00105796232334832
891.42474	0.000740743761950788	-0.000947871106569907
794.23932	0.000734974822320851	-0.000850692294723557
707.96161	0.000726322883490053	-0.000760761537844022
631.00977	0.000721044259248521	-0.000684901737488172
562.33929	0.000714716438971319	-0.000612232489273856
501.12231	0.000709575584017	-0.000549530899755927
446.57214	0.000703100519051729	-0.000491962533674582
398.08899	0.000697083991545427	-0.000440269375490734
354.88681	0.000693468113730701	-0.000391435076706384
316.31589	0.000691887229944854	-0.000349538516997592
281.8942	0.000687138316283372	-0.000309212202622622
251.20601	0.000684149680794145	-0.000275624696359994
223.92496	0.000683974750882364	-0.000244225956914169
199.55338	0.000683610905002095	-0.000212666395787648
177.78128	0.000681224444165071	-0.000186351519624947
158.52898	0.000681335471030766	-0.000161630784341981
141.21979	0.000679552195769699	-0.000143056984597023
125.92673	0.000682079883593438	-0.000124212327310359
112.19009	0.000683966448083927	-0.000107505625953669
99.968163	0.000683927025168817	-8.92629464484056e-05
89.115646	0.00068624284117636	-7.68759937892781e-05
79.415741	0.000690312003591984	-6.23637253570171e-05
70.793182	0.000689766378389238	-5.24493242725509e-05
63.082279	0.000694063069842119	-4.1746666792373e-05
56.241825	0.000699007042842705	-3.31804980265697e-05
50.112232	0.000700710482313446	-2.17815213626124e-05
44.671223	0.000702700277191559	-1.77618854098413e-05
39.808899	0.000706650613583391	-1.2622105651988e-05
35.488308	0.000710240791274659	-7.6783146775187e-06
31.629578	0.000712562580016235	-3.03282130511979e-06
28.187037	0.000715300830842444	-1.36322682621748e-06
25.120602	0.000717848390557512	2.42458826018156e-06
22.385418	0.00072099069866282	5.24633086841515e-06
19.955338	0.000724335310287083	8.12498230715439e-06
17.775894	0.000725854855992462	1.15403907902139e-05
15.846864	0.000729545190456593	9.12446766115826e-06
14.127493	0.000733465672245441	1.39145807483616e-05
12.587309	0.000733818602347693	1.40291468251602e-05
11.216775	0.000734170878322214	1.35018883059248e-05
9.9968166	0.000737387589053681	1.44376145849333e-05
8.9082127	0.00074011619423995	1.45431251670177e-05
7.9395623	0.000739322182660195	1.71077240704523e-05
7.0765615	0.000741869251243131	1.69245053127817e-05
6.3105822	0.000743601128302826	1.62594886682343e-05
5.6245475	0.000745860834888813	1.40283961454475e-05
5.0112233	0.000748759144373898	1.6704481382648e-05
4.4642835	0.000747827258900536	1.68420261779413e-05
3.9819033	0.000749814174602363	1.7066733174117e-05
3.5479143	0.000751282817237752	1.85771598346105e-05
3.1629577	0.000753365950397164	1.78921957685602e-05
2.818361	0.000753872045441931	1.5711708198883e-05
2.5112481	0.000755478514087179	1.58250939643599e-05
2.2398233	0.000755322543903316	1.71735990954145e-05
1.9950197	0.000755691439798364	1.74462883018893e-05
1.7775893	0.000757572627394662	1.75902225534105e-05
1.5846864	0.000757345513752948	1.90476216072012e-05
1.4122353	0.000758262342945877	1.64843601674048e-05
1.2582541	0.000761168514277616	1.84505103228255e-05
1.1224822	0.000760740701332663	1.80616719825552e-05
1.0000616	0.000763629901016596	2.0503190001879e-05
0.89082122	0.000765296744847252	2.03308975733754e-05
0.79444051	0.000766592263058094	1.99712899267834e-05
0.70784986	0.000765734988645124	2.17885372752256e-05
0.63126236	0.000768790439219594	2.22207191996337e-05
0.562536	0.000770879914129941	2.37731248213754e-05
0.50118715	0.000771070667548608	2.36170892429303e-05
0.44642836	0.000773053556103567	2.30315475983577e-05
0.39821118	0.000775406559406322	2.49180714467666e-05
0.35475865	0.00077751143319364	2.60126837682903e-05
0.31619295	0.000778331146657058	2.66078639557057e-05
0.2819173	0.000780167559636035	2.74900244508725e-05
0.25117323	0.000778975612376894	3.04522116403877e-05
0.22391155	0.000781696175377993	3.11606253554263e-05
0.19957349	0.000783451362176517	3.27802702050791e-05
0.17779917	0.000785798064982731	3.57169452597827e-05
0.15846863	0.000788751898434177	3.52594912502445e-05
0.14123619	0.00079233766218117	3.67967329367887e-05
0.12590662	0.000794081395936973	3.98151504632891e-05
0.1122199	0.000795353704473376	4.04824396852862e-05
0.10002181	0.000797848787219288	4.33808015924967e-05
