10002.226	0.00117066242071248	-0.00955590475407379
8914.9326	0.001128359421217	-0.00855553823097523
7943.9951	0.00109161676018767	-0.00765432343315037
7081.583	0.00105794485858005	-0.00685381316233572
6307.7358	0.00102561317980103	-0.00613407691604718
5622.5879	0.000992779533129763	-0.00549132034428469
5011.603	0.000965898539548988	-0.00491558830652679
4466.4292	0.000941505655461114	-0.00440100034313207
3981.2773	0.0009178628166626	-0.00394099998307666
3548.8679	0.000896130521052818	-0.00352927312970756
3163.0398	0.000876940455796439	-0.00316038449580555
2819.0986	0.000859627507426016	-0.00282937732895227
2512.4104	0.000840635082542328	-0.00253175321818114
2239.2869	0.000827165690096994	-0.00227022427557917
1995.6381	0.000813959807187358	-0.00203357022006231
1778.2897	0.000803371975385854	-0.00182458282528537
1584.4927	0.000788579381545514	-0.00163589064916238
1412.7418	0.000777224112910453	-0.00146520969985607
1258.7905	0.000767708985773812	-0.00131430587841018
1121.7966	0.00075920599457644	-0.0011783948457364
999.68164	0.000749890898048497	-0.00105525376771076
891.42474	0.000742966786658646	-0.000947387965047591
794.23932	0.000735550559200177	-0.000851023943329178
707.96161	0.000729157856088758	-0.000762588361340881
631.00977	0.000720546217839638	-0.000686502415604815
562.33929	0.000713123500926586	-0.000614605091391035
501.12231	0.000708759992702893	-0.000550217902009132
446.57214	0.000703756387186954	-0.000492253880611399
398.08899	0.000698315180735551	-0.00043915659519911
354.88681	0.000693899808578217	-0.000392283184176179
316.31589	0.000690976543981635	-0.000349111672969846
281.8942	0.000687245757299286	-0.000311840279798033
251.20601	0.000684292586673375	-0.000275296281952955
223.92496	0.000683219543661992	-0.000242450538502915
199.55338	0.000680919680200984	-0.000214823640726912
177.78128	0.000679800498568067	-0.000189371164517879
158.52898	0.000679873018677632	-0.000163617072819767
141.21979	0.000679967712608865	-0.000142687439267499
125.92673	0.000680949781082118	-0.000122508475035601
112.19009	0.000683035707263713	-0.000108192779716141
99.968163	0.000685863157830365	-9.05767975488861e-05
89.115646	0.000687410520711633	-7.64744991294646e-05
79.415741	0.000688610523582443	-6.37616672496288e-05
70.793182	0.000690167349708723	-5.09938312825709e-05
63.082279	0.000695102718412128	-4.04195867777292e-05
56.241825	0.000699787808897079	-3.1719788038008e-05
50.112232	0.00070056913492942	-2.23697608202673e-05
44.671223	0.000702372640551918	-1.74347527564686e-05
39.808899	0.000706419284210152	-1.1748026953734e-05
35.488308	0.000710660079097843	-6.30917827456313e-06
31.629578	0.00071212874826072	-2.87697431415999e-06
28.187037	0.000713955693361861	1.31784032508722e-06
25.120602	0.000717812516678095	3.45036412520204e-06
22.385418	0.000721702572478723	7.17834514698397e-06
19.955338	0.000722614735800421	8.71673603975061e-06
17.775894	0.000727219946696677	1.29423834968687e-05
15.846864	0.000729351575647102	9.45360391644705e-06
14.127493	0.00073153270461365	1.20717759981045e-05
12.587309	0.000734388472553991	1.45540664346929e-05
11.216775	0.000736280422014463	1.44385129168083e-05
9.9968166	0.000737164991328525	1.36778163565378e-05
8.9082127	0.000738763641959492	1.46364974940277e-05
7.9395623	0.000740729799104556	1.74116225717437e-05
7.0765615	0.000742070879826364	1.86434004185779e-05
6.3105822	0.00074541965689908	1.76223420515059e-05
5.6245475	0.000746852417189003	1.65229098259572e-05
5.0112233	0.000748686680584335	1.86756254717763e-05
4.4642835	0.000748037274334866	1.52429692703805e-05
3.9819033	0.000748606048693612	1.49071524078784e-05
3.5479143	0.000751207026870743	1.57930028678877e-05
3.1629577	0.000753659188984629	1.72787549277761e-05
2.818361	0.000753068254922233	1.86307804430041e-05
2.5112481	0.000753322142333181	1.72565864924227e-05
2.2398233	0.000754336787062869	1.81023142626516e-05
1.9950197	0.00075455048710438	1.70152672120861e-05
1.7775893	0.000757811240783723	1.78216563173658e-05
1.5846864	0.000759230301688074	1.92513336065302e-05
1.4122353	0.000759052905301	1.68535157994143e-05
1.2582541	0.000761510188172179	2.01902479069594e-05
1.1224822	0.000761750788878011	1.93206786702674e-05
1.0000616	0.000761862795857982	1.95735856065996e-05
0.89082122	0.000762766400314125	1.98653439778469e-05
0.79444051	0.000766669433812253	2.13835087280125e-05
0.70784986	0.000767197143392867	2.04279515647645e-05
0.63126236	0.000767901522802518	2.20397974087777e-05
0.562536	0.000770342030221238	2.21583763736815e-05
0.50118715	0.000771745292726391	2.36932921656122e-05
0.44642836	0.000774289328942218	2.72333981360076e-05
0.39821118	0.000774458431825578	2.65585757303551e-05
0.35475865	0.000776351921382364	2.68461544274771e-05
0.31619295	0.000778080033087172	2.8958199970679e-05
0.2819173	0.000778291452549255	2.74779536147939e-05
0.25117323	0.000782881318422171	2.95332140471114e-05
0.22391155	0.000782838291198439	3.01835496808636e-05
0.19957349	0.000785913887936128	3.0480086712198e-05
0.17779917	0.000788060146870645	3.41497417526866e-05
0.15846863	0.000789549979661028	3.3123156057798e-05
0.14123619	0.000791653054941316	3.77981498342246e-05
0.12590662	0.000793850464991962	3.85849424441154e-05
0.1122199	0.000794651649003218	3.96673694077922e-05
0.10002181	0.000797895294284571	4.24202679573172e-05
