10002.226	0.0011710085893749	-0.00955539434937358
8914.9326	0.00112897131441393	-0.0085526902543472
7943.9951	0.00109242442904149	-0.007655714507758
7081.583	0.00105706580374727	-0.00685354698449662
6307.7358	0.00102687933421686	-0.00613419370654051
5622.5879	0.000994134319132223	-0.00549014947017603
5011.603	0.000965874778970784	-0.00491642163793369
4466.4292	0.000940083429284074	-0.00440173319584888
3981.2773	0.000916122095551521	-0.00393985617346069
3548.8679	0.000895114185862516	-0.00352969641203774
3163.0398	0.000874904318523722	-0.00316211157255468
2819.0986	0.000858536307158146	-0.00282944349192021
2512.4104	0.000841694441304616	-0.00253586692609324
2239.2869	0.000826271386394134	-0.00227113712131401
1995.6381	0.000813423068745117	-0.00203538335299091
1778.2897	0.000802174664961693	-0.00182420939334069
1584.4927	0.000788549402656931	-0.00163260678843162
1412.7418	0.000776713744227986	-0.00146485160299023
1258.7905	0.000768760659228509	-0.00131069444795672
1121.7966	0.000760403761297128	-0.00117844909299866
999.68164	0.000751625200860304	-0.00105556467610659
891.42474	0.000743362377002457	-0.000947667470003357
794.23932	0.000735158153598214	-0.000849902946261118
707.96161	0.000726397020466703	-0.000760823604110917
631.00977	0.000718698491923792	-0.000684827144302749
562.33929	0.000713159836038796	-0.000612968703957817
501.12231	0.000708662580976416	-0.000549391592299098
446.57214	0.000703676775516545	-0.000490970776345519
398.08899	0.000698461256744586	-0.000436965336277904
354.88681	0.000693782895912527	-0.000391601647644353
316.31589	0.000692064581648784	-0.000349589689049841
281.8942	0.000686402898480133	-0.000313052369666209
251.20601	0.000684499775450718	-0.00027593013899869
223.92496	0.000683447861575088	-0.000243828087358275
199.55338	0.000680799431670299	-0.000215979013354313
177.78128	0.000680820301580414	-0.000186364636641451
158.52898	0.000681487671245645	-0.000164123594665426
141.21979	0.000680067386318793	-0.000144279788620182
125.92673	0.000680271894146534	-0.000124436068273358
112.19009	0.000684119522796029	-0.000108842371595764
99.968163	0.000684897588202715	-8.97945345681743e-05
89.115646	0.000686252433086074	-7.48523628158291e-05
79.415741	0.000688084308404758	-6.36398288854591e-05
70.793182	0.00069025475664558	-5.28721930269544e-05
63.082279	0.000694318057355908	-4.21844018725113e-05
56.241825	0.000699944675314138	-3.19297028352876e-05
50.112232	0.000700390896302145	-2.21369211703223e-05
44.671223	0.00070301067771705	-1.78283466768919e-05
39.808899	0.000706113089729745	-1.40787073540476e-05
35.488308	0.000710433511118625	-7.24920598010122e-06
31.629578	0.000712992929910702	-3.60920638340426e-06
28.187037	0.000714586771135551	7.02167149855632e-07
25.120602	0.000718448022851981	4.5700183728495e-06
22.385418	0.000721656324733514	5.57380328811431e-06
19.955338	0.000724960311254448	8.33013340728697e-06
17.775894	0.000725397338966523	1.09969284376588e-05
15.846864	0.000730618241481552	1.01167424606196e-05
14.127493	0.000732498664979523	1.37284685233587e-05
12.587309	0.000732697093576619	1.33435086344394e-05
11.216775	0.000735873301645372	1.48824332214453e-05
9.9968166	0.000736940263521761	1.33643520898514e-05
8.9082127	0.000739002109244338	1.49712130827969e-05
7.9395623	0.000740036648072655	1.47450555091957e-05
7.0765615	0.000740488917152154	1.87317114627736e-05
6.3105822	0.000744897321355703	1.60538129088957e-05
5.6245475	0.000746312039017183	1.60069919090578e-05
5.0112233	0.000747782318598457	1.73883383868406e-05
4.4642835	0.000748691368241157	1.66868826946442e-05
3.9819033	0.000749630107654107	1.76048478195527e-05
3.5479143	0.000748584813943834	1.99520688029985e-05
3.1629577	0.000750855998400505	1.80100984870136e-05
2.818361	0.000752603938456798	1.82715110605557e-05
2.5112481	0.000753057771214635	1.70609142659858e-05
2.2398233	0.000756255969911003	1.71647104831508e-05
1.9950197	0.000754845896138574	1.82364345238348e-05
1.7775893	0.000758257637169209	1.61801275048975e-05
1.5846864	0.000759061155608434	1.89464290953992e-05
1.4122353	0.000759021893181929	1.84022994584295e-05
1.2582541	0.000761086872555824	1.8662828904232e-05
1.1224822	0.000761492287450675	1.90909758465277e-05
1.0000616	0.000763296189122051	2.11579026234691e-05
0.89082122	0.000764905668509373	2.22882530959082e-05
0.79444051	0.000764842428698083	2.17340625654351e-05
0.70784986	0.000767975356752735	2.07445914578186e-05
0.63126236	0.000769446802141428	2.30664577381311e-05
0.562536	0.0007717390665732	2.18185377442016e-05
0.50118715	0.000774031247571506	2.28330847569051e-05
0.44642836	0.000772921686936445	2.42787359234386e-05
0.39821118	0.000774870989200193	2.55588436945565e-05
0.35475865	0.000776442414145494	2.6745726777045e-05
0.31619295	0.000778543049559555	2.87821971476101e-05
0.2819173	0.000779457847509249	2.97556544990995e-05
0.25117323	0.000780264564416187	2.90866962001163e-05
0.22391155	0.000784507606504944	3.19999740338202e-05
0.19957349	0.000784515677991796	3.28833260429208e-05
0.17779917	0.000788426986522202	3.37388321563616e-05
0.15846863	0.000787805095486815	3.41735437566926e-05
0.14123619	0.000790250048933447	3.54949719740525e-05
0.12590662	0.000791714824653135	3.98066777919341e-05
0.1122199	0.000794103796055801	3.98785429676337e-05
0.10002181	0.000797982780199615	4.3923997094034e-05
