10002.226	0.0011706099964367	-0.00955471117142931
8914.9326	0.0011297764297013	-0.00855336232780554
7943.9951	0.00109146758118061	-0.00765662563457743
7081.583	0.0010565561893808	-0.00685315943553469
6307.7358	0.00102620807044035	-0.00613309700035198
5622.5879	0.000995149939904657	-0.00549143764585398
5011.603	0.000964804119427175	-0.0049182885914516
4466.4292	0.000942762841211053	-0.0043990128019857
3981.2773	0.000916926213022791	-0.00394131962998872
3548.8679	0.000894679467995558	-0.00352869579021862
3163.0398	0.000875405252888369	-0.00316176929474523
2819.0986	0.000858533044049615	-0.00283036371370326
2512.4104	0.000842402313878395	-0.00253572710384772
2239.2869	0.000828594149026952	-0.00227106900842816
1995.6381	0.00081356202206982	-0.00203347692227935
1778.2897	0.000802297460141441	-0.00182242591310057
1584.4927	0.000788527390091352	-0.0016336971540415
1412.7418	0.000777858208948036	-0.00146558312762507
1258.7905	0.000767778191534166	-0.00131453513035482
1121.7966	0.000759541138687748	-0.00117818792748735
999.68164	0.000748820938325679	-0.00105436929285245
891.42474	0.000742425140514874	-0.00094827594082651
794.23932	0.000734991703705016	-0.000851344957560758
707.96161	0.000726586628552722	-0.000762460231268161
631.00977	0.000720463037716887	-0.000683904538751159
562.33929	0.000717069096676737	-0.000611793905703706
501.12231	0.000707790935586784	-0.00054937790600282
446.57214	0.000703655642826692	-0.000490843188929035
398.08899	0.000699577273233546	-0.000439814823540044
354.88681	0.000693707612908653	-0.000391638361764827
316.31589	0.000690991305221553	-0.000347148400538993
281.8942	0.000688483489477106	-0.000311781069431134
251.20601	0.000684747106874614	-0.000273847686108387
223.92496	0.000683955140201131	-0.000242382712487605
199.55338	0.000684696376765959	-0.000215893813580882
177.78128	0.000678778511526958	-0.000187413708657415
158.52898	0.000680446401985392	-0.000163218977530915
141.21979	0.000683497287984859	-0.000144842832024886
125.92673	0.000680001096773742	-0.000123304562997892
112.19009	0.000683396664067167	-0.000108219361084343
99.968163	0.000684178398932391	-8.79335452068791e-05
89.115646	0.000686068452037198	-7.33428689852852e-05
79.415741	0.000690360193307942	-6.47148353903182e-05
70.793182	0.000693666182463589	-5.19432433828948e-05
63.082279	0.0006918726149873	-4.02932303190093e-05
56.241825	0.000699168368222327	-3.136092552606e-05
50.112232	0.000700091384476395	-2.23281761884426e-05
44.671223	0.000702864778001527	-1.91619668137396e-05
39.808899	0.000705218299735357	-1.27504904680687e-05
35.488308	0.000710238851084688	-7.07243852494471e-06
31.629578	0.000711979484894957	-3.05947137342487e-06
28.187037	0.000714286735654341	5.61406266804361e-07
25.120602	0.000717652179858753	4.55090574826199e-06
22.385418	0.000720978253439303	5.95012691786886e-06
19.955338	0.000724999483543555	7.81542991400406e-06
17.775894	0.000727221950389357	1.40112025819989e-05
15.846864	0.000730661678927924	1.09799060435638e-05
14.127493	0.000731196328004376	1.24912573071358e-05
12.587309	0.000732460833696625	1.21786402136516e-05
11.216775	0.000733521879422539	1.58625815593915e-05
9.9968166	0.00073688924233602	1.24681152606567e-05
8.9082127	0.000740006352142883	1.54937107757308e-05
7.9395623	0.000739188332125312	1.69835866729865e-05
7.0765615	0.000743709508563361	1.53758710673499e-05
6.3105822	0.000745812194077802	1.86854057893139e-05
5.6245475	0.000743992435071273	1.56323702485119e-05
5.0112233	0.000747028143713728	1.72319722473269e-05
4.4642835	0.000748311314750359	1.9082443207342e-05
3.9819033	0.000750049773851845	1.70062224021795e-05
3.5479143	0.000749663918548532	1.79505798584032e-05
3.1629577	0.000752377288509627	1.74523097461378e-05
2.818361	0.000753952956979836	1.78758633866946e-05
2.5112481	0.000754671350600666	1.54924592393312e-05
2.2398233	0.000754752563211165	1.80146795260122e-05
1.9950197	0.00075559815496478	1.67824119271332e-05
1.7775893	0.000758691812863262	1.62935788951306e-05
1.5846864	0.000760329574343675	1.75777522467515e-05
1.4122353	0.000758947082016141	1.92456082603567e-05
1.2582541	0.000760175033151983	1.88094190573166e-05
1.1224822	0.000761388438445527	1.91542507167773e-05
1.0000616	0.00076289710753832	1.88517349443352e-05
0.89082122	0.000765431941773519	1.89183733466372e-05
0.79444051	0.000766935581664369	1.92440724688177e-05
0.70784986	0.000767728847751304	2.06390065680263e-05
0.63126236	0.000768339471607455	2.10050569036411e-05
0.562536	0.000770752137426762	2.41196326987918e-05
0.50118715	0.00077344324297097	2.40932487190078e-05
0.44642836	0.000773414232003673	2.3650559460397e-05
0.39821118	0.000775196446301337	2.55297024983533e-05
0.35475865	0.000774598499013966	2.5864413000571e-05
0.31619295	0.000777767114280283	2.7529489167454e-05
0.2819173	0.00077968985563493	2.68849196545009e-05
0.25117323	0.000781624134824696	2.90765078871326e-05
0.22391155	0.000782922872547851	3.09663408538296e-05
0.19957349	0.000784696668292586	3.22868909045168e-05
0.17779917	0.000786806326872662	3.42767001728473e-05
0.15846863	0.000789159248741512	3.50994399764958e-05
0.14123619	0.000791383565829875	3.66161932745543e-05
0.12590662	0.000792497891177269	3.96527949382766e-05
0.1122199	0.000797110137971347	3.99240746549385e-05
0.10002181	0.000796825663234951	4.26351238452373e-05
