10002.226	0.00116832369502605	-0.00955471597986093
8914.9326	0.00112954017994765	-0.00855409062384207
7943.9951	0.00109235185358033	-0.007656812923964
7081.583	0.00105549176471111	-0.0068538116194812
6307.7358	0.00102579921961815	-0.00613353080318498
5622.5879	0.000994257402620661	-0.00549036238802241
5011.603	0.000965536475278182	-0.00491678786234477
4466.4292	0.000941232620847482	-0.00439917966807475
3981.2773	0.000918542062628029	-0.00394051779776875
3548.8679	0.000892693323756519	-0.00353076365495198
3163.0398	0.000876348819883593	-0.00315930143641161
2819.0986	0.000857240914721463	-0.00283131523062023
2512.4104	0.000843203441006449	-0.00253452103711855
2239.2869	0.000826974713804827	-0.00227236330605962
1995.6381	0.000814750676917492	-0.0020342329431971
1778.2897	0.000801066520755236	-0.00182349716716497
1584.4927	0.000790517517422474	-0.00163295898646821
1412.7418	0.000777069051629107	-0.00146551237539775
1258.7905	0.00076831887344812	-0.00131268848112629
1121.7966	0.000759231289424056	-0.00117913205085322
999.68164	0.000750691415677938	-0.00105594247586597
891.42474	0.000742659829001676	-0.00094814399692038
794.23932	0.000733657719407981	-0.000848894401779443
707.96161	0.000727554583295567	-0.000761556680434561
631.00977	0.000720470370058006	-0.000684861977247456
562.33929	0.000713925688575636	-0.000612065992455631
501.12231	0.000708959636347239	-0.00055039977052605
446.57214	0.000703505099463447	-0.000490607855922825
398.08899	0.000698708631326001	-0.000439869757486107
354.88681	0.000692399395912527	-0.000392161694986037
316.31589	0.00069210504305955	-0.000350214009935366
281.8942	0.000687543305018043	-0.000311894454368543
251.20601	0.000682963383985197	-0.00027444644194125
223.92496	0.000683796903494781	-0.000244409529583623
199.55338	0.000681309325785103	-0.000215239858350376
177.78128	0.000681042072059744	-0.000185393297979931
158.52898	0.0006813866615379	-0.000166808331539675
141.21979	0.000681805677728597	-0.000143265825342571
125.92673	0.000680538536160087	-0.000123160577646372
112.19009	0.000682740406616666	-0.000107591147346837
99.968163	0.000684929876110764	-9.09621960679156e-05
89.115646	0.000687636798547996	-7.62637053829517e-05
79.415741	0.000686468778419107	-6.32002552601448e-05
70.793182	0.000691130245158216	-5.15531985178759e-05
63.082279	0.000695340535457561	-4.14326069340194e-05
56.241825	0.000698952134255812	-3.39055819584621e-05
50.112232	0.000699532876125431	-2.3315433521362e-05
44.671223	0.000702715297230406	-1.93845558043577e-05
39.808899	0.000707722941106833	-1.39882055574609e-05
35.488308	0.000707965528815749	-7.89632206863665e-06
31.629578	0.000713024624545274	-2.37549385500418e-06
28.187037	0.000715242974420257	8.01945016219975e-07
25.120602	0.000717790925450877	4.19561381880722e-06
22.385418	0.000720340453791991	8.44959965602556e-06
19.955338	0.000723089411584582	7.25017550866037e-06
17.775894	0.000726508001735813	1.11316257603372e-05
15.846864	0.000729534189752026	1.10219469299556e-05
14.127493	0.00073241955513141	1.44143646955643e-05
12.587309	0.000731856136445794	1.60588896428506e-05
11.216775	0.000735230813114545	1.53596684836271e-05
9.9968166	0.00073790722130971	1.34660857404274e-05
8.9082127	0.000738822758999973	1.41001068511471e-05
7.9395623	0.000739142220448168	1.43962443445381e-05
7.0765615	0.00074170382297067	1.77102584442924e-05
6.3105822	0.000742880463171897	1.75364257666793e-05
5.6245475	0.000745065249453432	1.65588239883247e-05
5.0112233	0.000749605965102549	1.5814442731615e-05
4.4642835	0.000748411554247189	1.61112956780691e-05
3.9819033	0.000749317498380816	1.60530774196794e-05
3.5479143	0.000749763767163996	1.68508070887203e-05
3.1629577	0.000752223132877196	1.67470693400307e-05
2.818361	0.000754505671490919	1.72165028710926e-05
2.5112481	0.000754921713033161	1.67459621037734e-05
2.2398233	0.000754091743234791	1.83061959219549e-05
1.9950197	0.000755202386530363	1.73703405002481e-05
1.7775893	0.000757474052416938	1.54639077150427e-05
1.5846864	0.000758984603679016	1.93405100161417e-05
1.4122353	0.000758137404414725	1.83779756942545e-05
1.2582541	0.000762390988460959	1.89356931376609e-05
1.1224822	0.000763122403510138	2.0211261113688e-05
1.0000616	0.0007645438328526	2.10291716983824e-05
0.89082122	0.000764775534558824	2.06411459212977e-05
0.79444051	0.000766808059515823	2.07620163802048e-05
0.70784986	0.00076869835752971	2.18036652742928e-05
0.63126236	0.000767850016349256	2.22735635898711e-05
0.562536	0.000770765494706819	2.143754917752e-05
0.50118715	0.000769583616961065	2.32585294694041e-05
0.44642836	0.000773682260975217	2.16004270481254e-05
0.39821118	0.000774633295483508	2.72633062710645e-05
0.35475865	0.000776337251656053	2.77705594895438e-05
0.31619295	0.000777333401130715	2.88130364030956e-05
0.2819173	0.000780462349902766	2.78799497106101e-05
0.25117323	0.000782179356444828	2.89425595241363e-05
0.22391155	0.000782859678989838	3.0811659192431e-05
0.19957349	0.0007834091504978	3.24285420028054e-05
0.17779917	0.000784503219136346	3.45476584098858e-05
0.15846863	0.00078866103645514	3.46902239390842e-05
0.14123619	0.000790135981419248	3.86758731122733e-05
0.12590662	0.000794814070116012	3.78500417197385e-05
0.1122199	0.000794779838468565	4.13333118036087e-05
0.10002181	0.000798207575063086	4.32191210658971e-05
