10002.226	0.00117712734288421	-0.00949172853733921
8914.9326	0.00113734992058256	-0.00849690240702473
7943.9951	0.00110006471819586	-0.0076050320226737
7081.583	0.00106342771412245	-0.00680732543151496
6307.7358	0.00103512699147626	-0.00609059628388268
5622.5879	0.00100186217412056	-0.005454241206978
5011.603	0.000971086646866009	-0.00488191025091753
4466.4292	0.000948025621822906	-0.00437195833509312
3981.2773	0.000925143223465973	-0.00391406521517576
3548.8679	0.00090258674465161	-0.00350484392131555
3163.0398	0.000884391530738606	-0.00313959658503554
2819.0986	0.000865654981178224	-0.00281093336164092
2512.4104	0.000849288999006871	-0.00251781319571776
2239.2869	0.000834486047915527	-0.00225660438917327
1995.6381	0.00082144523232621	-0.00202062615169404
1778.2897	0.000810592363043574	-0.00181390186931241
1584.4927	0.000797426501196749	-0.00162168440453901
1412.7418	0.000783194919505498	-0.00145534409329
1258.7905	0.000775786603031781	-0.00130597985530631
1121.7966	0.000765835407062568	-0.00117209818270213
999.68164	0.000758790234798946	-0.0010476093934569
891.42474	0.000750846968128641	-0.000941912816938643
794.23932	0.000742070763191207	-0.000846196386490325
707.96161	0.000734912332628486	-0.000758135161208542
631.00977	0.000727199422569203	-0.000681562895879262
562.33929	0.000720716178944013	-0.000609292357007285
501.12231	0.000715736338141745	-0.000543990324660683
446.57214	0.0007097762155868	-0.000488548281222059
398.08899	0.000706130287208111	-0.000435585573845537
354.88681	0.000701485186367602	-0.000389410125053465
316.31589	0.000698438989525301	-0.000345483617701769
281.8942	0.000697459350064877	-0.000309440403884663
251.20601	0.000691602646752035	-0.000273616154537099
223.92496	0.000691701749191952	-0.000242359366883286
199.55338	0.000689674433886956	-0.000213563534653112
177.78128	0.000687991215909322	-0.000187129118860049
158.52898	0.000690378216371053	-0.000162946046139015
141.21979	0.000688563646707907	-0.000144022389923258
125.92673	0.000689238982650983	-0.000123587340191005
112.19009	0.000688683465169205	-0.000105705486332861
99.968163	0.000689982764352312	-8.86677723354822e-05
89.115646	0.000693949465130532	-7.59987342308741e-05
79.415741	0.000694736929619058	-6.33149480203897e-05
70.793182	0.000698202240833466	-5.04341659106586e-05
63.082279	0.000701823137108093	-4.25453940111399e-05
56.241825	0.000703482248285066	-3.15892061777716e-05
50.112232	0.000707528974215475	-2.33515046901312e-05
44.671223	0.000709451068823737	-1.72629500545842e-05
39.808899	0.000711896650530264	-1.44482932561043e-05
35.488308	0.00071526829933741	-7.87470784862024e-06
31.629578	0.000720191828851263	-1.6356557370465e-06
28.187037	0.000720924006971033	1.09781709437689e-06
25.120602	0.000722846679859162	4.23190001295844e-06
22.385418	0.000727952201407175	7.09665245806561e-06
19.955338	0.000730604742331414	5.28229254656282e-06
17.775894	0.000734563405804356	1.09054726472503e-05
15.846864	0.000733984982611477	1.14478875356238e-05
14.127493	0.000737837791392975	1.28611269915684e-05
12.587309	0.00073948965466269	1.33718637691776e-05
11.216775	0.000744081599701755	1.45036895432055e-05
9.9968166	0.000744455815058209	1.42793588850643e-05
8.9082127	0.000746749388648699	1.6477936349689e-05
7.9395623	0.000747455782944998	1.60877013576019e-05
7.0765615	0.000751601518076844	1.82456974536176e-05
6.3105822	0.000751719423311197	1.88413072813426e-05
5.6245475	0.000752178482243134	1.7046382803055e-05
5.0112233	0.000755629426307294	1.87182726199237e-05
4.4642835	0.000757454145044518	1.6634569298408e-05
3.9819033	0.000755773790968141	1.74541088110536e-05
3.5479143	0.000758938188505016	1.65245898733638e-05
3.1629577	0.000760608009369642	1.86345371800487e-05
2.818361	0.000759831406271467	1.71970195611692e-05
2.5112481	0.000761447422053878	1.7877551807421e-05
2.2398233	0.000760579826780778	1.68953749315178e-05
1.9950197	0.000762679122451111	1.54212710848824e-05
1.7775893	0.000763308477209208	1.94209558253596e-05
1.5846864	0.00076509449381485	1.90720435527859e-05
1.4122353	0.000767655259518175	1.62995759388721e-05
1.2582541	0.000767519203318808	1.80873058246778e-05
1.1224822	0.000769038210085398	2.25744943594686e-05
1.0000616	0.000771117357808051	2.08736161106422e-05
0.89082122	0.00077268837461383	2.06062915521031e-05
0.79444051	0.000773770162872182	1.97181187814192e-05
0.70784986	0.000775074184233508	2.41074857021121e-05
0.63126236	0.000775556271034192	2.17600807624036e-05
0.562536	0.000777270068582749	2.3215918365675e-05
0.50118715	0.000778187908237548	2.1906439187309e-05
0.44642836	0.000780665955582927	2.65214855816121e-05
0.39821118	0.000781816859056397	2.48916334274923e-05
0.35475865	0.000782624267040865	2.48033952799133e-05
0.31619295	0.000784574372549866	2.84889354671831e-05
0.2819173	0.000787308912449446	2.77883105668353e-05
0.25117323	0.000788680015770463	2.91225012467968e-05
0.22391155	0.000788170038833107	3.04382415095746e-05
0.19957349	0.000793128241831086	3.25892168459454e-05
0.17779917	0.000794001381652376	3.34771375551689e-05
0.15846863	0.000796341067670421	3.54507705204346e-05
0.14123619	0.000797930928354634	3.74067674967767e-05
0.12590662	0.000798886794688542	3.83124071086517e-05
0.1122199	0.000802108523591042	4.14529673549191e-05
0.10002181	0.00080426484734371	4.18101029316563e-05
