10002.226	0.00117758817167279	-0.00948927861693137
8914.9326	0.00113462749900454	-0.00849603445545801
7943.9951	0.00109892216896582	-0.00760370197426171
7081.583	0.00106432367827375	-0.0068085648930588
6307.7358	0.0010353470706016	-0.00609314014364745
5622.5879	0.00100150984972659	-0.00545200438520251
5011.603	0.000972611015072827	-0.00488341826260557
4466.4292	0.000948168454378605	-0.00437117821342021
3981.2773	0.000923951453202294	-0.00391261898432597
3548.8679	0.000900450760279551	-0.00350563989004259
3163.0398	0.000884609613123223	-0.00314082329759361
2819.0986	0.000865828592751506	-0.00281162663889419
2512.4104	0.000848698220386156	-0.00251697433270546
2239.2869	0.000833358747475165	-0.00225626878595308
1995.6381	0.000818873706484903	-0.00202008408530869
1778.2897	0.000811414235536427	-0.00181032716160632
1584.4927	0.000797111496781089	-0.00162075095182419
1412.7418	0.000782819310928523	-0.00145443804535136
1258.7905	0.000773736559847835	-0.00130263296002945
1121.7966	0.000767409489910346	-0.00117086455549514
999.68164	0.000760104385687728	-0.00104721496916159
891.42474	0.000749384346125281	-0.000940109043494696
794.23932	0.000742028329332438	-0.000844452839178758
707.96161	0.0007350988597882	-0.000755548935237707
631.00977	0.000728882137751151	-0.000680421501257213
562.33929	0.000721352669516271	-0.000607891844566443
501.12231	0.000715873575302662	-0.000542781498328966
446.57214	0.000709870318099548	-0.00048746713195864
398.08899	0.000706462703916715	-0.000436357545542488
354.88681	0.000699881470726612	-0.000389172622022601
316.31589	0.000698416995090572	-0.000346056051649599
281.8942	0.00069455605661391	-0.000309372110632404
251.20601	0.00069074651986592	-0.000273388710061693
223.92496	0.000689052747232081	-0.000240316268731867
199.55338	0.000689428234982607	-0.00021360569898631
177.78128	0.000687651101377881	-0.000185351759315488
158.52898	0.000688660289939339	-0.00016207514552271
141.21979	0.00068764526985888	-0.000140560523494319
125.92673	0.000688428090136313	-0.000122635105710626
112.19009	0.000690014143331519	-0.000107953008911833
99.968163	0.000691494256473479	-8.88048719154853e-05
89.115646	0.000694575727122442	-7.28901119239016e-05
79.415741	0.000695484818330485	-6.19969190452915e-05
70.793182	0.000698605336245175	-4.97078637137929e-05
63.082279	0.000700319755681391	-4.16500549987174e-05
56.241825	0.000705174502535915	-3.03687381505534e-05
50.112232	0.000704844888512129	-2.43335773123257e-05
44.671223	0.000709443002961845	-1.72777880727965e-05
39.808899	0.000713365889903262	-1.20089241786807e-05
35.488308	0.000718176677883783	-7.30871184099273e-06
31.629578	0.000719305927108823	2.84018854918653e-07
28.187037	0.000721163268552856	1.56118205509723e-06
25.120602	0.000725447436549082	4.71494572981257e-06
22.385418	0.000728864145022622	7.74338969596683e-06
19.955338	0.000731060717947865	9.88475399887914e-06
17.775894	0.000733098152539307	1.19099155588379e-05
15.846864	0.000736609561861402	1.16153885664319e-05
14.127493	0.000740301695023682	1.25082303443574e-05
12.587309	0.000741342931124717	1.34474324957361e-05
11.216775	0.000741423901816434	1.46199911286487e-05
9.9968166	0.000746536825919573	1.3353100683736e-05
8.9082127	0.000745851912948378	1.54275846000106e-05
7.9395623	0.000746011829182646	1.74293862395084e-05
7.0765615	0.000749675813197694	1.777896213082e-05
6.3105822	0.000750599927252657	1.63747340205623e-05
5.6245475	0.000752038821565531	1.83216335293762e-05
5.0112233	0.000752433574275261	1.60999925018541e-05
4.4642835	0.000753710170492504	1.51327825464473e-05
3.9819033	0.000756789203858604	1.57014455264682e-05
3.5479143	0.000758336972942206	1.71403569030456e-05
3.1629577	0.00076041834841359	1.98234285518988e-05
2.818361	0.000760078005480221	1.83798915502824e-05
2.5112481	0.000760865715006557	1.59029656819988e-05
2.2398233	0.000762382400718776	1.63143275538974e-05
1.9950197	0.000763770870130369	1.6472393093644e-05
1.7775893	0.000764661344157348	1.67782350976532e-05
1.5846864	0.000765731130825209	1.83813348595104e-05
1.4122353	0.000766684962471117	1.83644952965513e-05
1.2582541	0.000768141408238964	1.89445702786282e-05
1.1224822	0.000767111583832703	1.84422377329547e-05
1.0000616	0.000770845096058417	2.10820401545879e-05
0.89082122	0.000771534506192313	1.92168507396652e-05
0.79444051	0.00077341361937092	1.96209089588082e-05
0.70784986	0.000777072484513803	2.34054529869057e-05
0.63126236	0.000776519060338524	2.17207256022524e-05
0.562536	0.000777324620234581	2.35114475464851e-05
0.50118715	0.000778357785056348	2.23954582051983e-05
0.44642836	0.000779430172043951	2.35101857604391e-05
0.39821118	0.000782881330785863	2.41784062747275e-05
0.35475865	0.000782418722974539	2.65111573577525e-05
0.31619295	0.000784759654661482	2.58419376408609e-05
0.2819173	0.00078662289143369	2.91944284580759e-05
0.25117323	0.000788242854197685	2.791471672026e-05
0.22391155	0.000791258304010427	3.20969871534624e-05
0.19957349	0.000792443243025785	3.20429424368037e-05
0.17779917	0.000792507548294892	3.31896807377469e-05
0.15846863	0.000795910596863668	3.4834156168266e-05
0.14123619	0.000798346626870824	3.81500189983025e-05
0.12590662	0.000800524966821127	3.85296057267913e-05
0.1122199	0.000802257190840191	4.25790776876321e-05
0.10002181	0.000805148389203934	4.25371148765836e-05
