10002.226	0.00117673712546666	-0.00949045611849829
8914.9326	0.00113607801608267	-0.00849609398001093
7943.9951	0.00110027348776819	-0.00760424010161244
7081.583	0.00106500006008977	-0.00680822691194711
6307.7358	0.00103442035532684	-0.00609160482389809
5622.5879	0.00100016149997764	-0.00545359806843784
5011.603	0.000971303259162982	-0.00488396075696886
4466.4292	0.000948876854625167	-0.00437043607155201
3981.2773	0.000923723340261278	-0.00391572170851031
3548.8679	0.000900738254438181	-0.00350565619884451
3163.0398	0.00088487266559321	-0.00313821247813027
2819.0986	0.000865935007375906	-0.00280985085364927
2512.4104	0.00084961108274324	-0.00251866721494884
2239.2869	0.000836535641962847	-0.00225663587060577
1995.6381	0.00082101552633611	-0.0020211433997571
1778.2897	0.00080827474030998	-0.00181112200280081
1584.4927	0.000796491996992611	-0.00162216641265358
1412.7418	0.000783195312983761	-0.00145544337021144
1258.7905	0.000776172153815236	-0.00130456563581042
1121.7966	0.000764678265881915	-0.00116933040941132
999.68164	0.000757762016215553	-0.00104742170737908
891.42474	0.000748826145188107	-0.000940951908888166
794.23932	0.000743932871794864	-0.000846213628411483
707.96161	0.000734525065248739	-0.000757193472899287
631.00977	0.000727212247151896	-0.000679317835477905
562.33929	0.000721178796709857	-0.000609951049101241
501.12231	0.00071638151635584	-0.000547289665620973
446.57214	0.000711989780295708	-0.000486893096031996
398.08899	0.000705965402392112	-0.00043543267872313
354.88681	0.000700330581247966	-0.000388054401827915
316.31589	0.000697848867199161	-0.000344053597278448
281.8942	0.000693996384899638	-0.000310123271973928
251.20601	0.000693524480156859	-0.000273824523915092
223.92496	0.00068970249187985	-0.000241007864132591
199.55338	0.000689593435324387	-0.000214987420675274
177.78128	0.000688747133034367	-0.000185117040840547
158.52898	0.000687676054300783	-0.000163757721034133
141.21979	0.000687186789830993	-0.00014144324538032
125.92673	0.000688221000959278	-0.000122192217561533
112.19009	0.000692286221935272	-0.000108170164976836
99.968163	0.000690572144885138	-8.99021077287618e-05
89.115646	0.000693263478021352	-7.37700358457139e-05
79.415741	0.000697558478195236	-6.34905481449091e-05
70.793182	0.000700161689045254	-5.05514912768721e-05
63.082279	0.000698893835154067	-3.97725084376432e-05
56.241825	0.000704121251180697	-3.1926143631309e-05
50.112232	0.000703634886522314	-2.28787708352931e-05
44.671223	0.000710101085749544	-1.89500240198962e-05
39.808899	0.000712790890692069	-1.30654844264943e-05
35.488308	0.000716922284596334	-8.41520296381924e-06
31.629578	0.000720224250409015	-2.74626891541669e-06
28.187037	0.000721016695010004	1.3788612215813e-06
25.120602	0.000723910868241448	1.87891970217517e-06
22.385418	0.000726974595015812	7.1352645329711e-06
19.955338	0.000729753672943518	7.74204515988338e-06
17.775894	0.000733671658475593	1.05602281515333e-05
15.846864	0.000734761018648453	1.11112269024191e-05
14.127493	0.000739141910269232	1.36885650846995e-05
12.587309	0.000739163010976838	1.28978570431407e-05
11.216775	0.000742602831664856	1.34817546580989e-05
9.9968166	0.000743962707253533	1.45024390438137e-05
8.9082127	0.000747552454948422	1.53913463085915e-05
7.9395623	0.000745726277697523	1.50756458398546e-05
7.0765615	0.000750521100611473	1.65859551929609e-05
6.3105822	0.000750711089054382	1.72311432357742e-05
5.6245475	0.000753681742826907	1.78155189179278e-05
5.0112233	0.00075614858506083	1.80426826639516e-05
4.4642835	0.000755019058856873	1.61913521294765e-05
3.9819033	0.000756594362391052	1.57710362260616e-05
3.5479143	0.000756283979376759	1.64150785659371e-05
3.1629577	0.000759597881831778	1.65363433805038e-05
2.818361	0.000760341933095954	1.6026673077896e-05
2.5112481	0.000762407913779192	1.72140552715996e-05
2.2398233	0.000759535779408611	1.58042753220228e-05
1.9950197	0.00076177936126469	1.67770856731135e-05
1.7775893	0.00076643419627015	1.85457994089719e-05
1.5846864	0.000767013139800564	1.68705013339536e-05
1.4122353	0.000766946034607009	1.83490507026967e-05
1.2582541	0.000767012299534701	1.91365623837002e-05
1.1224822	0.000770354917152555	2.04966266224694e-05
1.0000616	0.000771577872134202	2.10973792616625e-05
0.89082122	0.000770262862957725	1.95843335451789e-05
0.79444051	0.000773888122028715	2.02696692018642e-05
0.70784986	0.000773594634905151	2.1156810589969e-05
0.63126236	0.000773156713841047	2.09010867284073e-05
0.562536	0.000776414941046973	2.228363742986e-05
0.50118715	0.000779011705499785	2.29508197495191e-05
0.44642836	0.000781862126983164	2.22108114948464e-05
0.39821118	0.000783981935582888	2.45312683923308e-05
0.35475865	0.00078260280315353	2.57907989449948e-05
0.31619295	0.000785392243602318	2.84960576524903e-05
0.2819173	0.000786987402469047	3.02204381097063e-05
0.25117323	0.000786427995231823	2.98889538401059e-05
0.22391155	0.000790419416846561	3.13656198787589e-05
0.19957349	0.000790334574801568	3.16730390051949e-05
0.17779917	0.000792942924643263	3.22410967167217e-05
0.15846863	0.000795502810250338	3.53244204114953e-05
0.14123619	0.000797157930122449	3.80532649175715e-05
0.12590662	0.000799388757128499	3.77105238018673e-05
0.1122199	0.000801032328273789	3.84002026546443e-05
0.10002181	0.000805416797946775	4.15790384988813e-05
