10002.226	0.00117725580742703	-0.00948967650120311
8914.9326	0.00113719426624372	-0.0084957018391189
7943.9951	0.00109949751806577	-0.00760503543579325
7081.583	0.00106621419805879	-0.00680898953775885
6307.7358	0.0010323291980533	-0.00609124472836653
5622.5879	0.00100078690145424	-0.00545358144752162
5011.603	0.000973007608366	-0.00488567683032444
4466.4292	0.00094524168559541	-0.00437095036130181
3981.2773	0.000924607579655951	-0.00391482218369234
3548.8679	0.00090337533951343	-0.00350428452969117
3163.0398	0.000882791557712628	-0.00313884308603875
2819.0986	0.000865377677795469	-0.00280975626481807
2512.4104	0.000850908231703292	-0.00251677775838458
2239.2869	0.000832875163502637	-0.00225613258049455
1995.6381	0.000820888119449801	-0.00202104373692666
1778.2897	0.00081043551694593	-0.00181078126502812
1584.4927	0.000796828255314423	-0.00162376258796151
1412.7418	0.000784109338499925	-0.00145628128789363
1258.7905	0.000775492442466824	-0.00130533937632977
1121.7966	0.000768360435854061	-0.00116952328939203
999.68164	0.000757310530193415	-0.00104879035675034
891.42474	0.000748748949515347	-0.000941720557268417
794.23932	0.000740911742747056	-0.000846790957961041
707.96161	0.000736283011964083	-0.000756844888185418
631.00977	0.000726762062659371	-0.00068109833376465
562.33929	0.000719975376588881	-0.000609539361059944
501.12231	0.000716110768058818	-0.000545690392484947
446.57214	0.000710726406985289	-0.000486548391885396
398.08899	0.000703895316445647	-0.000435876401018736
354.88681	0.000698797290317577	-0.000388621123773716
316.31589	0.000700027282770593	-0.000346321695574328
281.8942	0.000696900439676756	-0.000308837678203538
251.20601	0.000687996354158302	-0.000273688209590136
223.92496	0.000691061220143963	-0.000240806993324949
199.55338	0.000689888611283863	-0.000214053005315605
177.78128	0.000686730934776989	-0.000185417723543817
158.52898	0.000686583885446728	-0.000164468477428969
141.21979	0.000688199322960248	-0.000144142803733489
125.92673	0.000687941916176254	-0.000121217562830115
112.19009	0.000691652110383553	-0.00010626886367766
99.968163	0.00069051809427542	-8.70348526455986e-05
89.115646	0.000694163597138121	-7.57446657634413e-05
79.415741	0.000695605394215722	-6.22430731047408e-05
70.793182	0.000699015930076958	-5.15059612396833e-05
63.082279	0.000699294790309464	-4.04869738657684e-05
56.241825	0.000706016794131062	-3.15943547039496e-05
50.112232	0.000706628436127905	-2.36682820059321e-05
44.671223	0.000708152912576395	-1.90656003682198e-05
39.808899	0.000712791266965762	-1.20111321958281e-05
35.488308	0.000716305658723588	-8.38565875095862e-06
31.629578	0.000717710314628922	-1.69367308010192e-06
28.187037	0.000720292674414047	6.93164036988698e-07
25.120602	0.000725682761344072	2.69587318652669e-06
22.385418	0.00072576232205184	5.17729210691743e-06
19.955338	0.000730506021450033	7.75343984237859e-06
17.775894	0.00073561061208676	1.01559313910055e-05
15.846864	0.000734184980136038	1.29406073534225e-05
14.127493	0.00074067105139506	1.4213894117986e-05
12.587309	0.000740609279567503	1.42046576309538e-05
11.216775	0.000742856059069724	1.29861974627403e-05
9.9968166	0.00074297805121197	1.30198599275646e-05
8.9082127	0.000745481099321817	1.62931451752689e-05
7.9395623	0.000746049363303211	1.4318430628747e-05
7.0765615	0.000747886951995204	1.77884269095089e-05
6.3105822	0.000751463367507112	1.72364850657178e-05
5.6245475	0.00075282810436377	1.54836511210887e-05
5.0112233	0.000754685912244023	1.81983692758988e-05
4.4642835	0.000756896769264898	1.77559612714463e-05
3.9819033	0.000756437516669602	1.72998740697323e-05
3.5479143	0.000758478800283157	1.71989252499825e-05
3.1629577	0.000760175679497709	1.67072571175418e-05
2.818361	0.000759350314971679	1.76252002674633e-05
2.5112481	0.000759558351999553	1.71123313905229e-05
2.2398233	0.00076090151508564	1.72825800361221e-05
1.9950197	0.00076200955375209	1.71142415053162e-05
1.7775893	0.000764350990687256	1.79766161609849e-05
1.5846864	0.000766086524630494	1.72104794389647e-05
1.4122353	0.000765709870718752	1.79215121584432e-05
1.2582541	0.000768348085452562	1.79445872046487e-05
1.1224822	0.000769835972365177	1.87725919892249e-05
1.0000616	0.000770294300634211	2.01122287420272e-05
0.89082122	0.000771899445710703	1.96252938241543e-05
0.79444051	0.000772086200133716	2.15872441282573e-05
0.70784986	0.000775376732098175	2.16856459193035e-05
0.63126236	0.000776055727401111	2.16253239654567e-05
0.562536	0.000777852904543743	2.11521888539185e-05
0.50118715	0.000776738078174842	2.3389083824399e-05
0.44642836	0.000778802653599246	2.43680218998013e-05
0.39821118	0.000784305983667463	2.4809014727655e-05
0.35475865	0.000784362352459163	2.73119278278481e-05
0.31619295	0.0007861235656721	2.73467270003712e-05
0.2819173	0.000785799544346917	2.84559343825905e-05
0.25117323	0.0007870134640239	2.92370349829788e-05
0.22391155	0.000789602660937882	3.04905595928937e-05
0.19957349	0.000791300912059341	3.30761664844069e-05
0.17779917	0.000793405886111924	3.32395817486962e-05
0.15846863	0.00079412709296908	3.55426516094639e-05
0.14123619	0.000797541812583452	3.7089587435426e-05
0.12590662	0.000799003883059276	4.04879594295844e-05
0.1122199	0.000802808395019783	4.06397168879274e-05
0.10002181	0.000805732883230947	4.21862163221149e-05
