10002.226	0.00117745032957953	-0.00948961612472718
8914.9326	0.00113603674142882	-0.00849558469791253
7943.9951	0.00109951940842814	-0.00760394748732861
7081.583	0.00106263731226498	-0.00681023566558287
6307.7358	0.00103151691322175	-0.00609169661573116
5622.5879	0.000998658463644195	-0.00545576518740699
5011.603	0.000973390438697992	-0.00488527214989968
4466.4292	0.00094734231205847	-0.00437209618380976
3981.2773	0.000925830684921995	-0.00391210005765291
3548.8679	0.000902189039567217	-0.00350594928359525
3163.0398	0.00088301824853039	-0.00313957062366979
2819.0986	0.00086616551003379	-0.00281086028499374
2512.4104	0.000849880057355627	-0.00251598180657
2239.2869	0.000835181440614944	-0.00225544448914183
1995.6381	0.000820889413707247	-0.00202002895604611
1778.2897	0.00080847909867002	-0.00180992935992217
1584.4927	0.000795884268086919	-0.0016226361497311
1412.7418	0.000783957238094532	-0.00145695214664459
1258.7905	0.000776310982043756	-0.00130494129786742
1121.7966	0.00076669671461301	-0.00116967208103049
999.68164	0.000759270747920738	-0.00105002533210585
891.42474	0.0007478555166433	-0.000940109828906989
794.23932	0.000743247307562533	-0.000844198678454779
707.96161	0.000736150072707385	-0.000756977107523791
631.00977	0.000727880832209392	-0.000681208115700836
562.33929	0.000721385482861367	-0.000610605526486549
501.12231	0.000716112315031599	-0.000545557482405036
446.57214	0.0007106686453946	-0.000487389206887766
398.08899	0.00070476073096608	-0.000435658782121979
354.88681	0.000701155123402874	-0.000388120885694084
316.31589	0.000699617896645686	-0.000345706649320834
281.8942	0.000695094255909637	-0.000308883302116459
251.20601	0.000693857754876841	-0.000273929495285437
223.92496	0.000690830471625163	-0.00024309342846239
199.55338	0.000689048556651329	-0.000215496003996643
177.78128	0.000689410804344465	-0.000186232507775247
158.52898	0.000685577145887765	-0.00016268508828791
141.21979	0.000688477506360914	-0.000142398625879693
125.92673	0.000686923645777427	-0.000121503624619738
112.19009	0.000690129230981485	-0.000106595763338719
99.968163	0.000690948394827306	-8.88167010984498e-05
89.115646	0.00069323938122004	-7.66608363295154e-05
79.415741	0.000697210093095004	-6.33062265631549e-05
70.793182	0.000696295762340004	-5.11092692771536e-05
63.082279	0.000700307106855111	-4.19548693918651e-05
56.241825	0.000705049874513038	-3.23349865296179e-05
50.112232	0.000705017919773616	-2.25004323658437e-05
44.671223	0.000708574180445542	-1.72089926818654e-05
39.808899	0.000713809863359653	-1.39868605828353e-05
35.488308	0.000716463352171039	-7.67214279460064e-06
31.629578	0.000719319744255854	-2.10500270580437e-06
28.187037	0.000723361121990539	-1.09975357234423e-06
25.120602	0.000726079431978632	3.48235166081196e-06
22.385418	0.000727114893720254	7.48322307807169e-06
19.955338	0.000730191529001041	8.53366485090991e-06
17.775894	0.000735628394740854	1.16637954554284e-05
15.846864	0.000736555392538377	1.1165173560406e-05
14.127493	0.000737880821267386	1.21151114176158e-05
12.587309	0.000739060335095984	1.41057471718583e-05
11.216775	0.000743131314187449	1.39316990725788e-05
9.9968166	0.000743825651361257	1.44463120194179e-05
8.9082127	0.000746297641370372	1.65040700959114e-05
7.9395623	0.000746665087855727	1.53113105884787e-05
7.0765615	0.000747633033972663	1.56207105056649e-05
6.3105822	0.000749935814189084	1.5845440436579e-05
5.6245475	0.000752678035391301	1.69743787724794e-05
5.0112233	0.000754741454258864	1.70044953164333e-05
4.4642835	0.00075655067168225	1.61974363816729e-05
3.9819033	0.000756977717214392	1.61425992335292e-05
3.5479143	0.000757292146322951	1.471656604954e-05
3.1629577	0.00075780713691117	1.90860918755675e-05
2.818361	0.000760319319615543	1.72016680666447e-05
2.5112481	0.000761314832626512	1.67219973196208e-05
2.2398233	0.000761750786196775	1.72625956318234e-05
1.9950197	0.000763043795560039	1.7120014200498e-05
1.7775893	0.000765124356411845	1.7363799788093e-05
1.5846864	0.000764597788283744	1.75463030797806e-05
1.4122353	0.000766761120844319	1.90967191744023e-05
1.2582541	0.00076803521956274	1.75742427571227e-05
1.1224822	0.000768772286600233	1.88426221794224e-05
1.0000616	0.000769264626733086	1.99613282626202e-05
0.89082122	0.000770518185042123	1.70258916169658e-05
0.79444051	0.000772171526922551	2.09871151043606e-05
0.70784986	0.000772941157086886	1.94782179392578e-05
0.63126236	0.000776367378701884	2.37088604143331e-05
0.562536	0.000776357180450667	2.26421472716225e-05
0.50118715	0.000779358820129751	2.2998594581751e-05
0.44642836	0.000781047202575508	2.55972549109432e-05
0.39821118	0.000783692067708175	2.503977019692e-05
0.35475865	0.000782316166827329	2.40710379523724e-05
0.31619295	0.000783743979938995	2.75734772041044e-05
0.2819173	0.000787693738108185	2.7074139987535e-05
0.25117323	0.000790345114663145	3.02631732921034e-05
0.22391155	0.000789439642645775	3.13250867451267e-05
0.19957349	0.000790815835198866	3.23337582099147e-05
0.17779917	0.000794380852311664	3.38141348270417e-05
0.15846863	0.000797844601192279	3.29914065896568e-05
0.14123619	0.000798731267218249	3.57210937769589e-05
0.12590662	0.000800964104764383	3.86377963121833e-05
0.1122199	0.000802918647410021	3.92483596808747e-05
0.10002181	0.00080311410081907	4.26641887001398e-05
