10002.226	0.00117760916799679	-0.00949200663813781
8914.9326	0.00113516250349903	-0.00849520519337593
7943.9951	0.00109990322169102	-0.0076049143023989
7081.583	0.00106447825575658	-0.00680666032972285
6307.7358	0.00103342260496379	-0.00609167754653292
5622.5879	0.00100083618914339	-0.00545430091751526
5011.603	0.000973311146076995	-0.00488451497488704
4466.4292	0.0009482670114417	-0.00437311293764213
3981.2773	0.000922913123292724	-0.00391498547818322
3548.8679	0.000901404258960783	-0.00350629377909933
3163.0398	0.000883850974909508	-0.00313967406519477
2819.0986	0.000866782616242284	-0.00281200326203381
2512.4104	0.000847364828543698	-0.00251476740120572
2239.2869	0.000834860279344161	-0.0022571890395208
1995.6381	0.000820917188236692	-0.00201877104859672
1778.2897	0.000810229481236194	-0.00181133884435292
1584.4927	0.000795602984876441	-0.00162273131276771
1412.7418	0.000785155754999606	-0.00145400623321222
1258.7905	0.000775787478344582	-0.00130487944505965
1121.7966	0.000767157186198098	-0.00117033396868886
999.68164	0.000759266991428918	-0.00104886378931544
891.42474	0.000748606276904214	-0.000941921643694158
794.23932	0.000742532294059639	-0.000846130848480748
707.96161	0.000736117187595181	-0.000757417193866886
631.00977	0.000726469638045972	-0.000681078655699442
562.33929	0.000721733618571629	-0.000608805934854863
501.12231	0.000716602662680469	-0.000544594521204002
446.57214	0.000710399264036018	-0.000486737619401592
398.08899	0.000704058569425061	-0.000435620106328595
354.88681	0.000701590614578766	-0.000388712521699897
316.31589	0.000696982071992836	-0.000345355311989609
281.8942	0.00069420813570099	-0.000307866602604071
251.20601	0.000689525106409632	-0.000272282408970404
223.92496	0.000690808132301784	-0.000241050884887478
199.55338	0.000690368482465672	-0.000214910500873469
177.78128	0.000688058883688263	-0.000186161317006394
158.52898	0.000685832241816202	-0.000162355258908135
141.21979	0.000687678317060921	-0.000142515738828047
125.92673	0.000689150413771271	-0.000123721226825692
112.19009	0.00069091724667404	-0.000106704817219392
99.968163	0.000692702152402824	-8.87067049882443e-05
89.115646	0.000692475542007016	-7.64916775464593e-05
79.415741	0.000696302437102696	-6.2766646371411e-05
70.793182	0.000698281560814039	-5.04533375786846e-05
63.082279	0.000699407524623948	-4.12965699812966e-05
56.241825	0.000706389035484095	-3.018981583948e-05
50.112232	0.000706744905325166	-2.26998891100147e-05
44.671223	0.000708569960284655	-1.92726384860734e-05
39.808899	0.00071256993228893	-1.31909002981417e-05
35.488308	0.00071865449994506	-6.88905148698323e-06
31.629578	0.00071886767283856	-1.37472841719311e-06
28.187037	0.000721523222537498	-4.65972815203335e-07
25.120602	0.000725801259130863	5.05224479938469e-06
22.385418	0.000725048413544786	7.823249182661e-06
19.955338	0.000729321580241295	8.65441167532603e-06
17.775894	0.000733924011889214	1.01757141104871e-05
15.846864	0.000738008313396323	1.03963616972492e-05
14.127493	0.00073719179997362	1.2687359884105e-05
12.587309	0.000738858768412209	1.30221771889867e-05
11.216775	0.00074121909456786	1.4113275377411e-05
9.9968166	0.000743707493333795	1.26978791567047e-05
8.9082127	0.000746894267960588	1.48405745200553e-05
7.9395623	0.000745737829073495	1.47928847322195e-05
7.0765615	0.000751162675645781	1.82840970999731e-05
6.3105822	0.000751749151258095	1.65146927727256e-05
5.6245475	0.000753352976039618	1.82864209194281e-05
5.0112233	0.000756426864696443	1.58079319297318e-05
4.4642835	0.000757963525003106	1.70555395245972e-05
3.9819033	0.000756975974695696	1.64602435005683e-05
3.5479143	0.000757308485299185	1.7966344314582e-05
3.1629577	0.000760926375639539	1.85275311697753e-05
2.818361	0.000758896564391383	1.76439472605598e-05
2.5112481	0.000761625296876586	1.68636104269532e-05
2.2398233	0.000762068216196356	1.79990001141524e-05
1.9950197	0.000762833090359402	1.73471537992985e-05
1.7775893	0.000764373621873598	1.83924107079893e-05
1.5846864	0.000765268696110928	1.76977849823804e-05
1.4122353	0.00076582466043262	1.99592014924345e-05
1.2582541	0.000766324410703042	1.95212881058367e-05
1.1224822	0.00076793698524734	1.92859267588061e-05
1.0000616	0.000771545587482109	1.90823948751014e-05
0.89082122	0.00077247563912021	2.22034117696785e-05
0.79444051	0.000774350710838421	1.95354547387736e-05
0.70784986	0.0007727765511319	2.10974367910615e-05
0.63126236	0.000777400368204576	2.15109774514579e-05
0.562536	0.000774789650433939	2.20199239574262e-05
0.50118715	0.000776727817020511	2.47948556983301e-05
0.44642836	0.000780898533409742	2.59091467851059e-05
0.39821118	0.000780449344958852	2.45438027149782e-05
0.35475865	0.000784411731459873	2.88439122899499e-05
0.31619295	0.000785052192956977	2.6637982545569e-05
0.2819173	0.000785325829159916	2.73972829422021e-05
0.25117323	0.000787806816017775	2.98227888005316e-05
0.22391155	0.000790360461209202	3.06108378392612e-05
0.19957349	0.000791483962614034	3.14117652674587e-05
0.17779917	0.000792137256346587	3.4055461277515e-05
0.15846863	0.000795477659822866	3.51299959890939e-05
0.14123619	0.000798229503934855	3.57584616027712e-05
0.12590662	0.000800051889706129	3.7986838578102e-05
0.1122199	0.000801629001559053	4.05343141199862e-05
0.10002181	0.000804699749827232	4.0807698709306e-05
