10002.226	0.00116945113516347	-0.00954637325209621
8914.9326	0.00112977669113839	-0.00854653502390158
7943.9951	0.00108929048716929	-0.00764923345471869
7081.583	0.00105698070937652	-0.00684851483459825
6307.7358	0.00102483829998113	-0.00612845794386808
5622.5879	0.000993929884429753	-0.00548633660163547
5011.603	0.000964057056517587	-0.0049124061617587
4466.4292	0.000939827063452395	-0.00439779463789633
3981.2773	0.00091562073776638	-0.00393855649508176
3548.8679	0.000892337350039534	-0.00352560267074028
3163.0398	0.000875174061290785	-0.00315787831134701
2819.0986	0.000856972527687176	-0.00282860493816167
2512.4104	0.000842078421203317	-0.00253117365199049
2239.2869	0.000826629200046975	-0.00227069311991254
1995.6381	0.000812920228978047	-0.00203239735221054
1778.2897	0.000801014037848915	-0.001821695841275
1584.4927	0.000787896763786769	-0.00163311723226725
1412.7418	0.000776818580151004	-0.00146401884142516
1258.7905	0.000768908740275905	-0.00131155861006058
1121.7966	0.000758140122547661	-0.00117702243895792
999.68164	0.000750039027969568	-0.00105483861656544
891.42474	0.000741319372648061	-0.000946072638170735
794.23932	0.000733972487799729	-0.000850569677090535
707.96161	0.000724884217846454	-0.000761765578593633
631.00977	0.000720008434367512	-0.00068321014922885
562.33929	0.000715474801749691	-0.000612443777386097
501.12231	0.000706788322703599	-0.000550435033461973
446.57214	0.000702397930093345	-0.00048906024647158
398.08899	0.000696505865829054	-0.000437402745409338
354.88681	0.000690498928918755	-0.000390711353218231
316.31589	0.000691382853003968	-0.000348412366512866
281.8942	0.00068614848028261	-0.000310693064148923
251.20601	0.000682502716464985	-0.000274166474850114
223.92496	0.000683129578453793	-0.000243119764291376
199.55338	0.000680434113931822	-0.000213856051740079
177.78128	0.000680492324043572	-0.000187300212075477
158.52898	0.000679575265988655	-0.000163973564392812
141.21979	0.000679691454231224	-0.000143655975700347
125.92673	0.000679957598031318	-0.000123464929943897
112.19009	0.000683763355093632	-0.000108063199764138
99.968163	0.000681105766606411	-8.97354948637698e-05
89.115646	0.000685618661652925	-7.61408993058758e-05
79.415741	0.000688079810576151	-6.36072178462097e-05
70.793182	0.000687667394509774	-4.95975050631254e-05
63.082279	0.000691909132478861	-4.12318346740831e-05
56.241825	0.000697572912237417	-3.16845122375471e-05
50.112232	0.00069750052544868	-2.41150224731962e-05
44.671223	0.000699967980636837	-1.7905308502951e-05
39.808899	0.000704845152658205	-1.30168618355892e-05
35.488308	0.000708731571922505	-7.54426598167965e-06
31.629578	0.000711398976074801	-2.13830950385404e-06
28.187037	0.000712776223135956	3.00376335171676e-06
25.120602	0.000714979282856975	5.35062409597958e-06
22.385418	0.000718377413268996	5.90844209373037e-06
19.955338	0.000722144950913468	8.56702972802794e-06
17.775894	0.000726710346727674	1.1421648572076e-05
15.846864	0.000727256105457711	1.1363319497247e-05
14.127493	0.00073025392011409	1.30345969761557e-05
12.587309	0.000731848079230786	1.42862492391682e-05
11.216775	0.000732531157649768	1.45911802967141e-05
9.9968166	0.000736330544895576	1.41459384761769e-05
8.9082127	0.000737404044267659	1.50340061812168e-05
7.9395623	0.00074002441585722	1.51599823425411e-05
7.0765615	0.000742323476643607	1.75459595147879e-05
6.3105822	0.000742518712924938	1.73042771347678e-05
5.6245475	0.000745676312630423	1.43891476667485e-05
5.0112233	0.000747709192609812	1.83255226752903e-05
4.4642835	0.000748402779950685	1.66105207456766e-05
3.9819033	0.000747697358422057	1.77576293721498e-05
3.5479143	0.000748990654804447	1.72935054011398e-05
3.1629577	0.000750885862398024	1.81862270146111e-05
2.818361	0.000753302637797165	1.67955482889341e-05
2.5112481	0.000753031814043103	1.55162855067183e-05
2.2398233	0.000752383579328967	1.69974441493746e-05
1.9950197	0.000755444802349743	1.85520174708653e-05
1.7775893	0.000755186682215657	1.66983024167967e-05
1.5846864	0.000757188910183601	1.72595362614161e-05
1.4122353	0.000760063652132725	1.85719424864423e-05
1.2582541	0.000758428854511105	2.10016748605016e-05
1.1224822	0.00076216268226031	1.80389734221686e-05
1.0000616	0.000762004505165219	2.03223236964968e-05
0.89082122	0.000762491639753929	2.07378094248852e-05
0.79444051	0.000766300939714892	2.03367898283584e-05
0.70784986	0.000766515551006224	2.04942832106392e-05
0.63126236	0.000768594744892874	2.29303756359629e-05
0.562536	0.000767998360894321	2.1313287552548e-05
0.50118715	0.000770560749961593	2.41329381764998e-05
0.44642836	0.000771754347360231	2.46396034918364e-05
0.39821118	0.000772996241125899	2.55098989225291e-05
0.35475865	0.000775978924714046	2.5260642019447e-05
0.31619295	0.000776311210494619	2.72237729104224e-05
0.2819173	0.000779994344047404	2.77595252237179e-05
0.25117323	0.000778236840352716	2.91967773912317e-05
0.22391155	0.000782311405468385	3.13745527773959e-05
0.19957349	0.000784832768097153	3.26761601796664e-05
0.17779917	0.000784526637706112	3.40253261049266e-05
0.15846863	0.000788600412829988	3.36454477970552e-05
0.14123619	0.000788388957082519	3.84147467791899e-05
0.12590662	0.0007926435493995	4.06899885777771e-05
0.1122199	0.000795459437830872	4.06263184939891e-05
0.10002181	0.000797848285963547	4.39824574043349e-05
