10002.226	0.00116933081196909	-0.00954718182940347
8914.9326	0.00112959840019626	-0.00854671339050755
7943.9951	0.00109066336069799	-0.00765033295287484
7081.583	0.0010559249481956	-0.00684768179994389
6307.7358	0.00102390481693409	-0.00612421217155587
5622.5879	0.000992215345736992	-0.00548610230009204
5011.603	0.000962796980179151	-0.00491189490214187
4466.4292	0.000939218719794384	-0.00439917668495448
3981.2773	0.000916916423486243	-0.00393682144701613
3548.8679	0.000892857910541504	-0.00352726054403465
3163.0398	0.000875379946147943	-0.00315784108356899
2819.0986	0.000857216708818061	-0.00282857332567126
2512.4104	0.000841043389955696	-0.00253323395560038
2239.2869	0.000826107475553972	-0.00227090448738004
1995.6381	0.000812574784285913	-0.00203371009140024
1778.2897	0.000799275679893348	-0.00182332471530823
1584.4927	0.000788997109455783	-0.0016319562224211
1412.7418	0.000777124368310021	-0.00146572225922981
1258.7905	0.000769107255692706	-0.0013125972908583
1121.7966	0.000757130399866171	-0.00117873903696151
999.68164	0.000749244473638641	-0.00105431668652583
891.42474	0.000739886640995461	-0.000946044314662091
794.23932	0.000733783267154223	-0.000849223473722723
707.96161	0.000725358984873397	-0.000760005166463284
631.00977	0.000718349580468842	-0.000685562453350445
562.33929	0.000712516331522951	-0.000613101235104799
501.12231	0.000706891758970394	-0.000548028176683181
446.57214	0.000702338254709542	-0.000489376143551815
398.08899	0.000697946223296879	-0.000438109350077541
354.88681	0.000692353967366119	-0.000392590056391583
316.31589	0.000691458265824745	-0.000348175847839494
281.8942	0.000687409473017547	-0.000310319836388908
251.20601	0.000681522702439989	-0.000274038056637432
223.92496	0.00068109950381682	-0.000241541034499667
199.55338	0.000680373967767109	-0.000215408879927528
177.78128	0.000681822059806166	-0.000187233187957447
158.52898	0.000680239344088203	-0.000163363275694114
141.21979	0.000681011392024623	-0.000143453560990488
125.92673	0.000679545413582299	-0.000124276139945084
112.19009	0.000684220549976406	-0.000107304802891317
99.968163	0.000682204534892303	-8.92753106406066e-05
89.115646	0.000685704423453764	-7.49801224269344e-05
79.415741	0.000687176939163396	-6.2757920730325e-05
70.793182	0.000689916661474789	-5.24151677587361e-05
63.082279	0.000691650771475818	-3.97597924676066e-05
56.241825	0.000698958599793317	-3.24094412186611e-05
50.112232	0.000698287643030786	-2.29788438469642e-05
44.671223	0.000701002696799254	-1.81915564726295e-05
39.808899	0.000704996195934099	-1.17693123485338e-05
35.488308	0.000709431969948007	-5.7769521582436e-06
31.629578	0.000711864035461572	-2.63397204856399e-06
28.187037	0.00071267145928157	1.25738752621907e-06
25.120602	0.000717497069377336	3.41118788670607e-06
22.385418	0.000721011261398262	6.63570223766958e-06
19.955338	0.000721880058570774	8.2156957607267e-06
17.775894	0.000726175679877223	8.9937561451293e-06
15.846864	0.000729060429054942	9.51594161202048e-06
14.127493	0.000732330792858445	1.49930814041372e-05
12.587309	0.000731922194330032	1.32636414160024e-05
11.216775	0.000733994069977822	1.34716082297036e-05
9.9968166	0.000737279062002446	1.36027587244e-05
8.9082127	0.00073749588862009	1.63205429194116e-05
7.9395623	0.000739010630041627	1.41816541773137e-05
7.0765615	0.000741894605038628	1.79819361460182e-05
6.3105822	0.000742527586428756	1.77238577173227e-05
5.6245475	0.000744166729680773	1.39171919358403e-05
5.0112233	0.00074760466167356	1.64778612211283e-05
4.4642835	0.000748259034677676	1.69645566492921e-05
3.9819033	0.000748663700753467	1.84037585006779e-05
3.5479143	0.000751628612442849	1.74191370547761e-05
3.1629577	0.000751330478864612	1.88257117030083e-05
2.818361	0.000753026106041961	1.63640443220567e-05
2.5112481	0.000753086712943975	1.56570408305326e-05
2.2398233	0.000756038444512326	1.79341813974997e-05
1.9950197	0.00075488851090354	1.77272048203639e-05
1.7775893	0.000757533892423243	1.80645544514401e-05
1.5846864	0.000759446192196825	1.80822323185357e-05
1.4122353	0.000759405286181296	2.01457835993561e-05
1.2582541	0.00075850339335924	1.81407373201879e-05
1.1224822	0.000760141101076443	1.84362907486304e-05
1.0000616	0.000763305216732733	2.05490657681739e-05
0.89082122	0.000763454251799423	2.11986332724067e-05
0.79444051	0.000765290922715537	2.11343100800187e-05
0.70784986	0.000766904421311793	2.13806249357774e-05
0.63126236	0.000769134915419386	2.199757107841e-05
0.562536	0.000768441702746176	2.16061919058776e-05
0.50118715	0.000770118589553197	2.37814114239167e-05
0.44642836	0.000772622101703756	2.09002085208874e-05
0.39821118	0.000774116252722162	2.66800371775529e-05
0.35475865	0.00077426692202267	2.84104228247592e-05
0.31619295	0.000777605843038032	2.71951866327554e-05
0.2819173	0.000777882865041458	2.82598516879971e-05
0.25117323	0.000779042133692466	2.95065117665283e-05
0.22391155	0.000780257157693836	3.19903401417182e-05
0.19957349	0.000783360497123958	3.34322723085917e-05
0.17779917	0.000784449848127641	3.4987221548923e-05
0.15846863	0.000788108930039764	3.41872779960889e-05
0.14123619	0.000787745498554474	3.85966366558081e-05
0.12590662	0.000791864599236422	3.7318772832182e-05
0.1122199	0.000791815243643121	4.11152697926433e-05
0.10002181	0.000796745193525358	4.20969785112467e-05
