10002.226	0.00117125701829494	-0.00954774822135218
8914.9326	0.0011295801831089	-0.00854872205016891
7943.9951	0.00109158484261088	-0.00765180006750484
7081.583	0.0010552610433912	-0.00684791819910318
6307.7358	0.00102469674719116	-0.00612759799058635
5622.5879	0.000993394499436375	-0.00548674961992401
5011.603	0.000965028944767455	-0.00491217909420703
4466.4292	0.000940556552795215	-0.00439727228833504
3981.2773	0.000917579854001948	-0.00393763747044298
3548.8679	0.000893940444426304	-0.0035262476351367
3163.0398	0.000874932386027914	-0.00315787813993308
2819.0986	0.000856292341658461	-0.00282599554285442
2512.4104	0.00084156737646384	-0.00253289130672145
2239.2869	0.000826913676954163	-0.00226857988108457
1995.6381	0.00081485481149648	-0.00203310948535535
1778.2897	0.000799846761856176	-0.001822140742835
1584.4927	0.000788369233660325	-0.00163119981739944
1412.7418	0.00077536778097321	-0.00146569275368117
1258.7905	0.000766115786883846	-0.0013123690753812
1121.7966	0.000757159535437058	-0.00117673503350172
999.68164	0.000748118668918452	-0.00105542723062275
891.42474	0.000740970336738302	-0.000947271181528093
794.23932	0.000734132776383347	-0.000850713207137232
707.96161	0.000726944037671204	-0.000761211945831839
631.00977	0.000720571910026913	-0.000684851548107954
562.33929	0.000713624082697264	-0.000611837383788959
501.12231	0.000707272210938651	-0.000548647697165081
446.57214	0.00070195400408772	-0.00049044664700515
398.08899	0.000697584856514282	-0.000440517172901485
354.88681	0.000693932696132708	-0.00039111778743467
316.31589	0.00069066550248063	-0.000347298184192837
281.8942	0.000687117292502029	-0.000310847614835013
251.20601	0.000682078337405544	-0.000273298152286635
223.92496	0.000682264565554522	-0.000243299132104421
199.55338	0.000680111257061541	-0.000217005375753206
177.78128	0.000680291858619468	-0.000186824970685922
158.52898	0.000679659310935119	-0.000163849653526602
141.21979	0.000679671385954072	-0.000144027769949857
125.92673	0.000681494417690117	-0.000121485546538155
112.19009	0.000682360671034536	-0.000108376543370256
99.968163	0.00068476480642027	-8.8484201991047e-05
89.115646	0.000687899567535812	-7.59522965319642e-05
79.415741	0.000687138743887715	-6.09657108356047e-05
70.793182	0.000689940675475001	-5.2579607380035e-05
63.082279	0.000692434780253976	-4.00037215127855e-05
56.241825	0.000696791860162857	-3.2783775568582e-05
50.112232	0.000699759944181238	-2.2197642256002e-05
44.671223	0.0007005150330232	-1.83596633163935e-05
39.808899	0.000704041459483755	-1.25457664706151e-05
35.488308	0.000706852088484334	-7.96516670517197e-06
31.629578	0.000712833520096839	-2.99899161526174e-06
28.187037	0.000713542595419173	-1.05905256233736e-07
25.120602	0.000717201744957957	2.95041279184191e-06
22.385418	0.000719490301386886	6.24094447139434e-06
19.955338	0.000722814446209918	7.73044624443345e-06
17.775894	0.000726080028887143	1.0462504366027e-05
15.846864	0.000726878692049063	1.19103182212924e-05
14.127493	0.00073091833171974	1.37333316815268e-05
12.587309	0.000731977119745275	1.42444936459801e-05
11.216775	0.000734161212082492	1.35557537411167e-05
9.9968166	0.000735985029397819	1.54117422387756e-05
8.9082127	0.000737708891570016	1.57577980233855e-05
7.9395623	0.000736788904862951	1.6738009134024e-05
7.0765615	0.000741653961179165	1.67536017062207e-05
6.3105822	0.00074524801264088	1.60034456414798e-05
5.6245475	0.000744937144440737	1.46253838727407e-05
5.0112233	0.000747149445309086	1.66577428152114e-05
4.4642835	0.000748702070336002	1.84201200460539e-05
3.9819033	0.000748257473527727	1.73469477384389e-05
3.5479143	0.000751122315213155	1.65966986212219e-05
3.1629577	0.000752564728636718	1.84023229968098e-05
2.818361	0.000753303173244945	1.74254459353308e-05
2.5112481	0.000752528936927916	1.71042549404248e-05
2.2398233	0.000752447722576997	1.75226243063819e-05
1.9950197	0.000754316434601259	1.66909822835256e-05
1.7775893	0.000757277135882352	1.73369133175324e-05
1.5846864	0.0007573181561471	1.76372272457731e-05
1.4122353	0.000760282015984788	1.93716557329967e-05
1.2582541	0.000758238177553798	1.98156032543971e-05
1.1224822	0.000761430248356576	2.07670209656574e-05
1.0000616	0.000762652682703476	2.08606026725519e-05
0.89082122	0.00076401531516463	2.04604410923798e-05
0.79444051	0.000762749573455448	2.17024649801398e-05
0.70784986	0.000764291032045292	2.20865022897944e-05
0.63126236	0.000767653079189226	2.25690765026835e-05
0.562536	0.000767760825321684	2.07424886203329e-05
0.50118715	0.000771421786998957	2.36195177792836e-05
0.44642836	0.000774076937596216	2.45194578381245e-05
0.39821118	0.000773229600997507	2.75151012076551e-05
0.35475865	0.000774923965600408	2.55475119407166e-05
0.31619295	0.000776312017461093	2.69890172763996e-05
0.2819173	0.000777895303563478	2.86750664707105e-05
0.25117323	0.000781462809488171	2.92446175705445e-05
0.22391155	0.000780725791519304	3.09021838266341e-05
0.19957349	0.000781181284331207	3.06364233392392e-05
0.17779917	0.00078530920804585	3.38422491459102e-05
0.15846863	0.000789599713984956	3.56049545884857e-05
0.14123619	0.000789174902015142	3.62498309602411e-05
0.12590662	0.000791226344273186	4.10574890583179e-05
0.1122199	0.000792285889147783	4.08815797222052e-05
0.10002181	0.000795965754764469	4.25430091338449e-05
