10002.226	0.00116968946629562	-0.0095464005014926
8914.9326	0.00112979121354691	-0.00854685062206027
7943.9951	0.00109080211578336	-0.00764955846097478
7081.583	0.00105693278793216	-0.00684825590368263
6307.7358	0.00102377649872356	-0.00612718077214343
5622.5879	0.000992626194185565	-0.00548583528805005
5011.603	0.00096467680866856	-0.0049123872398402
4466.4292	0.000940831857633249	-0.0043976815167107
3981.2773	0.00091712282393509	-0.00393822571339894
3548.8679	0.000892242083275492	-0.00352498140721185
3163.0398	0.000875302406133379	-0.00316030824342176
2819.0986	0.000857782479551937	-0.00282623438055365
2512.4104	0.00084252597866328	-0.00253238904930076
2239.2869	0.000826902060232699	-0.0022699963335097
1995.6381	0.000812069560449861	-0.00203357087398647
1778.2897	0.000800639122866355	-0.00182206185351107
1584.4927	0.000788045667034087	-0.00163353848762164
1412.7418	0.000776781274170379	-0.00146180156932254
1258.7905	0.000767462398672195	-0.00131099892632607
1121.7966	0.000758661248776668	-0.00117784006876087
999.68164	0.000749608802803817	-0.00105624774716282
891.42474	0.00073960460386987	-0.000947791528921334
794.23932	0.000736028660894105	-0.000850103179015401
707.96161	0.000725811604996555	-0.000762490415523288
631.00977	0.000719888950059911	-0.000683555319682641
562.33929	0.000713704592148677	-0.000610391259726165
501.12231	0.000707224068845124	-0.000549784455104552
446.57214	0.000702868228411083	-0.00048992393420603
398.08899	0.000697443534405859	-0.000438924094169921
354.88681	0.000692735663765763	-0.000392723064473623
316.31589	0.000689960339324748	-0.000348341748386119
281.8942	0.00068749099464399	-0.000311349692330264
251.20601	0.000682514671628902	-0.000274456515309871
223.92496	0.000682346465090927	-0.000243066893552374
199.55338	0.000680144716437035	-0.000214866881939819
177.78128	0.000680498418312087	-0.000187555137439955
158.52898	0.000681169091769258	-0.000162509276319806
141.21979	0.000679595227418049	-0.000143008316213926
125.92673	0.000679584811589723	-0.000123691828259224
112.19009	0.000682446059929397	-0.000106050756489589
99.968163	0.000682443155540902	-8.63710378218044e-05
89.115646	0.000685346807499107	-7.55651272810662e-05
79.415741	0.000687222424043851	-6.20920037391052e-05
70.793182	0.000689519358640775	-5.11726017622092e-05
63.082279	0.000691105857615508	-4.14735510295209e-05
56.241825	0.000696131250516509	-3.10283801792172e-05
50.112232	0.000697929969243657	-2.35765239039636e-05
44.671223	0.000701970653485707	-1.89341031191995e-05
39.808899	0.000703419062615702	-1.40765977919007e-05
35.488308	0.000707446663980089	-6.69303771790522e-06
31.629578	0.000709761997687593	-1.43947070949216e-06
28.187037	0.000710867648480113	-3.0684006267854e-08
25.120602	0.000715965921056863	5.1890815614346e-06
22.385418	0.000721365286657152	7.58346400752964e-06
19.955338	0.000723611415966666	8.65266093115517e-06
17.775894	0.00072356857046515	1.25340314697348e-05
15.846864	0.000728676441632871	9.98408948487473e-06
14.127493	0.000731405606445759	1.20970243767002e-05
12.587309	0.000730904335252797	1.38204471466704e-05
11.216775	0.000732083129714667	1.34625224352807e-05
9.9968166	0.00073582847132186	1.40750608231219e-05
8.9082127	0.0007381527669442	1.61168319246682e-05
7.9395623	0.000739254731168254	1.63909929467394e-05
7.0765615	0.000741951657737663	1.53362974712353e-05
6.3105822	0.000741932974334275	1.51946951442145e-05
5.6245475	0.000745301368128391	1.71664395630319e-05
5.0112233	0.000746929151672217	1.68636135212524e-05
4.4642835	0.000748660632706709	1.72340390822563e-05
3.9819033	0.000747942744561454	1.73759306646451e-05
3.5479143	0.000752275261175383	1.78977146232446e-05
3.1629577	0.000752245862221677	1.70943573367952e-05
2.818361	0.000753228431204747	1.7735829204919e-05
2.5112481	0.000752322712173688	1.54635979657731e-05
2.2398233	0.00075495455042672	1.73115926424837e-05
1.9950197	0.000754562139226014	1.66915419067036e-05
1.7775893	0.000754801212114138	1.66138627140745e-05
1.5846864	0.000757971851303049	1.87943495839267e-05
1.4122353	0.000758901277406717	1.81442974350466e-05
1.2582541	0.000759614257182985	2.00864817674546e-05
1.1224822	0.000760886055060044	1.9549028966769e-05
1.0000616	0.000762083618543953	2.03643579376381e-05
0.89082122	0.000765290277776663	1.93867359613949e-05
0.79444051	0.000764844301947298	2.10434512431197e-05
0.70784986	0.000766276770383346	2.29964615828241e-05
0.63126236	0.000768208802786515	2.23750714780653e-05
0.562536	0.000767699495060235	2.36273798001614e-05
0.50118715	0.000770162382434591	2.35343362303884e-05
0.44642836	0.000772888408546809	2.55129280700525e-05
0.39821118	0.000773776298386636	2.56490820633053e-05
0.35475865	0.000774628739629187	2.69687232268597e-05
0.31619295	0.00077665365130873	2.82196026406657e-05
0.2819173	0.000778350239456949	2.65153803134369e-05
0.25117323	0.000780225230114261	2.890751595544e-05
0.22391155	0.000782033231275812	2.93962441867835e-05
0.19957349	0.000782388120006114	3.07062517319066e-05
0.17779917	0.000784349285614897	3.43753295790251e-05
0.15846863	0.000788001833159868	3.52416291501952e-05
0.14123619	0.000790751150242772	3.79476994225814e-05
0.12590662	0.000791858956357451	3.82347524720065e-05
0.1122199	0.000794261581000177	4.08445948275743e-05
0.10002181	0.000797912791117596	4.40808793305378e-05
