10002.226	0.00116949294959432	-0.00954748293890606
8914.9326	0.00112908036153345	-0.00854702066562342
7943.9951	0.00108843638495016	-0.00764803275088481
7081.583	0.0010560229189478	-0.0068499427118854
6307.7358	0.00102381118153601	-0.00612826683752436
5622.5879	0.000993518974215523	-0.00548635640673819
5011.603	0.000965394131529805	-0.00491325205516528
4466.4292	0.000938894812559651	-0.00439761449984639
3981.2773	0.000916632904952417	-0.00393839864908568
3548.8679	0.000892916517262052	-0.0035268266192354
3163.0398	0.000876676085312362	-0.00315821887895503
2819.0986	0.000856549882774459	-0.00282726197396824
2512.4104	0.000843413623790979	-0.00253260957067555
2239.2869	0.000825914193029852	-0.00226875106562741
1995.6381	0.00081325220250247	-0.00203379361176802
1778.2897	0.000800583210297014	-0.00182164383179763
1584.4927	0.000789088365310889	-0.00163341403993067
1412.7418	0.000776426359019777	-0.001465069890925
1258.7905	0.000767303609122389	-0.00131288182767285
1121.7966	0.000759180611647272	-0.00117621730498003
999.68164	0.00075166202484027	-0.00105371583022844
891.42474	0.000740369737350512	-0.000944864411724439
794.23932	0.000733179598705232	-0.000849129329221449
707.96161	0.000726623304387458	-0.000760511160816668
631.00977	0.000721019348445785	-0.000684648818060809
562.33929	0.000714087349986792	-0.000613169797299377
501.12231	0.000707031082074504	-0.00054912355459843
446.57214	0.000701866466550389	-0.000491547629787746
398.08899	0.000697125295004228	-0.000437717751595097
354.88681	0.00069257933741591	-0.000391441005623479
316.31589	0.000689382749910028	-0.000349361405429617
281.8942	0.000685615388914555	-0.000311454539221992
251.20601	0.000682413841389387	-0.00027404132758534
223.92496	0.000681902966775934	-0.00024295883782573
199.55338	0.00068088430183277	-0.000217106578001854
177.78128	0.000681098173337532	-0.000188367544434675
158.52898	0.000679432439790618	-0.000162370038462485
141.21979	0.000678245500556819	-0.000143111178218298
125.92673	0.000680273358457882	-0.000124128836094077
112.19009	0.000680835762923739	-0.000107485024209472
99.968163	0.000682897189025521	-8.91334608277866e-05
89.115646	0.000687311983101122	-7.57132302388073e-05
79.415741	0.000688201915019664	-6.29642390632355e-05
70.793182	0.000689033695870397	-5.11734535883823e-05
63.082279	0.000692036761226965	-4.16130506480174e-05
56.241825	0.000697346555554224	-3.22485501872895e-05
50.112232	0.000697294806077142	-2.15424801263833e-05
44.671223	0.000701509802778481	-1.75203911264937e-05
39.808899	0.000703562414446188	-1.31337924571747e-05
35.488308	0.000709449300481169	-7.22637579133468e-06
31.629578	0.000710686341584009	-3.94443057778242e-06
28.187037	0.000713634750706057	-9.4146425298013e-08
25.120602	0.000718039351550289	3.64892883838506e-06
22.385418	0.000717843481005362	6.79790446338867e-06
19.955338	0.000724179316625398	8.50727279000281e-06
17.775894	0.000725960643628495	1.26435461536559e-05
15.846864	0.000727009254578996	1.08373458758056e-05
14.127493	0.000730982851094998	1.21896708365698e-05
12.587309	0.000732735294120012	1.45374280807169e-05
11.216775	0.000733206420328279	1.46938896386808e-05
9.9968166	0.000736498715623162	1.25383238675222e-05
8.9082127	0.00073747014537002	1.49407138882365e-05
7.9395623	0.000738895452407123	1.47113267344383e-05
7.0765615	0.00074094247916249	1.7222588682273e-05
6.3105822	0.000743407487917737	1.60737019188684e-05
5.6245475	0.000744946681433678	1.58016386314309e-05
5.0112233	0.000745104686077044	1.63969906720799e-05
4.4642835	0.000748521212994288	1.55293561101201e-05
3.9819033	0.000749818172213742	1.85811145773621e-05
3.5479143	0.000749956639275662	1.72210084072047e-05
3.1629577	0.000750978172781178	1.80045607610987e-05
2.818361	0.000750225708999245	1.61025876029709e-05
2.5112481	0.000753513909904664	1.58201021576678e-05
2.2398233	0.0007515294410584	1.71717723837839e-05
1.9950197	0.000755316022104286	1.59960412898413e-05
1.7775893	0.000755719819928929	1.74956398817706e-05
1.5846864	0.000756135200585886	1.76491283192684e-05
1.4122353	0.000758333829313371	1.84058891522941e-05
1.2582541	0.000758491730079119	1.9563758629256e-05
1.1224822	0.000759629292115446	1.9975635160561e-05
1.0000616	0.000761644501892915	1.81668686346538e-05
0.89082122	0.000762520766847452	2.04242913888044e-05
0.79444051	0.000762633177434401	2.09083113749923e-05
0.70784986	0.000763673209126691	2.02258566085722e-05
0.63126236	0.000768005149936266	2.20280671209876e-05
0.562536	0.000770397934011514	2.26562833285045e-05
0.50118715	0.000770056468741036	2.37289078192711e-05
0.44642836	0.000773221356551168	2.44949236876492e-05
0.39821118	0.000774329668696477	2.58732288010412e-05
0.35475865	0.0007738677240367	2.69009975671122e-05
0.31619295	0.000778509201243967	2.75092127385098e-05
0.2819173	0.000779525135542977	2.9034796664944e-05
0.25117323	0.000778900984012567	3.10548579502088e-05
0.22391155	0.000782184389560101	3.07546366404049e-05
0.19957349	0.000782418570306817	3.22940692043256e-05
0.17779917	0.000783517751580206	3.47516640074093e-05
0.15846863	0.000787235504024497	3.55848751048572e-05
0.14123619	0.000788652637674497	3.69994358037194e-05
0.12590662	0.000792276239559966	3.76350063326731e-05
0.1122199	0.000794964286186896	4.11333828725969e-05
0.10002181	0.000798756567247709	4.15134337502677e-05
