10002.226	0.00116922439373436	-0.00954707055382193
8914.9326	0.00112737302787679	-0.00854718460221318
7943.9951	0.00109024865105163	-0.00764968496717528
7081.583	0.00105669927980621	-0.00685111277772057
6307.7358	0.00102484119256118	-0.00612752362679463
5622.5879	0.00099356914047126	-0.00548758371637301
5011.603	0.000964351834968072	-0.00491407909116175
4466.4292	0.000941067454182437	-0.00439739294592264
3981.2773	0.000915369265139539	-0.00393768428378462
3548.8679	0.00089280161048123	-0.00352734578395599
3163.0398	0.000875257303486878	-0.00315748082157454
2819.0986	0.000856549930895273	-0.00282743167684512
2512.4104	0.000843460716054883	-0.00253310195636937
2239.2869	0.000826085294991211	-0.00227120336391785
1995.6381	0.000812706749755093	-0.00203411916097098
1778.2897	0.000801045096917593	-0.00182107214366286
1584.4927	0.000788636220065067	-0.00163233050106648
1412.7418	0.000776292637900199	-0.00146435646033539
1258.7905	0.00076561465713557	-0.00131239299770013
1121.7966	0.000758385271506722	-0.0011770025159108
999.68164	0.000748467510531616	-0.00105294650273627
891.42474	0.000742616607307484	-0.000948155581545708
794.23932	0.000734427153673954	-0.000851820403366451
707.96161	0.000727724783220435	-0.000761199902758769
631.00977	0.000719881636663011	-0.000684767232982477
562.33929	0.000711911472903349	-0.000612835674519881
501.12231	0.0007070172825248	-0.000547145536982093
446.57214	0.000701154002459719	-0.000489714647652595
398.08899	0.000697511569194586	-0.00043907964483283
354.88681	0.000694075032139107	-0.000393601951599834
316.31589	0.000690849822093278	-0.000347271326239107
281.8942	0.000686780296204778	-0.000311686399416602
251.20601	0.000682583151831899	-0.0002743863364204
223.92496	0.000681737932500745	-0.000243073652676593
199.55338	0.000680697252361611	-0.000215425608736659
177.78128	0.000679326508324561	-0.000187340348435906
158.52898	0.000679638093326939	-0.000162132900735976
141.21979	0.000679495662480115	-0.000142158200157802
125.92673	0.000679112259428502	-0.000123315584065671
112.19009	0.000680735667864659	-0.000106497547040248
99.968163	0.00068340885317275	-8.99185059704419e-05
89.115646	0.000685100293954922	-7.68546778003265e-05
79.415741	0.000688306230092656	-6.27739495534251e-05
70.793182	0.000690574789708936	-5.18055202636176e-05
63.082279	0.000692364878294791	-3.99519685919517e-05
56.241825	0.000697876714028494	-2.96607992061519e-05
50.112232	0.000698684180774678	-2.30543805376645e-05
44.671223	0.000701542280992865	-1.82015208764773e-05
39.808899	0.000706506130370153	-1.12926616456566e-05
35.488308	0.000707000360360439	-9.04486758607574e-06
31.629578	0.000710701867493726	-1.73607861375006e-06
28.187037	0.000712228522122701	1.13499465553914e-06
25.120602	0.000715660795601962	4.34535475244525e-06
22.385418	0.000720113490835998	7.50615302417928e-06
19.955338	0.000723687301160035	8.45762658100583e-06
17.775894	0.000724013190594864	1.18856984183852e-05
15.846864	0.000726032189381117	9.58135846696994e-06
14.127493	0.000730713639548444	1.471646758977e-05
12.587309	0.000732284062990472	1.48835312678583e-05
11.216775	0.000734078088540819	1.5092354014283e-05
9.9968166	0.000734391186303269	1.32028257214818e-05
8.9082127	0.000738256428698272	1.61379751012187e-05
7.9395623	0.000738312241852703	1.63057503099436e-05
7.0765615	0.000740538764317931	1.6964109396149e-05
6.3105822	0.000742459701808286	1.54798799838774e-05
5.6245475	0.000746560948503263	1.46546237096876e-05
5.0112233	0.000745876352394669	1.79945076433504e-05
4.4642835	0.000749481658344432	1.69532750651674e-05
3.9819033	0.000747783230710809	1.67531991234003e-05
3.5479143	0.000748967775941668	1.64878818491118e-05
3.1629577	0.000751598384592358	1.65452606859391e-05
2.818361	0.00075221240348357	1.76196012550801e-05
2.5112481	0.000754130291036973	1.60535806407997e-05
2.2398233	0.000754333219136951	1.60047974692441e-05
1.9950197	0.000755514055816793	1.62724877606276e-05
1.7775893	0.000756000673963191	1.70628705522159e-05
1.5846864	0.000759200298312	1.73007217122871e-05
1.4122353	0.000755047054842624	1.78554229771308e-05
1.2582541	0.00075833272351847	1.86340709871142e-05
1.1224822	0.000763353899269314	1.78470159345574e-05
1.0000616	0.000762483835914032	1.98939608557097e-05
0.89082122	0.000763323985038274	2.06977352491733e-05
0.79444051	0.000762365442259313	2.16363117009153e-05
0.70784986	0.000766922259736487	2.28665160780205e-05
0.63126236	0.000768730206522002	2.09359577017402e-05
0.562536	0.000769952097435303	2.26949919347901e-05
0.50118715	0.000769664086702325	2.39478022152826e-05
0.44642836	0.000772911931016188	2.46552168286219e-05
0.39821118	0.0007727965090562	2.67944538411042e-05
0.35475865	0.000775715142697238	2.5652345431386e-05
0.31619295	0.000775497661841688	2.72453064221919e-05
0.2819173	0.000780371245775372	2.82533547452128e-05
0.25117323	0.000777124157822378	2.93507827848982e-05
0.22391155	0.000780864520953318	3.09936836859867e-05
0.19957349	0.000783129686739388	3.26021415935291e-05
0.17779917	0.000786065170056537	3.17490509431502e-05
0.15846863	0.000784766268121377	3.81891976149227e-05
0.14123619	0.00078973440397651	3.51502685573734e-05
0.12590662	0.000791744620053804	3.90858503895991e-05
0.1122199	0.000794074384267448	3.86480058498339e-05
0.10002181	0.000796906414567186	4.1652568871759e-05
