10002.226	0.00116865463486351	-0.00954770036676674
8914.9326	0.00112953850755498	-0.00854773040437601
7943.9951	0.00109137585818273	-0.00764875684994764
7081.583	0.00105504921472525	-0.00684994507256034
6307.7358	0.00102336353654808	-0.00612825778892069
5622.5879	0.000993047104688287	-0.005486227414062
5011.603	0.000964409884589251	-0.0049121049141023
4466.4292	0.000938902132070432	-0.00439741554503617
3981.2773	0.000916651745233897	-0.00393857973029324
3548.8679	0.000892773498025933	-0.00352663690255228
3163.0398	0.000875789706810852	-0.00315844986767533
2819.0986	0.000857488134764351	-0.00282564039263016
2512.4104	0.000841683446283114	-0.00253252615065189
2239.2869	0.000825027327829654	-0.0022706465827867
1995.6381	0.000812848158436272	-0.00203232981618275
1778.2897	0.000801440466341286	-0.00182239132467441
1584.4927	0.000787632433762534	-0.00163119037176472
1412.7418	0.000775720741732843	-0.00146466941113346
1258.7905	0.000767767349474442	-0.00131268333111305
1121.7966	0.000759334476314819	-0.00117841350736957
999.68164	0.000748692685531207	-0.00105535491997624
891.42474	0.000741095272309297	-0.00094783408801606
794.23932	0.000735210231653424	-0.000850040505710262
707.96161	0.000727534090665269	-0.000762823572028918
631.00977	0.000720389674115843	-0.000683981745147084
562.33929	0.00071252113478752	-0.00061152752937978
501.12231	0.000709040703791406	-0.000548982695158116
446.57214	0.000703484684532461	-0.000493076260473642
398.08899	0.000697707213562542	-0.000437893441519699
354.88681	0.000692235174365294	-0.000392900074781767
316.31589	0.000691512216449474	-0.000349824911866279
281.8942	0.000686799750955519	-0.000309498501785092
251.20601	0.000683175000839459	-0.00027416898913719
223.92496	0.000681293057947334	-0.000241658466428139
199.55338	0.000680414047602827	-0.000215380416911623
177.78128	0.00067893008970374	-0.000188514164536764
158.52898	0.000678881846418295	-0.000164349882042661
141.21979	0.000680116641084277	-0.000141917608400408
125.92673	0.000680685059870201	-0.000123351299740953
112.19009	0.000682765975087046	-0.000105844436033103
99.968163	0.000681777736614937	-8.93914325595285e-05
89.115646	0.00068599081392692	-7.56579193501168e-05
79.415741	0.000687512263498536	-6.4719736480891e-05
70.793182	0.000691107700183645	-5.06550241628641e-05
63.082279	0.000692830963572863	-4.20861194147035e-05
56.241825	0.000697988738187637	-3.21835562836546e-05
50.112232	0.000701639787101933	-2.38224854592768e-05
44.671223	0.000702396120146326	-1.85286774062551e-05
39.808899	0.00070393889390868	-1.27290708005579e-05
35.488308	0.000705501052921263	-7.74695273523088e-06
31.629578	0.000712532283807664	-1.28155710244537e-06
28.187037	0.000712914842978247	1.4797299418865e-07
25.120602	0.000716688922225471	4.20945754467728e-06
22.385418	0.000718431547325104	6.7942639595847e-06
19.955338	0.000721694574377643	7.10349239998994e-06
17.775894	0.000726362334862506	1.03128841047148e-05
15.846864	0.000728874505467713	1.05837902747712e-05
14.127493	0.000730408082334881	1.35674055033054e-05
12.587309	0.000732705427201535	1.44905637239736e-05
11.216775	0.000734071717787755	1.45904362622729e-05
9.9968166	0.000737733461347245	1.47188422646252e-05
8.9082127	0.000736757867975117	1.57406038563217e-05
7.9395623	0.000739124468692878	1.58003797172364e-05
7.0765615	0.00074292082737459	1.88005603799079e-05
6.3105822	0.000742535441874392	1.74738456539342e-05
5.6245475	0.000744345298779051	1.53969195522091e-05
5.0112233	0.000747682762534101	1.79097974315156e-05
4.4642835	0.000748685141213454	1.67747223423132e-05
3.9819033	0.000749778596879111	1.82370910920308e-05
3.5479143	0.000749213211215135	1.74878912034525e-05
3.1629577	0.000751972144590293	1.74495014090853e-05
2.818361	0.000753590068604508	1.68239556820212e-05
2.5112481	0.000753629569439099	1.71816455982561e-05
2.2398233	0.000754098761263929	1.72702373720334e-05
1.9950197	0.000755636979648572	1.58214891138521e-05
1.7775893	0.000756836716054842	1.68201465643124e-05
1.5846864	0.000758075171730378	1.77210749551409e-05
1.4122353	0.000759050543089492	1.77663690179158e-05
1.2582541	0.00075989634000464	1.88010163667623e-05
1.1224822	0.000757394947956399	1.87710922080703e-05
1.0000616	0.000762231820104828	2.05614556688024e-05
0.89082122	0.000762877291736116	2.13586827764866e-05
0.79444051	0.000764380195764461	1.94702899029674e-05
0.70784986	0.000766452025034036	2.07268023397641e-05
0.63126236	0.000769577878688948	2.09640754497822e-05
0.562536	0.000770158345164955	2.04240293363989e-05
0.50118715	0.000769632316483479	2.45893592089723e-05
0.44642836	0.000771649504974448	2.30762168764596e-05
0.39821118	0.000773030136755819	2.47795141728883e-05
0.35475865	0.000774283074966905	2.69573384674997e-05
0.31619295	0.000776937378742165	2.76382655934486e-05
0.2819173	0.000777927172005449	2.80432635726069e-05
0.25117323	0.000777754274018095	2.90365695227513e-05
0.22391155	0.000782485945151508	3.19123520725585e-05
0.19957349	0.000782065040246584	3.16629264590196e-05
0.17779917	0.00078607592151492	3.4254105352956e-05
0.15846863	0.000786510083448221	3.42226064033861e-05
0.14123619	0.000788343084530901	3.81492381601885e-05
0.12590662	0.00079242660973929	4.05123534754387e-05
0.1122199	0.000793746298068318	4.09427631133555e-05
0.10002181	0.000796187843572029	4.38214479210972e-05
