10002.226	0.00117426623620467	-0.00957698695840624
8914.9326	0.00113292968660065	-0.00857310392541355
7943.9951	0.00109344843130922	-0.00767275242461089
7081.583	0.00106176656949735	-0.00687098469988867
6307.7358	0.00102967978367466	-0.00614859218394718
5622.5879	0.000997117436139936	-0.00550514255324448
5011.603	0.000969907594274415	-0.00492843986976602
4466.4292	0.000945414940112752	-0.00441091474105034
3981.2773	0.000922365158718612	-0.00395080673384959
3548.8679	0.000900186558376962	-0.00353869345773617
3163.0398	0.000879123878346643	-0.00316928179001044
2819.0986	0.000861876618909606	-0.00283783801734947
2512.4104	0.000845828063047389	-0.00254119994809474
2239.2869	0.000830299594408737	-0.00227708718267655
1995.6381	0.000819369554108381	-0.00203897163810843
1778.2897	0.000805707441788597	-0.00182810571334575
1584.4927	0.000792407741438443	-0.00163745978691782
1412.7418	0.000781154282613526	-0.00146669552412924
1258.7905	0.000771192793897627	-0.00131736703269111
1121.7966	0.000763550483002693	-0.00118173967027572
999.68164	0.000753395133777218	-0.00105747174185081
891.42474	0.000745737899553764	-0.000949084138755501
794.23932	0.000738902845700441	-0.000853390696249381
707.96161	0.000728885228481789	-0.000763038953300933
631.00977	0.000727099161990935	-0.000686341098218162
562.33929	0.000719136704468233	-0.000615121167434583
501.12231	0.000714235743937885	-0.000550874332417398
446.57214	0.000707505618104202	-0.000493766508160351
398.08899	0.000700288244681745	-0.000441112981752376
354.88681	0.000697375696746382	-0.000394864561222958
316.31589	0.000695433746765359	-0.000350668802444466
281.8942	0.000691453369897318	-0.000311508946253896
251.20601	0.000685726670219075	-0.000275882006997685
223.92496	0.000687524469801431	-0.000242568906542884
199.55338	0.000684327947035445	-0.000213276249972346
177.78128	0.000684023583006952	-0.000185963191830471
158.52898	0.000685300190632875	-0.000163702353500821
141.21979	0.000684580643692516	-0.000144144614346044
125.92673	0.000684423438130432	-0.000123688145984215
112.19009	0.000687081783189528	-0.000108088038845878
99.968163	0.000688122012451579	-8.92747913226726e-05
89.115646	0.000689511687410532	-7.3658722033696e-05
79.415741	0.00069334864772232	-6.57927585292791e-05
70.793182	0.000695930480022933	-5.05037361995818e-05
63.082279	0.0006965383316129	-4.22292407918021e-05
56.241825	0.000702426469735271	-3.27400099180773e-05
50.112232	0.000704595627392786	-2.55754050497378e-05
44.671223	0.000706731850823354	-1.83797897746372e-05
39.808899	0.000708930916536548	-1.32339449286982e-05
35.488308	0.000714860323603524	-6.75115954386567e-06
31.629578	0.000715883213004136	-1.03725073805195e-06
28.187037	0.000716314483438766	1.57116516110887e-06
25.120602	0.000721399291462421	4.21027555991976e-06
22.385418	0.000725463059001978	6.53988053472667e-06
19.955338	0.000727749074663438	8.08659605626142e-06
17.775894	0.000730182869693864	1.24717649869777e-05
15.846864	0.000733701003180612	1.00100903363814e-05
14.127493	0.000736188213405936	1.29428547118291e-05
12.587309	0.000736848644245109	1.3046774201311e-05
11.216775	0.000739484679763416	1.33232536260777e-05
9.9968166	0.000740932571731889	1.3518180518213e-05
8.9082127	0.000742886309901052	1.53430128818547e-05
7.9395623	0.000743397467945885	1.63492395039039e-05
7.0765615	0.000746902429223788	1.86269416633655e-05
6.3105822	0.000748920921707179	1.90247957116223e-05
5.6245475	0.000750658596574365	1.60623508881732e-05
5.0112233	0.000748765218756467	1.64212167567676e-05
4.4642835	0.000752000448549895	1.56607681038963e-05
3.9819033	0.000751693831617597	1.6863155310078e-05
3.5479143	0.000752305458013128	1.75649460491484e-05
3.1629577	0.000756739274095873	1.81532337719199e-05
2.818361	0.000758021451963228	1.59772407179393e-05
2.5112481	0.000758043492523798	1.57825315605605e-05
2.2398233	0.000758688502095137	1.59665478041911e-05
1.9950197	0.000760958849553828	1.66325700815132e-05
1.7775893	0.000761063220006624	1.65756708225947e-05
1.5846864	0.000761717923240737	1.96210197856845e-05
1.4122353	0.000763854983966477	1.76683861272986e-05
1.2582541	0.00076553218769078	2.05458756615131e-05
1.1224822	0.000764221886414626	2.14053307825625e-05
1.0000616	0.000766135037271324	2.06126494955339e-05
0.89082122	0.000768631454106438	2.05084569326724e-05
0.79444051	0.000768887451272498	1.97041398291125e-05
0.70784986	0.000771387333132861	2.19232494731202e-05
0.63126236	0.000771036735397279	2.11891357164784e-05
0.562536	0.000774901728481078	2.17413828034969e-05
0.50118715	0.000775814522783699	2.18607204113633e-05
0.44642836	0.000776276907460475	2.42064795761619e-05
0.39821118	0.000777655929697314	2.49672934555573e-05
0.35475865	0.000777991194162246	2.63951375052623e-05
0.31619295	0.000780304640196092	2.72825642495207e-05
0.2819173	0.000784919328395714	2.96880838707392e-05
0.25117323	0.000783806892835296	2.9667014208515e-05
0.22391155	0.00078558978903972	3.1126997717948e-05
0.19957349	0.000788222791315649	3.21989625285261e-05
0.17779917	0.000790409700902865	3.54612523684735e-05
0.15846863	0.000790279997378733	3.41043408899524e-05
0.14123619	0.000793562013563546	3.60493076318358e-05
0.12590662	0.000795938516523225	3.79146968468785e-05
0.1122199	0.000799778782125565	3.98695058294436e-05
0.10002181	0.000799945846806696	4.07966335882739e-05
