10002.226	0.0011742352862002	-0.00957766566856918
8914.9326	0.00113210762444959	-0.0085741424237897
7943.9951	0.001096525026266	-0.00767533250491495
7081.583	0.00106074773732495	-0.00687167730254395
6307.7358	0.00103028963073031	-0.00614710103384145
5622.5879	0.000997990481181841	-0.00550455508326188
5011.603	0.000969823696046037	-0.00492817938229415
4466.4292	0.000944819142331369	-0.00441094737481511
3981.2773	0.000921264692846086	-0.00394903151014843
3548.8679	0.000898552441575721	-0.00353712650348547
3163.0398	0.000880062559700847	-0.00316846690417907
2819.0986	0.000862283879956689	-0.00283665175091472
2512.4104	0.000846120844656153	-0.00254135582689458
2239.2869	0.000830078321960762	-0.00227786811913932
1995.6381	0.000817075573249319	-0.00204040440915264
1778.2897	0.000804185275596804	-0.00182840141318359
1584.4927	0.000793476758237533	-0.00163810278091217
1412.7418	0.00078080720738808	-0.00146927702233967
1258.7905	0.00077192734074571	-0.00131710635451166
1121.7966	0.00076335261592469	-0.00118018164788352
999.68164	0.000752886005884967	-0.00105859304774416
891.42474	0.000746586331420848	-0.000950672725059346
794.23932	0.000738260994481831	-0.0008523411310832
707.96161	0.000731456124712847	-0.00076364675851535
631.00977	0.000724565875035598	-0.00068829709988904
562.33929	0.000717873954773137	-0.000612247565079486
501.12231	0.000711745789432471	-0.000552299005488177
446.57214	0.000708708824218244	-0.000491489862506694
398.08899	0.000702991635618695	-0.000442006440459022
354.88681	0.000697831106408416	-0.000393259381917869
316.31589	0.000694552266629652	-0.000349553960161532
281.8942	0.000690442650823431	-0.000312037157550952
251.20601	0.000688074362316768	-0.000275805374113726
223.92496	0.000688168166943788	-0.000244565153424661
199.55338	0.000686922374632223	-0.000215438498137362
177.78128	0.000683845424049782	-0.000187594194135399
158.52898	0.000686993520054454	-0.000163118738768636
141.21979	0.000684067030898312	-0.000145899431863783
125.92673	0.000683194729602365	-0.000121667742073876
112.19009	0.000685716446216231	-0.000108150448954101
99.968163	0.000688100027461519	-8.89911684785559e-05
89.115646	0.00068993255767624	-7.54881828749385e-05
79.415741	0.000692245461352348	-6.44738519327324e-05
70.793182	0.000694659406192599	-5.23778143774809e-05
63.082279	0.000696523391139821	-4.00867885111743e-05
56.241825	0.00070265135170445	-3.26593349995398e-05
50.112232	0.000702000512412007	-2.39025762157288e-05
44.671223	0.000706990755997977	-1.81456132256206e-05
39.808899	0.000708233152068824	-1.33286410347587e-05
35.488308	0.000711960050184069	-6.31826625056469e-06
31.629578	0.000717153937147014	-3.15046837620657e-06
28.187037	0.000719173118295661	3.00622014330633e-08
25.120602	0.00072017035578132	2.43678122365789e-06
22.385418	0.000724975666639668	6.4060855861907e-06
19.955338	0.000727023813130113	8.86252372708791e-06
17.775894	0.000731548344794832	1.17746655499904e-05
15.846864	0.000734507556559615	1.17127229120497e-05
14.127493	0.000735598256507174	1.2966496849008e-05
12.587309	0.000735439479449705	1.39504398327881e-05
11.216775	0.000740131499728368	1.38920632619634e-05
9.9968166	0.0007383735568831	1.3360838553418e-05
8.9082127	0.000743590139100917	1.54351700125853e-05
7.9395623	0.000742231973671961	1.5300887737611e-05
7.0765615	0.000745601078762429	1.81043491209246e-05
6.3105822	0.000747355573138354	1.71934470429673e-05
5.6245475	0.000748779072854578	1.63075089551414e-05
5.0112233	0.000750673871819292	1.58005419871161e-05
4.4642835	0.000754298709433567	1.78488228910714e-05
3.9819033	0.00075306844160184	1.68279233297711e-05
3.5479143	0.000754557669450159	1.47571724221647e-05
3.1629577	0.000756345467146612	1.73213969466814e-05
2.818361	0.000757914572404756	1.68460296483508e-05
2.5112481	0.000756355472376967	1.68134815026462e-05
2.2398233	0.000758597108160256	1.7427139767649e-05
1.9950197	0.000758619975893138	1.76124527980561e-05
1.7775893	0.000761020326239558	1.67469892347761e-05
1.5846864	0.000764384809534722	1.84757583048321e-05
1.4122353	0.000762276492002646	1.84766880694174e-05
1.2582541	0.000765569807520073	2.0056195475443e-05
1.1224822	0.000765323504213244	1.67889068501097e-05
1.0000616	0.000767766425393139	1.93796487455534e-05
0.89082122	0.000768768065766602	2.08039116965796e-05
0.79444051	0.000769616003995887	1.93733035910232e-05
0.70784986	0.000769956519131594	2.13223742044978e-05
0.63126236	0.00077205481939743	2.19212587778737e-05
0.562536	0.000772161179861626	2.30938700560663e-05
0.50118715	0.000775170613918018	2.26561168931769e-05
0.44642836	0.000777014553391348	2.52864220186233e-05
0.39821118	0.000777733493884923	2.64402030666687e-05
0.35475865	0.000779480150997148	2.71950244132165e-05
0.31619295	0.000780372894566561	2.68821196470215e-05
0.2819173	0.000782040961438185	2.66835294029142e-05
0.25117323	0.000783944187636785	2.9313801985577e-05
0.22391155	0.000786275845214592	2.95163789983332e-05
0.19957349	0.00078778426848209	3.16718541260061e-05
0.17779917	0.000790098405962948	3.51061260676324e-05
0.15846863	0.000792577500187948	3.6489706712701e-05
0.14123619	0.000792821975391817	3.70975570488059e-05
0.12590662	0.000795325217580109	3.90180109697082e-05
0.1122199	0.00079699165666779	4.25546678542625e-05
0.10002181	0.000801834648435014	4.22314273122862e-05
