10002.226	0.00117446375693835	-0.00957830364836348
8914.9326	0.00113364282798145	-0.00857413242767639
7943.9951	0.00109499761108836	-0.00767512205568136
7081.583	0.00106050335870412	-0.00686931416083134
6307.7358	0.00102780072827953	-0.00614718236056095
5622.5879	0.000997647584193194	-0.0055058026823986
5011.603	0.000968725318296227	-0.00492980144377552
4466.4292	0.000943525338229795	-0.00441093959002796
3981.2773	0.000920732399333349	-0.00394915511782182
3548.8679	0.00089946762148123	-0.00353786982359099
3163.0398	0.000879972949365017	-0.00316768175991868
2819.0986	0.000862317618217978	-0.00283622850462211
2512.4104	0.000846925538318811	-0.00254122223800669
2239.2869	0.000830747887447324	-0.00227664127575939
1995.6381	0.000818226167957656	-0.00203758658314834
1778.2897	0.000804331644844363	-0.00182853244538394
1584.4927	0.00079336999716528	-0.00163621705118362
1412.7418	0.000781223296211114	-0.00146856449721996
1258.7905	0.000773854119767718	-0.00131704969886875
1121.7966	0.00076164978226646	-0.00118104928472626
999.68164	0.00075519347168256	-0.00105682925144457
891.42474	0.000748107150295199	-0.000951906404555052
794.23932	0.000738730691588233	-0.000852403674597124
707.96161	0.000731474235141789	-0.000763667622066408
631.00977	0.000724979829203856	-0.00068865056829061
562.33929	0.000718645184931667	-0.000615879177989624
501.12231	0.000712783385053662	-0.00055017350581072
446.57214	0.00070748988696748	-0.000493180354378644
398.08899	0.000702280163279564	-0.000440995413367318
354.88681	0.000696823911259396	-0.000391638954322604
316.31589	0.000695455686285009	-0.000349058656757348
281.8942	0.000690680935974999	-0.00031346594720041
251.20601	0.000685681377085532	-0.00027572145086033
223.92496	0.000687427234674645	-0.000243914608377643
199.55338	0.00068772815712472	-0.000215006352455256
177.78128	0.000684681036702281	-0.00018857973389532
158.52898	0.000684277595815578	-0.000163182405435478
141.21979	0.000685173885202523	-0.000142650439804034
125.92673	0.000684303063400149	-0.000124299428785178
112.19009	0.000687845571695735	-0.000107103312902172
99.968163	0.000688596122417777	-8.7998631217316e-05
89.115646	0.000690550604233162	-7.68252825405407e-05
79.415741	0.000694154738857817	-6.21656719258641e-05
70.793182	0.000694466992714819	-4.95943891548526e-05
63.082279	0.000696490227351318	-4.15479979442257e-05
56.241825	0.000702452295334268	-3.27569831338624e-05
50.112232	0.000702388614948357	-2.23231755682925e-05
44.671223	0.000706815745070078	-1.5551826087219e-05
39.808899	0.000708691370085631	-1.30105428647702e-05
35.488308	0.000713030702605894	-8.8759671505268e-06
31.629578	0.000714741820644014	-2.37615959745686e-06
28.187037	0.00072003904546638	-2.24827440307257e-06
25.120602	0.000722607737207605	2.5550028275169e-06
22.385418	0.000726036129358009	6.59238783668293e-06
19.955338	0.000727609829059249	8.48428203117472e-06
17.775894	0.000730892179974073	1.17217705883888e-05
15.846864	0.000730307731089038	1.20682751501283e-05
14.127493	0.00073630243230453	1.29403034940365e-05
12.587309	0.00073614174752858	1.22744541256989e-05
11.216775	0.000737996895683925	1.40992135741071e-05
9.9968166	0.000742418385263938	1.23355573687872e-05
8.9082127	0.000743649321207908	1.45712673287699e-05
7.9395623	0.000742307077539303	1.6327183093872e-05
7.0765615	0.000746877823012476	1.73069896642068e-05
6.3105822	0.000747123136647548	1.61442304975883e-05
5.6245475	0.000747800387757474	1.69568008807924e-05
5.0112233	0.000752254894368461	1.76664875961725e-05
4.4642835	0.000753034968179952	1.7432799915127e-05
3.9819033	0.000751409146786775	1.69879663827896e-05
3.5479143	0.000754858650740741	1.60410541231209e-05
3.1629577	0.000755237710600794	1.80559430158733e-05
2.818361	0.000755097565378202	1.67519031804484e-05
2.5112481	0.000758166675178513	1.56018692028297e-05
2.2398233	0.00076006076391611	1.84082599210882e-05
1.9950197	0.000759395666461263	1.73708895156202e-05
1.7775893	0.000759581854329194	1.54777696908836e-05
1.5846864	0.000761453359325777	1.80106663643252e-05
1.4122353	0.000764134366444084	1.88763911904579e-05
1.2582541	0.000763939423038612	1.88245229652023e-05
1.1224822	0.000765508447608035	2.074128424248e-05
1.0000616	0.000766132643690291	1.86836919686085e-05
0.89082122	0.00076999678526832	2.08873244770058e-05
0.79444051	0.000767370458503297	2.11046770123236e-05
0.70784986	0.000769245099296828	2.22932808199743e-05
0.63126236	0.000773696078778248	2.24796890980284e-05
0.562536	0.000772109599865183	2.17998537858635e-05
0.50118715	0.000773333787882018	2.3546484663355e-05
0.44642836	0.000777180044019369	2.36424853259294e-05
0.39821118	0.000777632724154445	2.49499850341405e-05
0.35475865	0.000778814670188503	2.62398538190393e-05
0.31619295	0.000781366885409978	2.79634843590581e-05
0.2819173	0.00078464525569495	2.71755347257689e-05
0.25117323	0.000784655498939344	3.0880210094105e-05
0.22391155	0.000786864739966229	3.09818313786923e-05
0.19957349	0.000788040317917086	3.2143261631632e-05
0.17779917	0.000791107736398318	3.20503097828464e-05
0.15846863	0.000791801671669652	3.64073509025135e-05
0.14123619	0.000792973787269759	3.74294096366759e-05
0.12590662	0.000796816388540561	3.90933417345975e-05
0.1122199	0.000799170153288788	4.19788045699956e-05
0.10002181	0.000802213619538677	4.298144714761e-05
