10002.226	0.00117294349325691	-0.00957926472236372
8914.9326	0.00113131474579168	-0.00857243622935021
7943.9951	0.00109595056924755	-0.00767381146069437
7081.583	0.00106145905591802	-0.00687034284001993
6307.7358	0.0010302050027251	-0.00614810227174119
5622.5879	0.000998193622107706	-0.00550337758406139
5011.603	0.000968325076264314	-0.0049264996145766
4466.4292	0.000944783332798565	-0.00441222635984066
3981.2773	0.00091939552273799	-0.00394761476401829
3548.8679	0.000898713844796894	-0.00353837489163595
3163.0398	0.000879996471640319	-0.00316837004478968
2819.0986	0.00086159587861585	-0.0028377143077152
2512.4104	0.000843740077365436	-0.00254134548828223
2239.2869	0.000829511144481457	-0.00227595589660167
1995.6381	0.000818449130707971	-0.00203958268363854
1778.2897	0.000804938033153426	-0.0018271310878076
1584.4927	0.00079212141204229	-0.00163654386670745
1412.7418	0.000782806377570947	-0.00146734210650742
1258.7905	0.000773906522018931	-0.00131730740383643
1121.7966	0.00076111579256295	-0.00118063611564479
999.68164	0.000753891838237259	-0.00105778093830659
891.42474	0.000746692235340655	-0.000949531851690654
794.23932	0.000737729262026767	-0.000851264803648159
707.96161	0.000731932142572593	-0.000763569598336152
631.00977	0.000727265608927495	-0.000687501300276373
562.33929	0.000717133044410223	-0.000614728398144659
501.12231	0.000710873349965216	-0.000549509516014541
446.57214	0.000707054805138792	-0.000490800542414278
398.08899	0.000701655332507861	-0.000441779777494599
354.88681	0.000697054378241104	-0.000393193039452588
316.31589	0.000695925035710538	-0.000348848606627021
281.8942	0.000691017738365105	-0.000311233902303083
251.20601	0.00068778866325509	-0.000276005197699217
223.92496	0.000686524073147047	-0.000242913236157107
199.55338	0.000686500504509473	-0.00021590705977796
177.78128	0.000684744600109124	-0.000187774709285994
158.52898	0.000686604211696435	-0.000164997044944864
141.21979	0.000684656923909542	-0.000144662698585229
125.92673	0.000683397805858871	-0.000123272892079292
112.19009	0.000687042316113343	-0.00010652492356265
99.968163	0.000688045556577089	-8.9872719780174e-05
89.115646	0.00069074078924063	-7.57443448751802e-05
79.415741	0.000692500699249852	-6.28823805946695e-05
70.793182	0.000693835707375183	-5.1129426978351e-05
63.082279	0.000698084047185516	-4.46693790236496e-05
56.241825	0.000702725742942397	-3.32310966725359e-05
50.112232	0.000702307025765738	-2.44808218063422e-05
44.671223	0.000705874411961671	-1.83839203025225e-05
39.808899	0.000709782968369517	-1.09126286576923e-05
35.488308	0.000712275284840131	-8.55556803240202e-06
31.629578	0.000716439060968951	-2.54156822134037e-06
28.187037	0.000718880076096828	7.00132056199332e-07
25.120602	0.000722895609576431	2.71591181539548e-06
22.385418	0.000724637321353442	7.55409573488377e-06
19.955338	0.000726760806858725	7.38052318608963e-06
17.775894	0.000730939052162373	1.10027801816296e-05
15.846864	0.00073193889327357	1.1134131536005e-05
14.127493	0.000735436988214122	1.29217874725213e-05
12.587309	0.000737471447096832	1.39745801555543e-05
11.216775	0.000739882757565068	1.45610415939411e-05
9.9968166	0.000741250520317912	1.52931355082064e-05
8.9082127	0.000742675103529511	1.58628918713225e-05
7.9395623	0.000744224226369726	1.79458530289139e-05
7.0765615	0.000747234127024946	1.74851538063921e-05
6.3105822	0.000748242647899376	1.5127792348034e-05
5.6245475	0.000749490806750169	1.61710691029814e-05
5.0112233	0.000752436788450843	1.64810462477488e-05
4.4642835	0.000753208171538128	1.89366943634947e-05
3.9819033	0.00075141770845398	1.6506786332621e-05
3.5479143	0.000754613683061097	1.76107169582306e-05
3.1629577	0.00075589965468469	1.84957383524894e-05
2.818361	0.000758070145426128	1.45509739163368e-05
2.5112481	0.000757979404655528	1.77012337989599e-05
2.2398233	0.000759386901153227	1.71938372674965e-05
1.9950197	0.000759096332579438	1.83522132405858e-05
1.7775893	0.000760082962925428	1.78161938132061e-05
1.5846864	0.000761964326197578	1.89367043672914e-05
1.4122353	0.000763514023894614	1.89187560140472e-05
1.2582541	0.000764241917976956	2.12670723548148e-05
1.1224822	0.000765373079850265	1.90577296070096e-05
1.0000616	0.000769228615453216	1.93736460892544e-05
0.89082122	0.000766804253794736	1.95344494837116e-05
0.79444051	0.000768976298663165	1.95909738907577e-05
0.70784986	0.000770803878767941	2.1716735850449e-05
0.63126236	0.000772856259297329	2.19957069455568e-05
0.562536	0.000773300969441181	2.24283624328173e-05
0.50118715	0.000775230432995861	2.30656262525667e-05
0.44642836	0.000777540263855187	2.46724046991929e-05
0.39821118	0.00077791760190254	2.30150860053872e-05
0.35475865	0.000779339471057447	2.61816632988104e-05
0.31619295	0.000781406420943934	2.69872370085448e-05
0.2819173	0.000784111704573942	2.91887615791045e-05
0.25117323	0.000784881350923489	2.96644725637372e-05
0.22391155	0.000786731338165734	2.98155761622907e-05
0.19957349	0.000788054486817393	3.35081060800454e-05
0.17779917	0.000788827262416363	3.40205855417968e-05
0.15846863	0.000792326195624746	3.58299269252177e-05
0.14123619	0.000794422793502263	3.67870074418497e-05
0.12590662	0.000797022970234433	3.97391205480739e-05
0.1122199	0.000797733846344604	4.01996877071176e-05
0.10002181	0.000801434375228065	4.35035093032972e-05
