10002.226	0.00117530573328595	-0.00957866709430284
8914.9326	0.00113351539030957	-0.00857348047694299
7943.9951	0.00109587761757986	-0.00767547390784672
7081.583	0.00106137572576643	-0.00686933776749989
6307.7358	0.00103079382744182	-0.00614673815997017
5622.5879	0.000996608825387156	-0.00550235199209376
5011.603	0.00096978007891746	-0.00493050127209658
4466.4292	0.000946588838356628	-0.00441098411822065
3981.2773	0.000921708402427959	-0.00395022059229969
3548.8679	0.000898551586193678	-0.00353878540469538
3163.0398	0.000879836633953746	-0.00316874118840344
2819.0986	0.000861343796799327	-0.0028362047312026
2512.4104	0.000847034915841638	-0.00254258073079314
2239.2869	0.000829988441108594	-0.00227699547501611
1995.6381	0.000818510746586642	-0.00203949661549533
1778.2897	0.000805367297815456	-0.00182798727883932
1584.4927	0.000792120530551155	-0.00163727307897794
1412.7418	0.00077959321688615	-0.00146862325699427
1258.7905	0.000771938067854903	-0.00131675611335381
1121.7966	0.000760320159979388	-0.00118195037880777
999.68164	0.000752421476593375	-0.00105796538774278
891.42474	0.000745319833382333	-0.000951096962377219
794.23932	0.000739440756679135	-0.000853621372640145
707.96161	0.000729346745377326	-0.000763291343917928
631.00977	0.000726254515676937	-0.000686017537635868
562.33929	0.000718449769450242	-0.000614459681768021
501.12231	0.000713856929949096	-0.000550496915702607
446.57214	0.000707819658066435	-0.000491376044824182
398.08899	0.000701327314732386	-0.000439621647809751
354.88681	0.000695827876161052	-0.000392921050727611
316.31589	0.000695672727796819	-0.000348732192315957
281.8942	0.000691102422582946	-0.000311051054805458
251.20601	0.000687265574144111	-0.000274550041486231
223.92496	0.000684949201743847	-0.000245088641356982
199.55338	0.000686751700207777	-0.000214517774235614
177.78128	0.000683518378695801	-0.000187991416178264
158.52898	0.000687457520942099	-0.000164321819585017
141.21979	0.000684395460355595	-0.000145962142965592
125.92673	0.000683668471964174	-0.000123530608419381
112.19009	0.000687905411695887	-0.000105800125046011
99.968163	0.000688278701693445	-8.97555202325725e-05
89.115646	0.000690909377475583	-7.75647705739161e-05
79.415741	0.000690789954108473	-6.28774425413007e-05
70.793182	0.000693855318338934	-5.10333030357655e-05
63.082279	0.000694861136368317	-4.08039382391479e-05
56.241825	0.000704137853827685	-3.20427859601868e-05
50.112232	0.000702890869506541	-2.40153436668836e-05
44.671223	0.00070583392683678	-1.74075933342484e-05
39.808899	0.000707272556878152	-1.32162256148051e-05
35.488308	0.000712591535831344	-8.42636908685129e-06
31.629578	0.000715585715917302	-2.86714961773419e-06
28.187037	0.000718949648693546	6.33871851703331e-07
25.120602	0.000720799326853166	5.26243801699542e-06
22.385418	0.000725015730100675	6.59182146849398e-06
19.955338	0.000727682036689474	8.69405727811104e-06
17.775894	0.000730629652110709	1.08797549163262e-05
15.846864	0.000731237140151531	1.12128591546357e-05
14.127493	0.000735258067106437	1.20496837952808e-05
12.587309	0.000737601155544905	1.44891897622573e-05
11.216775	0.000737051194065735	1.59756247421565e-05
9.9968166	0.000741360742318541	1.35728171431651e-05
8.9082127	0.000742249711477557	1.61837120106624e-05
7.9395623	0.000742247883024214	1.54139329832185e-05
7.0765615	0.000745467013559726	1.82637956934916e-05
6.3105822	0.000747885569030645	1.79900559497984e-05
5.6245475	0.000751558017218421	1.47620963008347e-05
5.0112233	0.000750673682566182	1.91682108901527e-05
4.4642835	0.000752119571918956	1.63121552455274e-05
3.9819033	0.000753285142920522	1.59269113548521e-05
3.5479143	0.000754609675594459	1.80395220960871e-05
3.1629577	0.000756791997710241	1.69511519445383e-05
2.818361	0.000756352569572827	1.7805426886259e-05
2.5112481	0.000757738233351383	1.81350717565163e-05
2.2398233	0.000758894306279302	1.71250939232783e-05
1.9950197	0.000758201583457696	1.9533353513586e-05
1.7775893	0.000760200991555427	1.72513058041415e-05
1.5846864	0.000762585344327765	1.8272352539734e-05
1.4122353	0.000763008141991788	1.77243017721686e-05
1.2582541	0.000765549577620203	1.98598087094633e-05
1.1224822	0.000764331509185718	1.97012948886113e-05
1.0000616	0.000765861502096531	2.01168992583895e-05
0.89082122	0.000766862929690364	1.92803474125702e-05
0.79444051	0.000769602486117757	2.0080092862063e-05
0.70784986	0.00077142357392516	2.02769378238342e-05
0.63126236	0.000774004595622146	2.10436782881527e-05
0.562536	0.000773018745506385	2.2927981808067e-05
0.50118715	0.000775428642567735	2.3155588583971e-05
0.44642836	0.000777984874455556	2.47657063524291e-05
0.39821118	0.000777487065358914	2.56420135132559e-05
0.35475865	0.000779116018649762	2.75991621642111e-05
0.31619295	0.000782775841708002	2.81474477869652e-05
0.2819173	0.000783949165059266	2.90106965195075e-05
0.25117323	0.000784116066528945	2.86438754100195e-05
0.22391155	0.000786787253501834	3.22366572467941e-05
0.19957349	0.000789642174746922	3.28633252410513e-05
0.17779917	0.000790414933808155	3.50263351363245e-05
0.15846863	0.00079158023334414	3.44151173336836e-05
0.14123619	0.000794483382221251	3.87648846901947e-05
0.12590662	0.000795321032710911	3.955622552499e-05
0.1122199	0.000797941371431379	4.0809822058506e-05
0.10002181	0.000802216411143622	3.99037847884484e-05
