10002.226	0.00117356693713322	-0.00957750689967902
8914.9326	0.00113265905051955	-0.00857318819976099
7943.9951	0.00109541039808238	-0.00767387538265869
7081.583	0.0010617138866422	-0.00687263426897281
6307.7358	0.00102969275719288	-0.00614769802635585
5622.5879	0.00099784994600852	-0.00550361628386697
5011.603	0.000967076329984825	-0.00492876940480173
4466.4292	0.000944355610518827	-0.00441308460162623
3981.2773	0.000922522265675229	-0.00394885634865999
3548.8679	0.000898373753756721	-0.00353726200737215
3163.0398	0.000880653675834693	-0.00316977523367833
2819.0986	0.000861969895002268	-0.00283623701917227
2512.4104	0.000846705922837254	-0.00254074029510333
2239.2869	0.000831984260526448	-0.00227718337235353
1995.6381	0.000817587265933491	-0.00203860029712719
1778.2897	0.000806398809366234	-0.0018278678946194
1584.4927	0.000792548111538615	-0.00163678855293834
1412.7418	0.000782320570152946	-0.00146805612581822
1258.7905	0.000772839702959578	-0.00131841053430635
1121.7966	0.000764706588882095	-0.00117848459937879
999.68164	0.000753134320016684	-0.00105841493993714
891.42474	0.000745204651127074	-0.000949489175722381
794.23932	0.000738774827771565	-0.000854583563297781
707.96161	0.000730175825280753	-0.000764099362835413
631.00977	0.000723627648234504	-0.000686845176088068
562.33929	0.000718777650352406	-0.00061384586218621
501.12231	0.000713395214960947	-0.000549526935946684
446.57214	0.000706478383690184	-0.000494460432275842
398.08899	0.000702179633057585	-0.000439382146379375
354.88681	0.000697012909139325	-0.00039381337298488
316.31589	0.000695702908406568	-0.000350082170051962
281.8942	0.000691312003502634	-0.000312529054401563
251.20601	0.000686179262315768	-0.000276884262288541
223.92496	0.000686047778806263	-0.000243012893936068
199.55338	0.000686995921787917	-0.000216536869203278
177.78128	0.000684578733015967	-0.000188399426233807
158.52898	0.000683563009861352	-0.000164294546994182
141.21979	0.000683141705725672	-0.000144769437761168
125.92673	0.000685101932307581	-0.000123140181054918
112.19009	0.000687061922603443	-0.000106706461069036
99.968163	0.000688875410253948	-8.97764086058164e-05
89.115646	0.00069059776944767	-7.80107729695355e-05
79.415741	0.000691018409560017	-6.36668156973312e-05
70.793182	0.00069577674574644	-4.94561288033388e-05
63.082279	0.000696437245515978	-4.2704401532763e-05
56.241825	0.000701527887579455	-3.09967738183521e-05
50.112232	0.000703480948459477	-2.21052811824769e-05
44.671223	0.000705413438402854	-1.85520959311294e-05
39.808899	0.000708740584373056	-1.34632236005716e-05
35.488308	0.000714596161879963	-7.3629839401763e-06
31.629578	0.000716691475351073	-1.14009716678628e-06
28.187037	0.000718099685792613	-1.00282705535188e-06
25.120602	0.000721623824401967	3.58099024497022e-06
22.385418	0.000725119098442506	5.18146770095534e-06
19.955338	0.000726519187764364	7.12127764170716e-06
17.775894	0.000730784193351985	1.06629832795372e-05
15.846864	0.000733444444119634	1.05663786677007e-05
14.127493	0.000735954832420696	1.35944324659668e-05
12.587309	0.000736537741823546	1.5289405495752e-05
11.216775	0.000738363160315393	1.34896840788046e-05
9.9968166	0.000739478591579426	1.56896031637245e-05
8.9082127	0.000740806270157513	1.40561965318831e-05
7.9395623	0.000744069282062463	1.51850448888372e-05
7.0765615	0.000746179214733343	1.58635637889829e-05
6.3105822	0.000748150229743499	1.56252213394606e-05
5.6245475	0.00074825682918474	1.69600586599921e-05
5.0112233	0.000752449983224138	1.73630661351795e-05
4.4642835	0.000752269020172501	1.80081558681822e-05
3.9819033	0.000751824489640049	1.71811039780863e-05
3.5479143	0.000753875154506445	1.79643450547982e-05
3.1629577	0.000757134256831555	1.7469213555106e-05
2.818361	0.000757430489724229	1.76000645988977e-05
2.5112481	0.000757620353128811	1.83708652766496e-05
2.2398233	0.000757644323331271	1.83629917540307e-05
1.9950197	0.000759666939959212	1.91970267029006e-05
1.7775893	0.000759722462659746	1.71927279207566e-05
1.5846864	0.000763571146644945	1.84103675746048e-05
1.4122353	0.000762512714210807	1.93375397350557e-05
1.2582541	0.000763945919866091	1.96379943006983e-05
1.1224822	0.000765149555371163	1.93385668222438e-05
1.0000616	0.00076723827191911	2.02384536484406e-05
0.89082122	0.000767831535631315	1.979345723702e-05
0.79444051	0.000768206952988986	2.11059354386251e-05
0.70784986	0.00077055898540122	2.24806903681214e-05
0.63126236	0.000772093913686363	2.22555755649922e-05
0.562536	0.000774021966500569	2.17465972075024e-05
0.50118715	0.000773322800476394	2.22719021879421e-05
0.44642836	0.000778519950163029	2.16741308803601e-05
0.39821118	0.000778398771759654	2.69865038381196e-05
0.35475865	0.000778854134780611	2.57403407881627e-05
0.31619295	0.000780803465605853	2.84615363722768e-05
0.2819173	0.000782981289594601	2.81997780968554e-05
0.25117323	0.000786393976802515	2.92108904978947e-05
0.22391155	0.000788125195207478	3.16314776825888e-05
0.19957349	0.000787906107068216	3.2533345970843e-05
0.17779917	0.000790811388639975	3.46255556134285e-05
0.15846863	0.00079226082057532	3.30745129545745e-05
0.14123619	0.000794109692901232	3.76650691145118e-05
0.12590662	0.000796971253914933	3.87401376419936e-05
0.1122199	0.000800345218743771	4.03619784443813e-05
0.10002181	0.000801828261121409	4.20528441004018e-05
