10002.226	0.00117548210297118	-0.00957596255353973
8914.9326	0.00113367607283459	-0.00857447042023854
7943.9951	0.00109692812154599	-0.0076744602491413
7081.583	0.0010591348820237	-0.00686958818069652
6307.7358	0.00103027777262847	-0.00614819255293973
5622.5879	0.000997611975770286	-0.00550383663006471
5011.603	0.000968311905731193	-0.00493013819330121
4466.4292	0.000944977270184665	-0.00441140057795415
3981.2773	0.000920653752760899	-0.00395064104636836
3548.8679	0.000898413536996018	-0.00353816561704452
3163.0398	0.000879223092242031	-0.00316807562429552
2819.0986	0.000861748879210592	-0.00283690795757213
2512.4104	0.00084642696965311	-0.00254194896180302
2239.2869	0.000829607109543994	-0.00227815709075034
1995.6381	0.000816169626787639	-0.00203956694946521
1778.2897	0.000802799369911063	-0.00182748566433832
1584.4927	0.000792651996325746	-0.00164009821843508
1412.7418	0.00078131377848124	-0.00146872562948829
1258.7905	0.000772753339604466	-0.00131748360239714
1121.7966	0.000762275873950284	-0.00118053070648875
999.68164	0.000752690021365216	-0.00105952458685213
891.42474	0.00074558057288946	-0.000949749433300174
794.23932	0.000737481208872104	-0.00085295430823436
707.96161	0.000732008078186616	-0.000762789876421394
631.00977	0.000723666029412548	-0.000685285006847344
562.33929	0.00071875472814687	-0.000613682743330087
501.12231	0.000711213447653034	-0.000551500912056006
446.57214	0.000707295351666933	-0.000492228081396316
398.08899	0.000701639931455314	-0.000441631296641759
354.88681	0.000695941804353255	-0.000392937322017357
316.31589	0.00069668891841501	-0.000348632912012928
281.8942	0.000691608963444066	-0.000312939748195741
251.20601	0.000686386334240892	-0.000275270101061461
223.92496	0.000685819388778592	-0.000244425657147476
199.55338	0.000684889433056366	-0.000216208845877144
177.78128	0.000685195886955075	-0.000187861473312448
158.52898	0.000686118134663515	-0.000163644326100709
141.21979	0.000684325198181429	-0.000143259563808427
125.92673	0.000685011047476408	-0.000124136980900013
112.19009	0.000686353995252011	-0.000106408352029613
99.968163	0.000687764227400167	-8.80745288388684e-05
89.115646	0.000690578947042168	-7.39124453519875e-05
79.415741	0.000691333737907735	-6.25538243297246e-05
70.793182	0.000695490865816376	-5.20170603361281e-05
63.082279	0.00069829237784386	-4.15979239147784e-05
56.241825	0.000701610658846049	-3.12557873668752e-05
50.112232	0.000702004171077614	-2.4744683355119e-05
44.671223	0.00070474949116185	-1.74409190887517e-05
39.808899	0.000709766956820168	-1.38900607196643e-05
35.488308	0.000712272458960717	-7.9709720422585e-06
31.629578	0.000716017684225757	-2.91211110296592e-06
28.187037	0.000719358175233823	-9.46106009232429e-07
25.120602	0.000722278124951237	6.39547858164007e-06
22.385418	0.000722532668910169	8.49562183760884e-06
19.955338	0.000726082566565687	6.65867260223893e-06
17.775894	0.00072993352238289	1.10821659150639e-05
15.846864	0.000733305380406425	1.02671144533924e-05
14.127493	0.000736870483575559	1.35171347362766e-05
12.587309	0.000735170219358786	1.53020635128138e-05
11.216775	0.000738098548245629	1.40015518831375e-05
9.9968166	0.000740667297587277	1.46923706559335e-05
8.9082127	0.000741831450671816	1.67152996556803e-05
7.9395623	0.000743870366969566	1.75406912180452e-05
7.0765615	0.000745526710506273	1.82455707851289e-05
6.3105822	0.000748562199696127	1.58266641325496e-05
5.6245475	0.000747866966069933	1.61014040765902e-05
5.0112233	0.000750775443746419	1.70415760879034e-05
4.4642835	0.00075139871969222	1.53123414616553e-05
3.9819033	0.000753661271082849	1.82762995516733e-05
3.5479143	0.000752703109030409	1.77376604929442e-05
3.1629577	0.000756801700017037	1.9693255097597e-05
2.818361	0.00075814539157649	1.73872938971725e-05
2.5112481	0.000757136579152843	1.68564069193797e-05
2.2398233	0.000758001931987772	1.72858683441914e-05
1.9950197	0.000760025051227642	1.74150519789021e-05
1.7775893	0.000760986335888484	1.75431843942942e-05
1.5846864	0.00076359755855592	1.71236300746495e-05
1.4122353	0.000763245887077893	1.87828178959902e-05
1.2582541	0.000763151164569535	2.05013022798939e-05
1.1224822	0.000764378296213149	1.92976048192782e-05
1.0000616	0.000766928606770454	2.10512837416981e-05
0.89082122	0.00077002548211084	1.8806756953015e-05
0.79444051	0.000770600228498817	2.07709003668394e-05
0.70784986	0.00076974478366854	2.12879429833657e-05
0.63126236	0.000773050618149357	2.15413150742207e-05
0.562536	0.000772637507617343	2.40850431696456e-05
0.50118715	0.000774474605178047	2.45258983180906e-05
0.44642836	0.000777296898325135	2.38661995007527e-05
0.39821118	0.000778563021059347	2.74067872358285e-05
0.35475865	0.000778015337110223	2.72973366675643e-05
0.31619295	0.000783027022840144	2.85514835302798e-05
0.2819173	0.000783003447413846	3.02326760195824e-05
0.25117323	0.000784133869818445	3.07479471424715e-05
0.22391155	0.000785729400613486	3.23533113516999e-05
0.19957349	0.000789025583833744	3.19576180917002e-05
0.17779917	0.000788340607848704	3.35386108294232e-05
0.15846863	0.000793141966476038	3.41966360440496e-05
0.14123619	0.000793337639197647	3.6022189990468e-05
0.12590662	0.00079349049609564	3.91061417315672e-05
0.1122199	0.000798195803448357	4.05730328570324e-05
0.10002181	0.000801029771711041	4.19331343773599e-05
