10002.226	0.00118966702108323	-0.00959872194637241
8914.9326	0.0011476089581605	-0.00859199995010919
7943.9951	0.00111031708538215	-0.00769234757118641
7081.583	0.00107651201070592	-0.00688529039786207
6307.7358	0.00104446473347299	-0.00616131625727901
5622.5879	0.0010139719728678	-0.00551571013662526
5011.603	0.000984887433068117	-0.00493924657476705
4466.4292	0.00095982690186336	-0.004422170476093
3981.2773	0.000936317435866404	-0.00396006805443902
3548.8679	0.000913799224442014	-0.00354611971813245
3163.0398	0.000895233856900611	-0.00317583315454613
2819.0986	0.00087763567462099	-0.00284426742529764
2512.4104	0.000861538640825974	-0.00254698354375327
2239.2869	0.000845375923344955	-0.00228228121980465
1995.6381	0.000833172158035595	-0.00204342566711068
1778.2897	0.00082382958404747	-0.0018325522073937
1584.4927	0.000808871311024594	-0.00164160456023585
1412.7418	0.000798101244376616	-0.0014713466567155
1258.7905	0.000788864326830406	-0.00131955657978905
1121.7966	0.000779194458332141	-0.00118334105940037
999.68164	0.000770861750427598	-0.00106077365638372
891.42474	0.000761325306669375	-0.000954743215624337
794.23932	0.000756046476740216	-0.000855390338708887
707.96161	0.000747961180346428	-0.000766125491144067
631.00977	0.000739354061875633	-0.000689032115608388
562.33929	0.000734203291114602	-0.000616734419321473
501.12231	0.000726004152686018	-0.000551243258512531
446.57214	0.000723720025576737	-0.000493574496198248
398.08899	0.000717331665355595	-0.000441716673124581
354.88681	0.000716457035005902	-0.000394076402951089
316.31589	0.00071221643044153	-0.000350829263782614
281.8942	0.000707332127474068	-0.00031318824418839
251.20601	0.000705155343714496	-0.000276642221980764
223.92496	0.000703062029600494	-0.000243217619628539
199.55338	0.000703244499945385	-0.000215878881490796
177.78128	0.000701386214158504	-0.000189300349647568
158.52898	0.00070113490322015	-0.00016616879976884
141.21979	0.000702158518908491	-0.000143694907749207
125.92673	0.000699974058582094	-0.000124104075547673
112.19009	0.000704029614345367	-0.000109086227763562
99.968163	0.000704807012086993	-9.03016156316525e-05
89.115646	0.000707540350665151	-7.41081941815868e-05
79.415741	0.000710476624461066	-6.53249133609307e-05
70.793182	0.000711562965698606	-4.99998816473311e-05
63.082279	0.000714108830532799	-4.15060278043392e-05
56.241825	0.000718285595460553	-3.24304806494578e-05
50.112232	0.000719305075022371	-2.34360505942696e-05
44.671223	0.000721957461183836	-1.76663059296443e-05
39.808899	0.000726155528133752	-1.23704692135145e-05
35.488308	0.0007293287859226	-7.29547078795336e-06
31.629578	0.000733215358020222	6.2420281280391e-08
28.187037	0.000733540935526517	2.89078295269203e-07
25.120602	0.000736160161374252	3.95878652253798e-06
22.385418	0.000740651544552853	8.93662928921676e-06
19.955338	0.000743153213437944	7.44022326328841e-06
17.775894	0.000745900029985991	1.11694296187744e-05
15.846864	0.000748179723648134	1.0357586263116e-05
14.127493	0.00075231861643234	1.332651713741e-05
12.587309	0.000753294821486916	1.39916383369975e-05
11.216775	0.000753205602790467	1.44920159945516e-05
9.9968166	0.000756004949182216	1.51699568434278e-05
8.9082127	0.000759120757665801	1.5766160922032e-05
7.9395623	0.00075992564463552	1.49049838903402e-05
7.0765615	0.000763852634257941	1.83680831097288e-05
6.3105822	0.000763973978971969	1.62415791965711e-05
5.6245475	0.000764868981027397	1.54420843501094e-05
5.0112233	0.000767656635799492	1.70197240077462e-05
4.4642835	0.000768141617567776	1.58919127763786e-05
3.9819033	0.000769395788582625	1.63720901014463e-05
3.5479143	0.000772264575905631	1.81024288437657e-05
3.1629577	0.000771544117440017	1.73177345137644e-05
2.818361	0.000773400024809294	1.68436526337951e-05
2.5112481	0.000774181712168497	1.90614200631995e-05
2.2398233	0.000774378910299123	1.67020445243806e-05
1.9950197	0.000775019779597421	1.57036782466912e-05
1.7775893	0.000776243579330364	1.87223390161197e-05
1.5846864	0.000778987738391746	1.58375652028363e-05
1.4122353	0.000780081776701219	1.85656385178498e-05
1.2582541	0.00077917810559505	1.98880450624109e-05
1.1224822	0.000781246818103751	2.11524881337517e-05
1.0000616	0.000783732359477828	2.22007181396639e-05
0.89082122	0.000785199272724727	2.13584382841529e-05
0.79444051	0.000789026671560509	1.94541330309939e-05
0.70784986	0.000787073844324751	2.15991129437999e-05
0.63126236	0.000789269396106364	2.13533327048849e-05
0.562536	0.000791130577232223	2.30029674728579e-05
0.50118715	0.000791227535932975	2.33162200053287e-05
0.44642836	0.000794402711143705	2.58086003526736e-05
0.39821118	0.000795481957035915	2.55230610096978e-05
0.35475865	0.000795872859030088	2.70667616720027e-05
0.31619295	0.000798205692814147	2.83363520092204e-05
0.2819173	0.000797648831684829	2.79254219278199e-05
0.25117323	0.000799009177905859	2.96851560853975e-05
0.22391155	0.000801186586942324	3.01956852952107e-05
0.19957349	0.00080467415908353	3.24357468392384e-05
0.17779917	0.000805989074243772	3.45323241001178e-05
0.15846863	0.000808262825810822	3.59922770236007e-05
0.14123619	0.000808069483020313	3.63477830331606e-05
0.12590662	0.000812194582316857	3.87762650224339e-05
0.1122199	0.000814293628010321	4.03792458626153e-05
0.10002181	0.000816084449853257	4.20188618781096e-05
