10002.226	0.00119087338660372	-0.00959942033564161
8914.9326	0.0011502387127127	-0.00859232227435442
7943.9951	0.00111073184444837	-0.0076928057194551
7081.583	0.0010775857368328	-0.00688656838089169
6307.7358	0.00104624302191544	-0.00616095052653211
5622.5879	0.00101233649603009	-0.00551545178136782
5011.603	0.000985035779813772	-0.00493910322102624
4466.4292	0.00096065645265041	-0.00442233471866083
3981.2773	0.00093640666765887	-0.00396084361440797
3548.8679	0.000914078037148296	-0.0035437814694928
3163.0398	0.000896795143425157	-0.00317618898180946
2819.0986	0.000877180196954579	-0.00284462792401285
2512.4104	0.00086239538157347	-0.00254683106196783
2239.2869	0.000845252197980067	-0.00228183329253646
1995.6381	0.00083380998718104	-0.00204414693331761
1778.2897	0.000819492548356614	-0.00183161156764853
1584.4927	0.000808322644948871	-0.00164024705593839
1412.7418	0.000797609182479846	-0.00147207524561167
1258.7905	0.00078850634387789	-0.00131923015469275
1121.7966	0.000779455555687126	-0.00118439182994997
999.68164	0.00076833872777887	-0.00106104571395873
891.42474	0.000760807873794058	-0.000952336971404072
794.23932	0.000755502598055216	-0.000855922097846347
707.96161	0.000747083894584825	-0.000765470697139472
631.00977	0.000741526365293149	-0.000688429484152127
562.33929	0.000735512846320694	-0.000616107661869314
501.12231	0.000728996831383532	-0.000551547152308841
446.57214	0.000722994068033918	-0.000491170137069397
398.08899	0.000720089970614964	-0.000440824999580888
354.88681	0.000713625795142299	-0.000393474600855064
316.31589	0.000713010521489067	-0.000351227603794197
281.8942	0.000707042357234747	-0.000312649026199863
251.20601	0.000704731684607699	-0.000277865409856144
223.92496	0.000701598505751022	-0.000244030877039279
199.55338	0.00070136134541765	-0.000215883685294825
177.78128	0.000701047867288403	-0.000188862248644097
158.52898	0.000701593406266196	-0.0001641318023824
141.21979	0.000698970760759374	-0.000143224322195463
125.92673	0.000701918360241473	-0.000124458681020964
112.19009	0.000702997056535923	-0.000107654961814075
99.968163	0.000703685900297983	-9.00513331186583e-05
89.115646	0.000705203579680593	-7.67692008971197e-05
79.415741	0.000706849857210211	-6.36651422435229e-05
70.793182	0.000711075063555276	-5.02168874690567e-05
63.082279	0.00071252289520505	-4.14660212722943e-05
56.241825	0.00071824119557337	-3.25261983445063e-05
50.112232	0.000718604419459187	-2.55544226022523e-05
44.671223	0.000721942143248475	-1.90075297742878e-05
39.808899	0.00072509380399411	-1.47555018627058e-05
35.488308	0.00072988028332996	-9.49589480883496e-06
31.629578	0.000731399804989998	-5.9738677493682e-07
28.187037	0.000734127739807842	-4.23515747054871e-07
25.120602	0.000737700996732185	3.1030558211934e-06
22.385418	0.000740042191998554	5.95691844407926e-06
19.955338	0.000743746795688842	7.9183478845023e-06
17.775894	0.000745905949556969	1.20989996511253e-05
15.846864	0.000748821278538266	1.03096258520276e-05
14.127493	0.000752054105176702	1.18414077687782e-05
12.587309	0.000752353250123306	1.36743986659703e-05
11.216775	0.000752098513198307	1.62764692498894e-05
9.9968166	0.000758948622285323	1.19135354353065e-05
8.9082127	0.000758302586053105	1.4595959386359e-05
7.9395623	0.00076010808172458	1.59548554298606e-05
7.0765615	0.00076222135024639	1.86411681148528e-05
6.3105822	0.000763537234248758	1.51340894459328e-05
5.6245475	0.000765989447277014	1.36195899097493e-05
5.0112233	0.000767117536418731	1.5595496984549e-05
4.4642835	0.000770155426057104	1.8731920095522e-05
3.9819033	0.000769785056481553	1.77991753459918e-05
3.5479143	0.000769962586823125	1.88163467115036e-05
3.1629577	0.000771487710434767	1.78686880449039e-05
2.818361	0.000772876086497808	1.7984600372451e-05
2.5112481	0.000775478414278075	1.7222282984287e-05
2.2398233	0.000774411479080758	1.6556435153142e-05
1.9950197	0.000775857463517228	1.78435010527401e-05
1.7775893	0.000778600758033348	1.84064774101384e-05
1.5846864	0.000779518941822863	1.77926856118069e-05
1.4122353	0.000778974877007393	1.71239995827753e-05
1.2582541	0.000780917934517879	2.05574476407142e-05
1.1224822	0.000781486171579384	2.20630441727329e-05
1.0000616	0.000785331405462871	2.02171794737017e-05
0.89082122	0.000783475160720273	1.99772438574688e-05
0.79444051	0.00078549555230284	2.1778992268039e-05
0.70784986	0.000787078500561686	2.15000629725852e-05
0.63126236	0.000787246796507096	2.06192935480093e-05
0.562536	0.000789938956775616	2.1473466822435e-05
0.50118715	0.00079328321815746	2.51977008573316e-05
0.44642836	0.000792653071049412	2.54377978964427e-05
0.39821118	0.000795124839625225	2.78264491455467e-05
0.35475865	0.00079549527080347	2.58946393751988e-05
0.31619295	0.000796714098737773	2.55635400694952e-05
0.2819173	0.000799162049440378	3.05173014096487e-05
0.25117323	0.000802295055518458	2.940969857858e-05
0.22391155	0.000800826342867082	2.93188532969181e-05
0.19957349	0.000806171371860552	3.15108287406591e-05
0.17779917	0.000803760503705721	3.56613676985878e-05
0.15846863	0.000810305335545008	3.59329497655547e-05
0.14123619	0.000809470331411203	3.74019058190956e-05
0.12590662	0.000814594795951776	3.95292930681062e-05
0.1122199	0.000813731788775344	4.01798498003297e-05
0.10002181	0.000816218226869061	4.19430081349277e-05
