10002.226	0.00119030283574207	-0.0095970537883837
8914.9326	0.00114901435986775	-0.00859209767783255
7943.9951	0.00111158659566659	-0.00769108756118431
7081.583	0.0010784046109999	-0.00688574730086157
6307.7358	0.00104667422268958	-0.00616018456766465
5622.5879	0.00101490393532599	-0.00551556792144962
5011.603	0.000987955963469477	-0.00493983130417646
4466.4292	0.000960729938464542	-0.00442060489406773
3981.2773	0.000936506590449082	-0.00395822351457842
3548.8679	0.000914490582276402	-0.00354546223852323
3163.0398	0.000894837133334703	-0.00317669623198116
2819.0986	0.000877488442677935	-0.00284411119121786
2512.4104	0.000862655602126357	-0.00254601351882456
2239.2869	0.000846711444272188	-0.00228202725632626
1995.6381	0.000837045064193082	-0.00204213956587736
1778.2897	0.00082131446897534	-0.0018316314553817
1584.4927	0.000807338200810062	-0.00163990899799166
1412.7418	0.000797595524469581	-0.00147065188277931
1258.7905	0.000788486466302969	-0.00131943207166346
1121.7966	0.000777569493065176	-0.0011823174868171
999.68164	0.000770221894369698	-0.00106061483448491
891.42474	0.000764259596036949	-0.000951880440340837
794.23932	0.00075337339449282	-0.0008549104867186
707.96161	0.000748092639485699	-0.000765522266478104
631.00977	0.000739518862277352	-0.00068858859778027
562.33929	0.000734053175104938	-0.00061458781580361
501.12231	0.000728834690135425	-0.00055206016916475
446.57214	0.000724406516279932	-0.000494505435809224
398.08899	0.00071741807318063	-0.000442435664406635
354.88681	0.000712774765419532	-0.000393794967821776
316.31589	0.000712422245959234	-0.000348185374979308
281.8942	0.000708951073619011	-0.000312138352556147
251.20601	0.000704592319554329	-0.000276556071167742
223.92496	0.000701759095213816	-0.000241324151775184
199.55338	0.000701319709423049	-0.000220058779134218
177.78128	0.000701778933644986	-0.000189197700067324
158.52898	0.000699577977919323	-0.000165012396274816
141.21979	0.000700119985854173	-0.000143369955498839
125.92673	0.000702034897643161	-0.000124353537418255
112.19009	0.000703752408896655	-0.000107667123553479
99.968163	0.000704688189628065	-9.01721856633197e-05
89.115646	0.00070912204942814	-7.58614111568313e-05
79.415741	0.000708137326126223	-6.31478199853374e-05
70.793182	0.000712518454136784	-5.15304006311658e-05
63.082279	0.000712963011524264	-4.2159952422949e-05
56.241825	0.000717155310634079	-3.38438754842582e-05
50.112232	0.000719290224345344	-2.2302781677982e-05
44.671223	0.000720718320207264	-1.84985612729773e-05
39.808899	0.000726633290855028	-1.34203854102069e-05
35.488308	0.000729133407798129	-8.18602212236335e-06
31.629578	0.000730328394246375	-1.84813233101036e-06
28.187037	0.000733642318241741	-4.62098448880595e-07
25.120602	0.000738131896648165	4.28640317890153e-06
22.385418	0.000741603463962855	7.22437637854247e-06
19.955338	0.0007432806976394	1.00060870625784e-05
17.775894	0.000745097312401023	1.21339095343887e-05
15.846864	0.000748902827855423	1.00152779846813e-05
14.127493	0.000751466135734249	1.40970989573278e-05
12.587309	0.000754257551700994	1.51574566477921e-05
11.216775	0.000755415523718899	1.37460438919519e-05
9.9968166	0.000757486449068777	1.22302748314376e-05
8.9082127	0.000758167138377455	1.44085954419822e-05
7.9395623	0.000758992091617727	1.58074673402622e-05
7.0765615	0.000764035720212733	1.70756984563249e-05
6.3105822	0.000764221717861436	1.65923184364013e-05
5.6245475	0.000765820549969291	1.6018095713462e-05
5.0112233	0.000767880515616124	1.55069328688431e-05
4.4642835	0.000770130874866095	1.67668039772862e-05
3.9819033	0.000769307673926007	1.69368198267688e-05
3.5479143	0.00077310022120507	1.79854586992285e-05
3.1629577	0.000773518061468605	1.54118825232786e-05
2.818361	0.000773328024231598	1.61848949961211e-05
2.5112481	0.000775109409599143	1.74220171168305e-05
2.2398233	0.000774224936409685	1.78187384102883e-05
1.9950197	0.000775402595245806	1.80527376676382e-05
1.7775893	0.000779667067965795	1.65404817337114e-05
1.5846864	0.000780056051016881	1.86784959322098e-05
1.4122353	0.000779771661004926	1.77810004150127e-05
1.2582541	0.000781250535370037	1.93431142304602e-05
1.1224822	0.000782827376472923	1.97683155962937e-05
1.0000616	0.000782582230906126	2.00345391274619e-05
0.89082122	0.000782295068220227	2.12940043585235e-05
0.79444051	0.00078509805669798	1.96029692731362e-05
0.70784986	0.000786791319862581	2.20078937447977e-05
0.63126236	0.000789512691002835	2.33884105842994e-05
0.562536	0.000790302325288927	2.26582100553244e-05
0.50118715	0.000789582012188009	2.40063433020504e-05
0.44642836	0.000793195200871994	2.50517636055454e-05
0.39821118	0.000794439167649033	2.58574186897e-05
0.35475865	0.000794886011658887	2.68297517921147e-05
0.31619295	0.000797464285367254	2.73439579807987e-05
0.2819173	0.000798824530285241	2.82370241970123e-05
0.25117323	0.000801043318809334	2.80750962884624e-05
0.22391155	0.000804446769888541	3.1386387769275e-05
0.19957349	0.000803015729708664	3.1598927977077e-05
0.17779917	0.000807181310079898	3.42512443042441e-05
0.15846863	0.000809040785891368	3.58289192421496e-05
0.14123619	0.00080988854733798	3.76382757017385e-05
0.12590662	0.000813278396337638	3.88477940193657e-05
0.1122199	0.000814418246338881	4.06517817817641e-05
0.10002181	0.000818753718188833	4.06083491954623e-05
