10002.226	0.00119168890065527	-0.00959889616461711
8914.9326	0.00115090333405093	-0.00859309721690802
7943.9951	0.00111161369430273	-0.00769082743170368
7081.583	0.00107826698054497	-0.00688511774755532
6307.7358	0.00104504175192018	-0.00616208475717407
5622.5879	0.00101427017262859	-0.00551444719754443
5011.603	0.000986434856901092	-0.00493733200612823
4466.4292	0.000962955762167927	-0.00442205563085921
3981.2773	0.000936323988738363	-0.00395602945155339
3548.8679	0.000913911095903123	-0.00354553083431538
3163.0398	0.000895550520634072	-0.00317622337772293
2819.0986	0.000878160775631776	-0.00284314308421689
2512.4104	0.000861624444280784	-0.00254607603225924
2239.2869	0.000847533158935409	-0.00228392882030459
1995.6381	0.000834237347201082	-0.00204301565358476
1778.2897	0.000821688094239008	-0.00183384985011914
1584.4927	0.000807642007355641	-0.00164158677495792
1412.7418	0.000796115505543273	-0.00146981318496359
1258.7905	0.00078920675395054	-0.00131932554704162
1121.7966	0.00077982633292693	-0.00118135362638455
999.68164	0.000770139095554498	-0.00106065509459583
891.42474	0.000762828572837282	-0.000951285703105022
794.23932	0.0007567162880353	-0.000855006426686096
707.96161	0.000747222760458014	-0.000766717341631359
631.00977	0.000740343874298705	-0.000688792061566393
562.33929	0.000734912287570599	-0.000614200932052306
501.12231	0.000728218882430719	-0.000553165691571313
446.57214	0.000721045392091628	-0.00049379819840671
398.08899	0.000718245368459182	-0.000440112311599484
354.88681	0.000712199977464607	-0.000392629928053804
316.31589	0.000711229328734016	-0.000350153389035662
281.8942	0.000707273746149359	-0.000312128497741328
251.20601	0.000704208228510593	-0.000275842078082509
223.92496	0.000704314576256717	-0.000244939555882992
199.55338	0.000702875431186428	-0.000214549580095208
177.78128	0.000702344373441496	-0.000188913807085684
158.52898	0.00070196503973485	-0.000162116264434053
141.21979	0.000701165570508087	-0.000143618928879286
125.92673	0.000699501689315826	-0.000123928092948255
112.19009	0.000703569996592049	-0.000107596157992682
99.968163	0.000702945355786459	-8.87042272971062e-05
89.115646	0.000704996725000395	-7.677483231361e-05
79.415741	0.000708116357551266	-6.33222012102906e-05
70.793182	0.000709568781733334	-5.17511367133893e-05
63.082279	0.00071388098906481	-4.04052813756317e-05
56.241825	0.000718947743480061	-3.37936285101673e-05
50.112232	0.000720108795197298	-2.40163268946702e-05
44.671223	0.000721883516498927	-1.75290507991463e-05
39.808899	0.000726300516426088	-1.30501137410784e-05
35.488308	0.000730186100818254	-6.02553586019378e-06
31.629578	0.000731440527743956	-3.4571971554541e-06
28.187037	0.000736386343549212	8.66382058063367e-07
25.120602	0.000738692658370773	5.6002868257353e-06
22.385418	0.000739599155485538	8.08283721293642e-06
19.955338	0.000743190155236028	9.46236971007985e-06
17.775894	0.000747686147171491	1.17557020516464e-05
15.846864	0.00074991365497151	1.21088490865017e-05
14.127493	0.00075349751683544	1.25177648750102e-05
12.587309	0.000753468907691907	1.26303461603406e-05
11.216775	0.000754316335617032	1.47191579792656e-05
9.9968166	0.000757203548301527	1.3152223181596e-05
8.9082127	0.000758950204918527	1.48122600051684e-05
7.9395623	0.000758865967807455	1.41146169622835e-05
7.0765615	0.000762668635716786	1.81933443797045e-05
6.3105822	0.000764269938294499	1.59675549388259e-05
5.6245475	0.000765028649071387	1.61634256368638e-05
5.0112233	0.000767494577497444	1.6675459645395e-05
4.4642835	0.000768395655335523	1.80840577728876e-05
3.9819033	0.00076945902022442	1.78051171305547e-05
3.5479143	0.000772909000102909	1.73135206440401e-05
3.1629577	0.000773420094666644	1.65551822621618e-05
2.818361	0.00077369845356872	1.8191159327665e-05
2.5112481	0.000774932754885995	1.61017000087955e-05
2.2398233	0.000776415416641873	1.68329024645715e-05
1.9950197	0.000777306345437538	1.69814858122258e-05
1.7775893	0.000776060479252774	1.61360796633566e-05
1.5846864	0.000777396468391506	1.92091429744092e-05
1.4122353	0.000779272660085124	1.77332169064702e-05
1.2582541	0.000779286907624555	1.89248216228987e-05
1.1224822	0.000783964799739905	2.05107586989187e-05
1.0000616	0.000781995878224639	1.79514835741713e-05
0.89082122	0.000784589493827565	2.06211075929938e-05
0.79444051	0.000784635130551381	1.97254915796583e-05
0.70784986	0.000786911973521802	2.28345307054153e-05
0.63126236	0.000788467946797003	2.13688093575027e-05
0.562536	0.000789504352914016	2.23132007637661e-05
0.50118715	0.000791288166589034	2.18421978356206e-05
0.44642836	0.000794470813644464	2.54892187571786e-05
0.39821118	0.000795300855441216	2.59216828262479e-05
0.35475865	0.000797709232091581	2.6238602910461e-05
0.31619295	0.000797294257462762	2.73517427834681e-05
0.2819173	0.000799361134385093	2.88601309909629e-05
0.25117323	0.000801146496320839	2.99282539455114e-05
0.22391155	0.000803490731592719	3.13744894911295e-05
0.19957349	0.000806750347300699	3.38257120564907e-05
0.17779917	0.000807411293363252	3.39065650146856e-05
0.15846863	0.000810179328223896	3.69066418672819e-05
0.14123619	0.000811088908857317	3.82026276489277e-05
0.12590662	0.000813289442847969	3.76380194394977e-05
0.1122199	0.000814597715781411	4.37067918805388e-05
0.10002181	0.000817481142291952	4.25428029182888e-05
