10002.226	0.00117255627833905	-0.00961499461861315
8914.9326	0.00113077443142488	-0.00860798523747258
7943.9951	0.00109206909793838	-0.00770531465081385
7081.583	0.00105935061298687	-0.00689738697775421
6307.7358	0.00102851930821952	-0.00617223892409866
5622.5879	0.000996287145587017	-0.00552647174741744
5011.603	0.000967200221869235	-0.00494968407982056
4466.4292	0.00094239422008875	-0.00442925013560697
3981.2773	0.000919195918061722	-0.00396668117121278
3548.8679	0.000898731213641837	-0.00355179289208697
3163.0398	0.000878111137056279	-0.00317941256507702
2819.0986	0.000861134100985435	-0.00284833639431132
2512.4104	0.00084523121996942	-0.00254949954601296
2239.2869	0.000829155036840614	-0.00228678201704527
1995.6381	0.000815877707955793	-0.00204837220788671
1778.2897	0.000804451289029069	-0.00183348853051708
1584.4927	0.000792791115504033	-0.00164300736043388
1412.7418	0.000779763379516471	-0.00147315475745748
1258.7905	0.000769232451231994	-0.00132025689232943
1121.7966	0.000761761770825051	-0.00118693029232374
999.68164	0.000752423873867634	-0.00106230072388407
891.42474	0.000745583662806092	-0.000952775517976253
794.23932	0.000737650815094804	-0.000857318684072389
707.96161	0.000728645696936611	-0.000766932973774693
631.00977	0.000722095703352914	-0.000688138468567966
562.33929	0.000715785221040037	-0.000617041963124691
501.12231	0.000710022873710107	-0.000551320795532027
446.57214	0.000705648043527115	-0.000494431431396482
398.08899	0.000699735769924195	-0.0004430742954246
354.88681	0.000695955382852887	-0.000394479788554685
316.31589	0.000694015049269967	-0.000350846602854065
281.8942	0.000689000438682071	-0.000313446343310742
251.20601	0.000683305395512113	-0.000277007621129579
223.92496	0.000684729252227029	-0.000243036412080901
199.55338	0.000686073096636397	-0.00021589159972621
177.78128	0.000683986119663726	-0.000189753226469545
158.52898	0.000683800317185009	-0.000164824171644081
141.21979	0.000683799797580954	-0.000142984388087581
125.92673	0.000683160005055615	-0.000125806278885075
112.19009	0.000686468576664547	-0.000108677605346003
99.968163	0.000686960182725548	-8.8971212233705e-05
89.115646	0.000690077892386887	-7.73741630258256e-05
79.415741	0.000692060953412387	-6.32700708339447e-05
70.793182	0.000692419886696397	-5.1588440481879e-05
63.082279	0.000694632864674737	-4.06541988605596e-05
56.241825	0.000699955521435728	-3.18917158795125e-05
50.112232	0.00070303827366614	-2.44055071578128e-05
44.671223	0.000703808125615076	-1.50822223328904e-05
39.808899	0.000710682671585194	-1.45467596220748e-05
35.488308	0.000712465007877334	-7.66286772297607e-06
31.629578	0.000715638289673941	-1.8626999412225e-06
28.187037	0.000718170898007082	2.27253999876266e-07
25.120602	0.000719622455689382	3.34198348371982e-06
22.385418	0.000723779531003174	7.29041578095859e-06
19.955338	0.000725522152532114	8.62088893413654e-06
17.775894	0.000729326896659561	1.14178045864825e-05
15.846864	0.000733482264777131	1.08925682391247e-05
14.127493	0.000733238610772268	1.16034069004066e-05
12.587309	0.00073623070964065	1.45930399483828e-05
11.216775	0.000737112390730181	1.39221559293708e-05
9.9968166	0.000741415406293673	1.57412495136803e-05
8.9082127	0.000739715773108699	1.62629698525196e-05
7.9395623	0.000741892239990709	1.689103387334e-05
7.0765615	0.000744869841289577	1.96836390490688e-05
6.3105822	0.000746129505119119	1.67487224513256e-05
5.6245475	0.000747368952249725	1.5628142825814e-05
5.0112233	0.000750333650346722	1.63745465207153e-05
4.4642835	0.00075045253368906	1.59253339329286e-05
3.9819033	0.000752171998349733	1.67373012667582e-05
3.5479143	0.000753127320733215	1.81390838072379e-05
3.1629577	0.000752818299172556	1.8039737298196e-05
2.818361	0.000758588394637725	1.71923492123926e-05
2.5112481	0.000757491112919779	1.82174520852813e-05
2.2398233	0.000758198376962072	1.61611138040296e-05
1.9950197	0.00075538780892017	1.90078745024941e-05
1.7775893	0.000759018825661432	1.73980283424261e-05
1.5846864	0.000762087766850282	1.91555445028413e-05
1.4122353	0.000761374128978612	1.91723769669528e-05
1.2582541	0.000762395037696391	2.00103078943631e-05
1.1224822	0.000764557166358063	2.00373198334965e-05
1.0000616	0.000764309190016851	2.08031574682478e-05
0.89082122	0.000767605085080531	2.10413053333825e-05
0.79444051	0.000769693954856366	2.12061747318999e-05
0.70784986	0.00076898841961252	2.03078702689104e-05
0.63126236	0.000769614991305978	2.38636176812583e-05
0.562536	0.000772339793249661	2.26707318782542e-05
0.50118715	0.000773851535647112	2.41502421547852e-05
0.44642836	0.000776525422507563	2.39941294180051e-05
0.39821118	0.000778449755832297	2.51601204222662e-05
0.35475865	0.00077652846381105	2.77909550650251e-05
0.31619295	0.000780174060916561	2.85181456937869e-05
0.2819173	0.000783254421164454	2.89066628662019e-05
0.25117323	0.000781886977114264	2.99000827246956e-05
0.22391155	0.000784994672063492	3.09925401327163e-05
0.19957349	0.000787034393129716	3.16987514895321e-05
0.17779917	0.000789705102413637	3.40326538492959e-05
0.15846863	0.000790553561116646	3.70561784843258e-05
0.14123619	0.000791338997023922	3.61599601090607e-05
0.12590662	0.000795425470081997	3.89435941498298e-05
0.1122199	0.000798229946450779	4.09968267492532e-05
0.10002181	0.000801582205345244	4.27002948474395e-05
