10002.226	0.00117041046931956	-0.00961547701991319
8914.9326	0.00113170601988285	-0.00860762837213236
7943.9951	0.00109366556487403	-0.00770427144177569
7081.583	0.001058530950766	-0.00689900417276253
6307.7358	0.00102769274920164	-0.00617146683829459
5622.5879	0.000996889892396013	-0.00552362047399222
5011.603	0.000969931227999174	-0.00494648617745981
4466.4292	0.000943866630305123	-0.00442938565126228
3981.2773	0.000920666373252132	-0.00396536959702693
3548.8679	0.000895665293642456	-0.00355153529213559
3163.0398	0.000878231298845305	-0.00318084093916212
2819.0986	0.000859829647648721	-0.00284737708855915
2512.4104	0.000844693059918996	-0.00255161581169763
2239.2869	0.000828952402965728	-0.0022854617650953
1995.6381	0.000813779029905425	-0.00204751273967224
1778.2897	0.000803613486764069	-0.00183484598926905
1584.4927	0.000789434666849106	-0.00164318135069374
1412.7418	0.000779313055958619	-0.00147233347244272
1258.7905	0.000771458092144659	-0.00131960349337722
1121.7966	0.000758834048762602	-0.00118611372511333
999.68164	0.000752671195342722	-0.00106311601862413
891.42474	0.000744986890202515	-0.000954151549941261
794.23932	0.000738236606947026	-0.000856712038719032
707.96161	0.000730480756137295	-0.00076669017014429
631.00977	0.000722804779902182	-0.000689443761638359
562.33929	0.000716584676819736	-0.000616531010920969
501.12231	0.000711568729740802	-0.000552979987073384
446.57214	0.000704226682702113	-0.000493682313297834
398.08899	0.00070079431410506	-0.000443292809994879
354.88681	0.000695632659149895	-0.000393803428213863
316.31589	0.000694112803500848	-0.000350601771622247
281.8942	0.000689874481569963	-0.000312305402312247
251.20601	0.000686374587917402	-0.000276333371997027
223.92496	0.000684500391915889	-0.000244615538634218
199.55338	0.000683456157667095	-0.000216470454623658
177.78128	0.000682972014509056	-0.000187485971966562
158.52898	0.000684729163313908	-0.000164851899154768
141.21979	0.000685103792204351	-0.00014393207681815
125.92673	0.000684615989165699	-0.000123287843359014
112.19009	0.000686844764137452	-0.00010800376770165
99.968163	0.000686700615393724	-9.06870839295442e-05
89.115646	0.00068895809666173	-7.70094222683899e-05
79.415741	0.000691052532198919	-6.41427303505034e-05
70.793182	0.000693503070954204	-5.21322377643429e-05
63.082279	0.000696523131593648	-4.20389032441764e-05
56.241825	0.00069988226774886	-3.0834743545447e-05
50.112232	0.000702032375802478	-2.2846234782659e-05
44.671223	0.000704377621093093	-1.82769461782329e-05
39.808899	0.000708348583930397	-9.18911026094847e-06
35.488308	0.000710421589150566	-6.83102985536297e-06
31.629578	0.00071476273733781	-1.98038665108733e-06
28.187037	0.000718380540763904	1.43193792732918e-07
25.120602	0.000719415428106818	4.79439042776044e-06
22.385418	0.000723393767240396	5.31284615305256e-06
19.955338	0.000723250252009878	7.45303956014613e-06
17.775894	0.000727920985506218	1.13329472133347e-05
15.846864	0.000731605199010709	1.05483756860455e-05
14.127493	0.000732920441852203	1.35960284672839e-05
12.587309	0.000733728668467807	1.31154888950065e-05
11.216775	0.000737635641753922	1.50131053809756e-05
9.9968166	0.000741116660275635	1.42273466331312e-05
8.9082127	0.000741447634033039	1.5223490768808e-05
7.9395623	0.000742156329923274	1.50475159323864e-05
7.0765615	0.000744922522084039	1.83189033226086e-05
6.3105822	0.000746699649694005	1.69577337414341e-05
5.6245475	0.000749154768549989	1.80657937483603e-05
5.0112233	0.000749212907122626	1.73562843006805e-05
4.4642835	0.000750779704963369	1.76222015427088e-05
3.9819033	0.000752559066165179	1.80601050131865e-05
3.5479143	0.000752816982592646	1.58687430528973e-05
3.1629577	0.000755115074844903	1.88363976829752e-05
2.818361	0.00075593849810665	1.91811073032474e-05
2.5112481	0.000755870421064212	1.77333385633951e-05
2.2398233	0.000757093974916332	1.87048554765115e-05
1.9950197	0.000756500451699239	1.80913498087018e-05
1.7775893	0.000759314730218553	1.9994619056755e-05
1.5846864	0.000761351040611795	1.85469133932155e-05
1.4122353	0.000761947500845017	1.96429024764527e-05
1.2582541	0.000764444637109359	1.92453698921204e-05
1.1224822	0.000765547843455431	2.12075586548997e-05
1.0000616	0.000764791888580515	1.85673862292081e-05
0.89082122	0.000766561233241691	1.93191233029912e-05
0.79444051	0.000768125197482855	1.78154048435161e-05
0.70784986	0.000769291770615631	2.20706325395788e-05
0.63126236	0.000771935704529152	2.21387076324554e-05
0.562536	0.000772059272994272	2.31252411785029e-05
0.50118715	0.000773507992134368	2.37064098226327e-05
0.44642836	0.000777256073087638	2.26365406159724e-05
0.39821118	0.000775991161885062	2.49935655967661e-05
0.35475865	0.000777444052643959	2.75010160190745e-05
0.31619295	0.000776880204909175	2.76215007675987e-05
0.2819173	0.000780785834325081	2.87399942124761e-05
0.25117323	0.000783838294972642	2.87813492882845e-05
0.22391155	0.000784948440650597	3.10712044834972e-05
0.19957349	0.000787358712716313	3.30754099635988e-05
0.17779917	0.000787923976754343	3.4394579487523e-05
0.15846863	0.000791006117471875	3.53694199523298e-05
0.14123619	0.000790790578216358	3.74120919939263e-05
0.12590662	0.000795258522707664	3.83930188955711e-05
0.1122199	0.000795836631314715	3.96351120567411e-05
0.10002181	0.000799609922116325	4.17016337907676e-05
