10002.226	0.00117110111682674	-0.00961546088637767
8914.9326	0.00113050751023407	-0.00860752281799637
7943.9951	0.00109401740132232	-0.00770346515487363
7081.583	0.00106063686052168	-0.00689937721273609
6307.7358	0.00102707011861646	-0.00617303760416598
5622.5879	0.000996226171555184	-0.00552458788201302
5011.603	0.000969401701894033	-0.00494780603525513
4466.4292	0.000943065591401736	-0.00442648518333054
3981.2773	0.0009197020211119	-0.0039646610757328
3548.8679	0.000897643751761456	-0.00355033754656354
3163.0398	0.000878601493617263	-0.00318227702901378
2819.0986	0.000860530426101985	-0.002847438824797
2512.4104	0.000844208476628529	-0.00255033380045722
2239.2869	0.000830427578583494	-0.00228579128990861
1995.6381	0.00081524217236133	-0.00204679177126448
1778.2897	0.000803935744295399	-0.00183458495917933
1584.4927	0.00079136046871439	-0.00164299024852149
1412.7418	0.000780318404797128	-0.00147337182245157
1258.7905	0.000770491821892071	-0.001320538780454
1121.7966	0.000759667418062922	-0.0011862878428586
999.68164	0.000752173900808056	-0.00106173349964714
891.42474	0.000743957033972354	-0.000957083599709583
794.23932	0.000738238068739582	-0.000857895521301706
707.96161	0.000728156360849576	-0.000767806775540782
631.00977	0.000722792068076761	-0.000689110114548818
562.33929	0.000717568793269703	-0.000616056844946092
501.12231	0.000711795066906481	-0.000552586239824477
446.57214	0.000705470726448111	-0.000493477379801248
398.08899	0.000700450293042845	-0.000442433342642105
354.88681	0.00069574262158669	-0.000393601627879355
316.31589	0.000693346626962257	-0.000350177771791471
281.8942	0.000687331583682757	-0.000311836049330273
251.20601	0.000689260736826259	-0.00027503295848488
223.92496	0.000686190303382495	-0.000245577914331277
199.55338	0.000682994500641811	-0.000215864836273949
177.78128	0.000683345802335897	-0.000187331581475269
158.52898	0.000683468068776756	-0.000165126006161733
141.21979	0.000681825356849165	-0.000143867216031941
125.92673	0.000683771043270148	-0.00012440344510555
112.19009	0.000683767623690637	-0.000109301110564152
99.968163	0.000687367722603489	-8.8075993591765e-05
89.115646	0.000688840578077014	-7.82448137649018e-05
79.415741	0.000689699111100198	-6.23525294668391e-05
70.793182	0.000691479753042992	-5.41347604901726e-05
63.082279	0.000693963130081954	-4.3179920629805e-05
56.241825	0.000701101572810416	-3.34526272954249e-05
50.112232	0.00070152697454689	-2.41239952868292e-05
44.671223	0.000703189121671979	-1.87606477543501e-05
39.808899	0.000709236665443743	-1.38801501193861e-05
35.488308	0.000712439769326051	-8.64154219525077e-06
31.629578	0.000714743020902139	-1.95159195790997e-06
28.187037	0.000717398165363664	-6.62906727914767e-07
25.120602	0.000719026904973342	3.93814640100884e-06
22.385418	0.000723647499336877	4.74229816276098e-06
19.955338	0.000725401692931374	8.2595951107818e-06
17.775894	0.000730599720363534	1.18360624809353e-05
15.846864	0.000731705808616079	1.21901081292993e-05
14.127493	0.00073403460691194	1.38074653306904e-05
12.587309	0.000734543889762466	1.41207040500281e-05
11.216775	0.000735828545409461	1.50210734324539e-05
9.9968166	0.000740302915633018	1.33320293018562e-05
8.9082127	0.000741124073596288	1.48061921538379e-05
7.9395623	0.000740827426481102	1.7017856782835e-05
7.0765615	0.000745135685924857	1.90785524812452e-05
6.3105822	0.00074775951598838	1.78831197583363e-05
5.6245475	0.000747700188029608	1.29399501306659e-05
5.0112233	0.000748330683124066	1.72782859778501e-05
4.4642835	0.000749050743254629	1.62299255531457e-05
3.9819033	0.000750941774438442	1.69946239018e-05
3.5479143	0.00075294427348175	1.63690932677682e-05
3.1629577	0.00075528607571078	1.8135252817365e-05
2.818361	0.000756852984644918	1.57545055298301e-05
2.5112481	0.000755744143460008	1.61974976075737e-05
2.2398233	0.000755519560185058	1.716262320575e-05
1.9950197	0.000758360453888925	1.69902480429655e-05
1.7775893	0.00075910731678176	1.71684750599339e-05
1.5846864	0.000760770317863471	1.79711652452161e-05
1.4122353	0.000760982956349043	1.78811665472411e-05
1.2582541	0.000761252791036689	2.02156911996842e-05
1.1224822	0.000763855182664691	1.93968167892235e-05
1.0000616	0.000765388995012383	2.14092518469196e-05
0.89082122	0.000766835778222245	1.99772477132688e-05
0.79444051	0.000767455051765504	2.19565020780739e-05
0.70784986	0.000767153000718001	1.99651086580133e-05
0.63126236	0.000772388053314555	2.10696705001097e-05
0.562536	0.000771695981759532	2.23307220057934e-05
0.50118715	0.000773816485324725	2.21356317624533e-05
0.44642836	0.000774644064743483	2.55208987616486e-05
0.39821118	0.00077687538102178	2.64786621647529e-05
0.35475865	0.000779097231025027	2.60000358493172e-05
0.31619295	0.000779362032712514	2.69587958387951e-05
0.2819173	0.000781528136463502	2.81400898072192e-05
0.25117323	0.000782858144857785	2.96552950973047e-05
0.22391155	0.0007852339053133	3.16662253946595e-05
0.19957349	0.00078831765581509	3.34468924565827e-05
0.17779917	0.000786396038276805	3.50954863649773e-05
0.15846863	0.000789481950772636	3.51270895839997e-05
0.14123619	0.000792280770273077	3.74777338310169e-05
0.12590662	0.000794018676532316	4.16359603031272e-05
0.1122199	0.000797174757352423	4.05119028628556e-05
0.10002181	0.000800413420632093	4.28386204160417e-05
