10002.226	0.00117122515361201	-0.00961500767976923
8914.9326	0.001131252456631	-0.00860638792076646
7943.9951	0.0010936269053798	-0.00770545408558452
7081.583	0.00105848023653254	-0.00689796335633465
6307.7358	0.00102822741949687	-0.00617142752887781
5622.5879	0.000996279827573511	-0.00552548635069842
5011.603	0.000966916130621024	-0.00494963596387252
4466.4292	0.000944434636190963	-0.00442896693693119
3981.2773	0.000918652078537246	-0.00396452369305122
3548.8679	0.000896100237628123	-0.00355203324453503
3163.0398	0.000879520189734335	-0.00318173759716718
2819.0986	0.000861281615218569	-0.00284827575475668
2512.4104	0.000843829523084489	-0.00255062220339914
2239.2869	0.000828688760963035	-0.00228673363437025
1995.6381	0.000816540052105173	-0.00204675424072391
1778.2897	0.000803541816532631	-0.00183511862771358
1584.4927	0.000790145811365294	-0.00164174527611369
1412.7418	0.000778849460071689	-0.00147439045969601
1258.7905	0.000771660416776517	-0.00132061465282205
1121.7966	0.000759051565311184	-0.00118343070270232
999.68164	0.000750734827058919	-0.00106317046173238
891.42474	0.000745427578723714	-0.0009535147217573
794.23932	0.000737340601341801	-0.000854792982766377
707.96161	0.000729025674223561	-0.000765482599343095
631.00977	0.000721828803499012	-0.000689446619184392
562.33929	0.000716056445295821	-0.000616341195589141
501.12231	0.000710410692167699	-0.000553976553017785
446.57214	0.000706830034036048	-0.000493447313765437
398.08899	0.000701829327087135	-0.000442740081744109
354.88681	0.000697048938998994	-0.000394562020816138
316.31589	0.000692985858963842	-0.000350330116552118
281.8942	0.00069097780604864	-0.000314134868597964
251.20601	0.000685572413505982	-0.000278176423988837
223.92496	0.000684915754769094	-0.000244854822725215
199.55338	0.000684025611666411	-0.000215392832511233
177.78128	0.00068293620267926	-0.000189747155548378
158.52898	0.000684116057137094	-0.000165062053922585
141.21979	0.000683463916265522	-0.000144201677269537
125.92673	0.000683903313537527	-0.000121650939250222
112.19009	0.000685963588025512	-0.000108974523671572
99.968163	0.000685613011778722	-9.15502015139818e-05
89.115646	0.000689095518803687	-7.51538292560317e-05
79.415741	0.000690924436488876	-6.25995540148485e-05
70.793182	0.000693126412392632	-5.23336207683302e-05
63.082279	0.000695800471145857	-4.06173401231197e-05
56.241825	0.00070113049985416	-3.22001012998178e-05
50.112232	0.00070129007730397	-2.34775707408656e-05
44.671223	0.000705792883572758	-1.74652403441597e-05
39.808899	0.000706594007981125	-1.30705059964271e-05
35.488308	0.000710661238694242	-8.73937897566861e-06
31.629578	0.000713216334153832	-2.82197533709588e-06
28.187037	0.000716945732957764	-1.24831760991038e-06
25.120602	0.000718588432556259	1.46830805355997e-06
22.385418	0.000721332911434574	7.75844570630233e-06
19.955338	0.000726459586071091	8.28622457057022e-06
17.775894	0.000729673073026624	1.33469538604838e-05
15.846864	0.000731126926779041	1.21956425922481e-05
14.127493	0.000733047243800684	1.1700372807986e-05
12.587309	0.000734761451467184	1.30873831998214e-05
11.216775	0.000736811458093022	1.47833990420188e-05
9.9968166	0.000739650046541426	1.51234935689618e-05
8.9082127	0.000739593470466184	1.39432424102783e-05
7.9395623	0.000742424584264388	1.51589752545934e-05
7.0765615	0.000744566311448973	1.65278009341623e-05
6.3105822	0.000747107476814638	1.59558575389268e-05
5.6245475	0.000747035655062718	1.72050606126757e-05
5.0112233	0.00074945447888178	1.55391977011295e-05
4.4642835	0.000749956037063713	1.74682897576007e-05
3.9819033	0.000751140434095957	1.60131509523137e-05
3.5479143	0.000752689236976873	1.65276723031973e-05
3.1629577	0.000752600405039367	1.70429885343004e-05
2.818361	0.000756010695510009	1.78589718048915e-05
2.5112481	0.000757256461650902	1.43726219320755e-05
2.2398233	0.000757333031602446	1.6818490049005e-05
1.9950197	0.000757968453228919	1.67385518912827e-05
1.7775893	0.000760217695719701	1.73822211301116e-05
1.5846864	0.000760026774509724	1.80369362011574e-05
1.4122353	0.000761863460752906	1.86208907540239e-05
1.2582541	0.000762991504776132	2.03346814099456e-05
1.1224822	0.000763623734907802	1.87220592691165e-05
1.0000616	0.000764233112362452	2.12202080570889e-05
0.89082122	0.000766960827313279	2.16662348343057e-05
0.79444051	0.000769270925265152	2.20118731329021e-05
0.70784986	0.000770433634351404	2.04577302133363e-05
0.63126236	0.000771462565517183	2.17077212683176e-05
0.562536	0.000771691796635021	2.26705091990537e-05
0.50118715	0.000774017190743036	2.27092114583112e-05
0.44642836	0.000776726976198997	2.4459829216689e-05
0.39821118	0.00077703661823948	2.78169504431847e-05
0.35475865	0.000778546289066407	2.72133606881371e-05
0.31619295	0.000779345818718516	2.77534391609537e-05
0.2819173	0.000783119453061999	3.01624811271274e-05
0.25117323	0.000781829220619256	2.99709797003508e-05
0.22391155	0.000783534619819984	3.09652737915611e-05
0.19957349	0.00078646878007254	3.30000333870813e-05
0.17779917	0.000789776156474201	3.40779052597651e-05
0.15846863	0.000791241902751411	3.50600788221528e-05
0.14123619	0.000792798370077111	3.85371286511568e-05
0.12590662	0.000795434363560606	3.84408957071003e-05
0.1122199	0.000796500177016649	3.80590350231296e-05
0.10002181	0.000797761225342932	4.07528473788821e-05
