10002.226	0.00116521320141837	-0.0095804252403834
8914.9326	0.00112372898484153	-0.00857454632943543
7943.9951	0.00108731748453469	-0.00767532792669353
7081.583	0.00105245845798658	-0.00687155427944808
6307.7358	0.00102155514452481	-0.00614893362195443
5622.5879	0.000990677148869209	-0.00550497713794534
5011.603	0.000960858225332542	-0.00492917767926008
4466.4292	0.000935608166576359	-0.00441206276936141
3981.2773	0.000913977842193573	-0.00395116843030127
3548.8679	0.000888678547756244	-0.00354050327279823
3163.0398	0.000872427436978901	-0.00316942942022109
2819.0986	0.000854010863202512	-0.00283670628372249
2512.4104	0.000837112470588693	-0.00254052394672164
2239.2869	0.000822296404714062	-0.00227819687961948
1995.6381	0.00080963767478265	-0.00204089764203191
1778.2897	0.000795133894812572	-0.00182906005583511
1584.4927	0.000784352341618657	-0.00163622893823796
1412.7418	0.000773178686599416	-0.00146986942776979
1258.7905	0.000764591188736745	-0.00131735849568601
1121.7966	0.000755190446109095	-0.0011802769428128
999.68164	0.000747367696482046	-0.00105893363650102
891.42474	0.000738868966613076	-0.000950556455530026
794.23932	0.00073364507654109	-0.000852161060271324
707.96161	0.000723896719749256	-0.000763552259310248
631.00977	0.000715144882824863	-0.000687080851815311
562.33929	0.000710341715343242	-0.000614625987414216
501.12231	0.000704910300575345	-0.000553454803464152
446.57214	0.000699672116531827	-0.000492983672179451
398.08899	0.000693455780660906	-0.000441543672153186
354.88681	0.000690230591198593	-0.000392821884117092
316.31589	0.000686470482207654	-0.000349540420744228
281.8942	0.000683649746060856	-0.000311918066872593
251.20601	0.000679269702322438	-0.000276088435173798
223.92496	0.000677730036293206	-0.000241990428283121
199.55338	0.000677481559779819	-0.000216442686003671
177.78128	0.000676803794568686	-0.000186139960882984
158.52898	0.000675714431972853	-0.00016492306286321
141.21979	0.000676041253534576	-0.000144190393277638
125.92673	0.000676165357540237	-0.000121912152471677
112.19009	0.000677678259457833	-0.000106713603013005
99.968163	0.000680300648858419	-8.98565914370663e-05
89.115646	0.000683980891027578	-7.5307504765659e-05
79.415741	0.000684420777166095	-6.34746214749526e-05
70.793182	0.000687452592190722	-5.10347190220493e-05
63.082279	0.00068907232182271	-4.00471349754147e-05
56.241825	0.00069255743595028	-3.08044636665974e-05
50.112232	0.000693449734140611	-2.27208047082609e-05
44.671223	0.000697550359475218	-1.90987729564097e-05
39.808899	0.000701828715935207	-1.28374882418331e-05
35.488308	0.000704289616282047	-8.48337621045432e-06
31.629578	0.000708652355492365	-2.09475230250233e-06
28.187037	0.000710554493927354	9.29601563042952e-07
25.120602	0.000713594256572575	5.29985046214246e-06
22.385418	0.000717198661471147	6.48189998849569e-06
19.955338	0.000719665476189347	6.58322743287279e-06
17.775894	0.000723369860227672	1.13318793782874e-05
15.846864	0.00072483140310882	1.18782475735478e-05
14.127493	0.000726538744091776	1.30154872296184e-05
12.587309	0.000729785783500624	1.32131784110871e-05
11.216775	0.000730857840551911	1.60411190299789e-05
9.9968166	0.000735595669613791	1.35941740785563e-05
8.9082127	0.000734881673715955	1.56136687156542e-05
7.9395623	0.000737395184520323	1.64392100072691e-05
7.0765615	0.000737375310951211	1.50770946345433e-05
6.3105822	0.000740737538576546	1.72084830781484e-05
5.6245475	0.000740862799546411	1.63719443814717e-05
5.0112233	0.00074533480449577	1.639168474332e-05
4.4642835	0.000745927794617588	1.66100538560355e-05
3.9819033	0.000745008554300951	1.74873513837922e-05
3.5479143	0.000746214522495323	1.71214342086483e-05
3.1629577	0.000747840519204103	1.92013321610951e-05
2.818361	0.000749492785676214	1.71822400546912e-05
2.5112481	0.000750041957161828	1.60979809093559e-05
2.2398233	0.000750566682129933	1.81936918270489e-05
1.9950197	0.000753170641603342	1.71490522504615e-05
1.7775893	0.000751631780737795	1.89396893749265e-05
1.5846864	0.000755521418263169	1.80532103247521e-05
1.4122353	0.000756425681075614	1.82895944500337e-05
1.2582541	0.000755349449846201	1.92495679256777e-05
1.1224822	0.00075964149563754	1.89940890316087e-05
1.0000616	0.000760428505882062	2.03543871563417e-05
0.89082122	0.000760342832800581	1.99018180070172e-05
0.79444051	0.000761189289052869	2.22683019448141e-05
0.70784986	0.000762474730252212	2.264267084456e-05
0.63126236	0.000767023867337583	2.35838873623198e-05
0.562536	0.000765651648511567	2.43912266925804e-05
0.50118715	0.000766609098099384	2.50990792164528e-05
0.44642836	0.000767924053246065	2.35946794146082e-05
0.39821118	0.000769983664333562	2.59322138589302e-05
0.35475865	0.000772852794852099	2.54338735054567e-05
0.31619295	0.000773862652268099	2.8437490089519e-05
0.2819173	0.00077677827078381	2.93430248790191e-05
0.25117323	0.000775085591439291	2.94707760919386e-05
0.22391155	0.000779826723472825	3.06444625869615e-05
0.19957349	0.000779923658439306	3.37485593674439e-05
0.17779917	0.000782977104585578	3.58228507378937e-05
0.15846863	0.000785527031270503	3.41084172707264e-05
0.14123619	0.000785803314089344	3.64581067834036e-05
0.12590662	0.000790289971076061	3.90027594664524e-05
0.1122199	0.000791613795843706	4.14182994898356e-05
0.10002181	0.000793800575192281	4.12857865639105e-05
