10002.226	0.00116599665961826	-0.00957873257563272
8914.9326	0.00112570096307435	-0.00857472016131542
7943.9951	0.00108832638820549	-0.00767539619824346
7081.583	0.00105330444227067	-0.00687128204080792
6307.7358	0.00102126548406926	-0.00614739705326451
5622.5879	0.00099107183812011	-0.00550578734972183
5011.603	0.000960610028570815	-0.004929697156277
4466.4292	0.000937677183897492	-0.00441263726055263
3981.2773	0.000913746238792495	-0.00395069251798121
3548.8679	0.000890496466283382	-0.00353820368651842
3163.0398	0.000872678903416723	-0.00316916833338821
2819.0986	0.000853180494755829	-0.00283801535995729
2512.4104	0.000837805392156476	-0.00254214106835619
2239.2869	0.000822750951483168	-0.00227756482602638
1995.6381	0.000809455540432936	-0.00204085411285993
1778.2897	0.000797438096546823	-0.00182749516355811
1584.4927	0.000784609398953755	-0.00163702951938877
1412.7418	0.000771552791320914	-0.00146847836347658
1258.7905	0.000764481988512453	-0.00131698438084005
1121.7966	0.000756184498523811	-0.001180854494249
999.68164	0.000745123935422287	-0.00105959402127419
891.42474	0.000737778372787739	-0.000949585265245762
794.23932	0.000729502882101902	-0.000853594328755061
707.96161	0.00072438872881942	-0.00076422446919603
631.00977	0.000717516221400543	-0.000686542843532783
562.33929	0.000711693741433223	-0.000615650758158792
501.12231	0.000705037836210605	-0.000549175318942248
446.57214	0.000698148945206107	-0.000492428078563127
398.08899	0.000695441638062562	-0.000441591968788123
354.88681	0.000689361384378209	-0.000394196523165501
316.31589	0.000685991975456541	-0.000349067756287888
281.8942	0.000682466715717348	-0.000310908332138997
251.20601	0.000679423305732983	-0.000275568664983171
223.92496	0.000678062437096567	-0.000241649566031533
199.55338	0.000677289033388368	-0.000215987489136364
177.78128	0.000677076193463414	-0.000187813306971524
158.52898	0.000677440367193576	-0.000162798952824895
141.21979	0.000674996829757489	-0.000144413303635677
125.92673	0.000677187619694279	-0.000125111008267182
112.19009	0.000679544143644972	-0.000107312126752431
99.968163	0.000681913964584835	-9.15100642189932e-05
89.115646	0.000683407807866258	-7.61540370132066e-05
79.415741	0.000686052103890061	-6.28440862445949e-05
70.793182	0.000687799029979878	-5.04340329635209e-05
63.082279	0.000689262577463397	-4.27993712649579e-05
56.241825	0.000694551426003555	-3.25515389022596e-05
50.112232	0.000694862580929847	-2.47015914915811e-05
44.671223	0.000697424379114351	-1.80149423427805e-05
39.808899	0.000702786378467507	-1.36702002255781e-05
35.488308	0.000705015706515059	-6.56461704877933e-06
31.629578	0.000706808100359345	-3.21615301768107e-06
28.187037	0.000709959702887898	2.55416980852081e-06
25.120602	0.000714618504109114	4.32394897276359e-06
22.385418	0.000716851228750224	6.70799934580364e-06
19.955338	0.000721158151253001	8.98714125253914e-06
17.775894	0.000722845999038632	1.08844646849476e-05
15.846864	0.000723026762576072	9.12355136540686e-06
14.127493	0.00072620633949366	1.38976983059838e-05
12.587309	0.000726718861604895	1.48183856782738e-05
11.216775	0.000729299385642193	1.43720611584326e-05
9.9968166	0.000732839698780208	1.4242182003289e-05
8.9082127	0.000733670358673671	1.54981452581504e-05
7.9395623	0.000738429418492206	1.75746501701324e-05
7.0765615	0.000739043211164651	2.02736720935089e-05
6.3105822	0.000741470208239166	1.66591254712037e-05
5.6245475	0.000741378895187314	1.76763805778735e-05
5.0112233	0.000743604005763872	1.5441007792386e-05
4.4642835	0.000744705765422875	1.63764752539123e-05
3.9819033	0.000745545776801629	1.75324837205513e-05
3.5479143	0.000745303217741823	1.69836462364896e-05
3.1629577	0.000749577437854371	1.63865833325002e-05
2.818361	0.000748229269610345	1.87810980995577e-05
2.5112481	0.00074933617909359	1.5822730474675e-05
2.2398233	0.000751444421003011	1.6244498512066e-05
1.9950197	0.000751553204217289	1.6629594325999e-05
1.7775893	0.000752194878713491	1.60477217170039e-05
1.5846864	0.000753320064629854	1.8610074645218e-05
1.4122353	0.00075450537898991	1.86934986243848e-05
1.2582541	0.000757108244778721	2.16043958953067e-05
1.1224822	0.000757657878872187	1.87978308426787e-05
1.0000616	0.000760057923342382	1.93083666542203e-05
0.89082122	0.000761316857755692	1.96850231033431e-05
0.79444051	0.00075998631997029	2.00202543819735e-05
0.70784986	0.000764185692430948	2.14682377790937e-05
0.63126236	0.000767348257603123	2.26687315356161e-05
0.562536	0.000765031747821399	2.1755471941571e-05
0.50118715	0.0007667068850344	2.28621026430114e-05
0.44642836	0.000769832800233008	2.29908394167679e-05
0.39821118	0.00077049721845172	2.47397238743956e-05
0.35475865	0.000772305195075998	2.63529062956196e-05
0.31619295	0.000774465304567539	2.9046036396551e-05
0.2819173	0.000774929871077895	2.77389284119781e-05
0.25117323	0.000777857530640647	2.99911452531843e-05
0.22391155	0.000778580509125019	3.06640422350644e-05
0.19957349	0.000779175745419953	3.34326363279307e-05
0.17779917	0.000782440705237971	3.44208108262218e-05
0.15846863	0.000784641559916855	3.53332913420016e-05
0.14123619	0.000787366283548095	3.67589640553433e-05
0.12590662	0.000788386048536665	3.88027983323593e-05
0.1122199	0.000791247577500705	3.91430574204392e-05
0.10002181	0.000793074104554795	4.19272895049331e-05
