10002.226	0.00116566045857687	-0.00957952618963724
8914.9326	0.001126538236243	-0.00857513227824517
7943.9951	0.00108622841700115	-0.00767575288392005
7081.583	0.0010520190256268	-0.00687141896155572
6307.7358	0.00102146865113409	-0.006146772041825
5622.5879	0.000989371480436373	-0.00550468845916544
5011.603	0.000961621713535873	-0.00492942967217706
4466.4292	0.00093602081663291	-0.00441228018848562
3981.2773	0.000913242601648387	-0.00394998718031036
3548.8679	0.000891602437692273	-0.00353763821697007
3163.0398	0.000872178728481906	-0.00316705264335299
2819.0986	0.000854755791117845	-0.00283779509210255
2512.4104	0.000837433413347562	-0.00254329651668672
2239.2869	0.00082405194944129	-0.00227821018236723
1995.6381	0.00081021906190504	-0.00204060897117182
1778.2897	0.000797742203829553	-0.00182797982259584
1584.4927	0.000784642716043402	-0.00163778765864223
1412.7418	0.000773323812921309	-0.00146928309466254
1258.7905	0.000764689938610946	-0.00131938280231014
1121.7966	0.000753669604658787	-0.00118232800876103
999.68164	0.000745401180167711	-0.00105750495633333
891.42474	0.000739246280376425	-0.000949347082648922
794.23932	0.000731198003683375	-0.00085397584063704
707.96161	0.000721964337222514	-0.000764151500724124
631.00977	0.000716447002215467	-0.000687251088462776
562.33929	0.000710336537264088	-0.000613433017139698
501.12231	0.000705280661197618	-0.000551399525501971
446.57214	0.000698804375206944	-0.000492812387611878
398.08899	0.000694497510163645	-0.000437651986440484
354.88681	0.000689504806358248	-0.000392995360605136
316.31589	0.000686067744557103	-0.000350426136015202
281.8942	0.000684335302557823	-0.000311723997264844
251.20601	0.000679314324385072	-0.000276651996520803
223.92496	0.000679266907523346	-0.000243358066067278
199.55338	0.000677494587966512	-0.000216458860484993
177.78128	0.000676008100664103	-0.000187866154222658
158.52898	0.000677309301554927	-0.000162292629919301
141.21979	0.000675274658139157	-0.000144092391539882
125.92673	0.000676706287509742	-0.000124633445768634
112.19009	0.000679337037118138	-0.000108537743703448
99.968163	0.000680510279267111	-8.80830830405524e-05
89.115646	0.000681838275241473	-7.67163551812201e-05
79.415741	0.000684200684701122	-6.40453795041595e-05
70.793182	0.000686662873260393	-5.01054366016596e-05
63.082279	0.000690068010013617	-4.19686889557296e-05
56.241825	0.000695877011810057	-3.03666790096634e-05
50.112232	0.000696168939992421	-2.54310540274202e-05
44.671223	0.000698168194005849	-1.79409200096181e-05
39.808899	0.000702628632457523	-1.25288881858836e-05
35.488308	0.000704230043338088	-8.11349271006442e-06
31.629578	0.000708029695679338	3.47425202272424e-08
28.187037	0.000710852630020728	1.01668774497387e-06
25.120602	0.00071394617416122	2.92413516547047e-06
22.385418	0.000718001438375022	6.78739064519715e-06
19.955338	0.000719393383945031	9.02743954630423e-06
17.775894	0.0007240255353881	1.01009596994112e-05
15.846864	0.00072606746718953	1.27294390687894e-05
14.127493	0.000727043165610593	1.20926790341207e-05
12.587309	0.000726846908153995	1.39793267971653e-05
11.216775	0.000729647825227709	1.39869847991039e-05
9.9968166	0.00073505104502553	1.54533399083158e-05
8.9082127	0.000734578929877168	1.64209786004653e-05
7.9395623	0.000736081595270118	1.66853460765568e-05
7.0765615	0.000740496881948674	1.73947205984031e-05
6.3105822	0.000739433453441624	1.65437348517729e-05
5.6245475	0.000740938166033937	1.59896400720626e-05
5.0112233	0.000742193615153997	2.02407231433194e-05
4.4642835	0.000745209916389242	1.54403423580762e-05
3.9819033	0.000745889447968357	1.64960559016245e-05
3.5479143	0.000746303571068054	1.62110974034475e-05
3.1629577	0.000748553029272273	1.80393027583175e-05
2.818361	0.000750160088245462	1.92885961055961e-05
2.5112481	0.000748083559684953	1.72336900814936e-05
2.2398233	0.000751784274480499	1.67302393749371e-05
1.9950197	0.000751959995609724	1.68369384688575e-05
1.7775893	0.000755516275992576	1.67916727974794e-05
1.5846864	0.000755575283438993	1.78493468155398e-05
1.4122353	0.0007541377174612	1.79767107415939e-05
1.2582541	0.000756755577145527	1.93627634065283e-05
1.1224822	0.000758694757255386	1.91628526436266e-05
1.0000616	0.000758980605898468	1.89492526893053e-05
0.89082122	0.00075848814811452	2.09855378980815e-05
0.79444051	0.000761557755093201	2.04438480379749e-05
0.70784986	0.00076139047336889	2.11263491062749e-05
0.63126236	0.000764258187916953	2.34639970936558e-05
0.562536	0.000766245327356164	2.13900344554861e-05
0.50118715	0.000767594765518875	2.50207480325924e-05
0.44642836	0.000767799295827037	2.6140196130407e-05
0.39821118	0.000769921177771099	2.49521881545778e-05
0.35475865	0.000773226040304311	2.64045843510986e-05
0.31619295	0.000773898002466591	2.77381010462416e-05
0.2819173	0.000774944908154238	2.92217791798353e-05
0.25117323	0.000776806379535777	2.8344439310467e-05
0.22391155	0.000778774449522886	3.10676500283409e-05
0.19957349	0.000779330395991811	3.21395455205292e-05
0.17779917	0.000780397752654762	3.35566006261491e-05
0.15846863	0.000785022308250348	3.58375389691913e-05
0.14123619	0.000784743226917745	3.66984672522535e-05
0.12590662	0.000789194694839451	3.9037499574157e-05
0.1122199	0.000791459539273501	4.24561819298834e-05
0.10002181	0.0007935472834013	4.33928952696324e-05
