10002.226	0.00116601150797656	-0.00957904375028731
8914.9326	0.00112563268181317	-0.00857385651930548
7943.9951	0.00108716141294942	-0.0076764628465287
7081.583	0.00105380350013413	-0.00687155163603614
6307.7358	0.00102153650094936	-0.00614752440730121
5622.5879	0.000990845200442295	-0.00550576686494484
5011.603	0.000962794540974998	-0.00492952693838534
4466.4292	0.000937667397481886	-0.00441192176426903
3981.2773	0.000912945843368969	-0.00394969898343633
3548.8679	0.000890191791624365	-0.00353936289287045
3163.0398	0.000872890376331861	-0.00316939015789692
2819.0986	0.000854732243992887	-0.00283749883969585
2512.4104	0.000838428181614595	-0.00254102118983686
2239.2869	0.000822253299766989	-0.00227699255164384
1995.6381	0.000809460609701913	-0.00204053318594009
1778.2897	0.000797078996731234	-0.00182809037355554
1584.4927	0.000783810807718714	-0.00163812685603963
1412.7418	0.00077176258822322	-0.00146892677741031
1258.7905	0.000765722548658502	-0.00131950204418361
1121.7966	0.000756338419430446	-0.00118187283479785
999.68164	0.000746643457012378	-0.00105930438040877
891.42474	0.000738506803917604	-0.000950315865082434
794.23932	0.000731406543788365	-0.000853557067911614
707.96161	0.000724197510170083	-0.000763826992941037
631.00977	0.00071589686730263	-0.000686757993689112
562.33929	0.000709901659856833	-0.000613780154482341
501.12231	0.000703440959162447	-0.000549580912733532
446.57214	0.000699918008267245	-0.000490984514721202
398.08899	0.000693451249574559	-0.000441747296897896
354.88681	0.000689766232688758	-0.000393027357071181
316.31589	0.000687557053128455	-0.00034777919646087
281.8942	0.000682909553625646	-0.000312788751510337
251.20601	0.000679027317323555	-0.000276559123586185
223.92496	0.000679366807153415	-0.000242843027378187
199.55338	0.000677851453462276	-0.000217313500834124
177.78128	0.000677095923561482	-0.000188388583509743
158.52898	0.000676760160557741	-0.000163876995142061
141.21979	0.000676964761109099	-0.000144651650668378
125.92673	0.000677909644767091	-0.000124628420735922
112.19009	0.000676776970894073	-0.000108608513081943
99.968163	0.000680405396840394	-8.9298882041475e-05
89.115646	0.000683936001380412	-7.53589652485258e-05
79.415741	0.000683928912539821	-6.26226340221825e-05
70.793182	0.000686843444999863	-4.9935423707892e-05
63.082279	0.000688043590491965	-4.14244431809115e-05
56.241825	0.000694188394909542	-3.19548995847826e-05
50.112232	0.000694169559073572	-2.41782861021955e-05
44.671223	0.000697891794627766	-1.58248231341495e-05
39.808899	0.000698940212975502	-1.26743489693103e-05
35.488308	0.000704771964594429	-6.59682192144091e-06
31.629578	0.000707325164332127	-1.79003997592808e-06
28.187037	0.00071087668746596	1.76912096066925e-06
25.120602	0.000714532570363641	3.16024455053272e-06
22.385418	0.00071811100667435	7.0778172361314e-06
19.955338	0.000720223775835517	8.26614994044432e-06
17.775894	0.000722518741249256	1.16543195293211e-05
15.846864	0.000726386874908469	1.05888799819756e-05
14.127493	0.000728622581122864	1.28603020925532e-05
12.587309	0.000729813976160725	1.31909797057807e-05
11.216775	0.000730610300375927	1.23238929129926e-05
9.9968166	0.000734485150779839	1.42044750135466e-05
8.9082127	0.000734415629468043	1.68981106671281e-05
7.9395623	0.000734269675134646	1.70443074102334e-05
7.0765615	0.000739083255140936	1.77714670900546e-05
6.3105822	0.000739241545747373	1.81306908740498e-05
5.6245475	0.000741597610703097	1.54831641086116e-05
5.0112233	0.000743976518424427	1.90338561884177e-05
4.4642835	0.000743726130399357	1.66766113544633e-05
3.9819033	0.000744310700287853	1.69295684510283e-05
3.5479143	0.000748143844021285	1.7886773474742e-05
3.1629577	0.000749223341013451	1.84453818689638e-05
2.818361	0.000746482853866451	1.59058495739914e-05
2.5112481	0.000749714481640366	1.51929399799945e-05
2.2398233	0.000752502753001829	1.74647115157241e-05
1.9950197	0.00075200177185826	1.64636046959085e-05
1.7775893	0.000753077031863126	1.66791050941439e-05
1.5846864	0.00075390970731181	1.88158573387993e-05
1.4122353	0.000755109238201806	1.91644451381322e-05
1.2582541	0.000757069540070878	1.88330454228243e-05
1.1224822	0.000758836774031849	2.00998641608878e-05
1.0000616	0.000760821119886229	1.88565944938646e-05
0.89082122	0.000761926180433765	2.02417293166798e-05
0.79444051	0.000760055189407923	2.23699458563947e-05
0.70784986	0.0007614923240359	2.1608251818394e-05
0.63126236	0.000762935447563369	2.36824418413957e-05
0.562536	0.000764635652078187	2.21965793650846e-05
0.50118715	0.000767933326102325	2.29770030712873e-05
0.44642836	0.000768778008206241	2.4365978370676e-05
0.39821118	0.000770050053073977	2.6247127087817e-05
0.35475865	0.000771580084401999	2.57184226339677e-05
0.31619295	0.000773580771427429	2.67045816509504e-05
0.2819173	0.000773647238596974	2.75672193363784e-05
0.25117323	0.000776293442381341	2.84475221163658e-05
0.22391155	0.000779237507136511	2.95473018942743e-05
0.19957349	0.000779964568965904	3.2655668729555e-05
0.17779917	0.000780478113513208	3.41825525123102e-05
0.15846863	0.00078624732792856	3.67476593569016e-05
0.14123619	0.000785225857968421	3.69185653786988e-05
0.12590662	0.000789341038486003	3.85881579035479e-05
0.1122199	0.000789905212579129	4.11429646712386e-05
0.10002181	0.000796020162610458	4.43434417265053e-05
