10002.226	0.00117672041574125	-0.00956935618851603
8914.9326	0.00113433695993978	-0.00856545939924483
7943.9951	0.00109770850103076	-0.00766637236630189
7081.583	0.00105954579710172	-0.00686364849991571
6307.7358	0.00102912001992515	-0.0061439250007024
5622.5879	0.000999581172304257	-0.00549904030566074
5011.603	0.000971486103154938	-0.00492584498096862
4466.4292	0.000944414652906391	-0.00440729145296535
3981.2773	0.000922362734888977	-0.00394626741561972
3548.8679	0.000898743685417818	-0.00353260282389996
3163.0398	0.000880844945956541	-0.00316494105091025
2819.0986	0.000864308315850651	-0.00283304099930355
2512.4104	0.000847533856087104	-0.00253772850744038
2239.2869	0.000830667090780612	-0.00227432528758903
1995.6381	0.000817433115258027	-0.00203703875747016
1778.2897	0.000806993528842193	-0.00182491863261426
1584.4927	0.000794647436406688	-0.00163433310704835
1412.7418	0.000780154973736649	-0.0014662094560214
1258.7905	0.000774673661640386	-0.00131442277392139
1121.7966	0.000763744902359366	-0.00117954927109037
999.68164	0.000755608543476235	-0.00105686192646214
891.42474	0.000748309611008476	-0.000949246408532337
794.23932	0.000740901265314779	-0.000850713666677149
707.96161	0.000732225645823077	-0.000762042876471018
631.00977	0.000726728878835314	-0.000684494585081274
562.33929	0.000720059743832467	-0.000612855419093349
501.12231	0.00071330696710829	-0.000551611275741781
446.57214	0.000709460584842391	-0.000491509540054352
398.08899	0.000702973491251728	-0.000442139753476399
354.88681	0.000700764118593615	-0.000394292791805765
316.31589	0.000699015991480288	-0.000349094970770981
281.8942	0.000692964513654635	-0.000312266206517843
251.20601	0.00068873446531254	-0.000275696149350881
223.92496	0.000688677630720885	-0.000242693207966305
199.55338	0.000686548884307811	-0.000216021625729545
177.78128	0.000685258562059919	-0.000186978139417943
158.52898	0.000687278660210846	-0.000163958864522392
141.21979	0.000687126765801779	-0.000143124151766375
125.92673	0.000687486854768833	-0.000123519635881885
112.19009	0.000686812148143979	-0.000105204060775283
99.968163	0.000691947077424542	-8.86236584443856e-05
89.115646	0.000690784492330381	-7.66549982121465e-05
79.415741	0.000694138779681847	-6.4800215443545e-05
70.793182	0.000693845385482748	-5.18378494729198e-05
63.082279	0.000697859596001096	-4.22290372284573e-05
56.241825	0.000703341263686494	-3.1413533467721e-05
50.112232	0.000703906538528375	-2.4346298869692e-05
44.671223	0.000706218594963902	-1.82242117668597e-05
39.808899	0.000712244361611948	-1.29151097490946e-05
35.488308	0.000715953664603995	-6.2354545109994e-06
31.629578	0.000717929653410282	-2.43813127756938e-06
28.187037	0.00072009618758517	6.59509509054573e-07
25.120602	0.000722265803708255	2.80310673421609e-06
22.385418	0.00072412140253358	6.62775953584875e-06
19.955338	0.000729637634392403	8.78302094157135e-06
17.775894	0.000731052766274593	1.07751459718782e-05
15.846864	0.000734161272698403	1.22278745545596e-05
14.127493	0.000736339913545687	1.40835140568376e-05
12.587309	0.000737165215102384	1.36417685296255e-05
11.216775	0.000740452905883839	1.31039160295945e-05
9.9968166	0.000743107802539686	1.46512756385789e-05
8.9082127	0.000742151296760728	1.48538804198248e-05
7.9395623	0.000743213307324023	1.58304341500409e-05
7.0765615	0.000749034134006164	1.84340563268985e-05
6.3105822	0.000749366561198359	1.53720007920325e-05
5.6245475	0.000752826820845506	1.59486194386489e-05
5.0112233	0.000753234454906656	1.66696429888076e-05
4.4642835	0.000752687841615593	1.67713270904266e-05
3.9819033	0.000754111898539391	1.6913765337997e-05
3.5479143	0.000755534362539321	1.6431733405797e-05
3.1629577	0.000756325296202874	1.74872778224174e-05
2.818361	0.00075712076172077	1.75068402674934e-05
2.5112481	0.000760016725319607	1.50951989393408e-05
2.2398233	0.000760770269170732	1.77130870398904e-05
1.9950197	0.000761247786644447	1.6656549708857e-05
1.7775893	0.000762367522872019	1.71753826572923e-05
1.5846864	0.000764724386183447	1.80928603039371e-05
1.4122353	0.000764620292114795	2.00638077286271e-05
1.2582541	0.000764819753971634	1.84678372666196e-05
1.1224822	0.000767921416659141	1.82174121473765e-05
1.0000616	0.000768807780563102	1.90410774551083e-05
0.89082122	0.000772452233903931	2.0457512710238e-05
0.79444051	0.00077290135092181	2.04165163434301e-05
0.70784986	0.000770960164723234	2.29780673439544e-05
0.63126236	0.000774344483852534	2.09438826926747e-05
0.562536	0.000774918663361679	2.31689629045804e-05
0.50118715	0.000777717768176779	2.26991043448423e-05
0.44642836	0.000778216528162494	2.50581568352142e-05
0.39821118	0.000780152452930647	2.46787833057107e-05
0.35475865	0.00078102555353594	2.64322194640248e-05
0.31619295	0.000780523382355446	3.03980708643921e-05
0.2819173	0.000785000820126727	2.77489361524817e-05
0.25117323	0.000784754123414333	2.80562133363129e-05
0.22391155	0.000787915785528093	3.08215344781431e-05
0.19957349	0.000789892796366186	3.24707383809291e-05
0.17779917	0.000792454681763039	3.33558777608333e-05
0.15846863	0.000791558585979505	3.44716954818163e-05
0.14123619	0.000792880934853523	3.90630455490534e-05
0.12590662	0.000799450447694981	3.82004376497193e-05
0.1122199	0.000802778244236343	4.00309490469149e-05
0.10002181	0.000801245392862909	4.23955346055251e-05
