10002.226	0.00117654413530932	-0.00956710137335652
8914.9326	0.0011343109715023	-0.00856466091089734
7943.9951	0.00109747814854541	-0.00766630465014249
7081.583	0.00106152925574036	-0.00686310615581113
6307.7358	0.00103002739877409	-0.00614026710794685
5622.5879	0.000998611198951678	-0.00550035887932377
5011.603	0.00096981366981975	-0.00492458508429926
4466.4292	0.000946691203205945	-0.00440778480237881
3981.2773	0.000921955896419939	-0.00394620162933069
3548.8679	0.000899676630909937	-0.00353192641411081
3163.0398	0.0008821069854425	-0.00316597788095894
2819.0986	0.0008626717494493	-0.00283430321602501
2512.4104	0.000847891642003358	-0.00253903468758511
2239.2869	0.000830543664410287	-0.00227280947363561
1995.6381	0.000818703383022123	-0.00203575089554423
1778.2897	0.000806857340513778	-0.00182460187116649
1584.4927	0.000794950849102714	-0.00163658169701774
1412.7418	0.000783680813402385	-0.00146607623018544
1258.7905	0.000774243041577882	-0.00131616859781283
1121.7966	0.000764594813169487	-0.00118068908035805
999.68164	0.000755340490854228	-0.00105675889735153
891.42474	0.000745995814234652	-0.000949170748740908
794.23932	0.000742222505425412	-0.000852292017671988
707.96161	0.000734200070326519	-0.000761877490623556
631.00977	0.000724999296436425	-0.000685514988802737
562.33929	0.000719065470183929	-0.000612661439441293
501.12231	0.000712716968217402	-0.000550923561529756
446.57214	0.00070961446278755	-0.000491340093162824
398.08899	0.000702497834309914	-0.000439374032889745
354.88681	0.000697315838728767	-0.000392303497682289
316.31589	0.0006959112304118	-0.000349296733121028
281.8942	0.000692565128300168	-0.000312766116717995
251.20601	0.000689410242573082	-0.000275558000331832
223.92496	0.000689604316752508	-0.000243572711384301
199.55338	0.000688285790679544	-0.00021605780972681
177.78128	0.000686339098976433	-0.000187672830658048
158.52898	0.000684860919718335	-0.000163392719714228
141.21979	0.000684773191012504	-0.00014445970542572
125.92673	0.000685247741227467	-0.000123125173424733
112.19009	0.000689214613696592	-0.000106953152001394
99.968163	0.000689948993738136	-8.80883667693303e-05
89.115646	0.000694800358292998	-7.41123008628472e-05
79.415741	0.000693235496938542	-6.36756538350863e-05
70.793182	0.000694526082206493	-5.1474348682947e-05
63.082279	0.000700508779347848	-4.08489020819085e-05
56.241825	0.000704626540031904	-3.27269181201533e-05
50.112232	0.00070212939377752	-2.18083054878392e-05
44.671223	0.000707696145510029	-1.75185590668705e-05
39.808899	0.000709692387203391	-1.12754721078609e-05
35.488308	0.000716502694027267	-8.51576886786402e-06
31.629578	0.00071640878484216	-2.75615675187654e-06
28.187037	0.00071827881064892	-6.64268193549054e-07
25.120602	0.00072222818269593	3.06346617732709e-06
22.385418	0.000726223507102523	4.97075402408431e-06
19.955338	0.000728041243330808	6.83870411359714e-06
17.775894	0.000731850319575402	1.36965656215279e-05
15.846864	0.000733390872199266	1.17337277631707e-05
14.127493	0.000737495499841437	1.20282837025334e-05
12.587309	0.00074027727969645	1.29320377478377e-05
11.216775	0.000739948041617852	1.40568946492253e-05
9.9968166	0.000743302555714568	1.30606894860733e-05
8.9082127	0.000743047735228766	1.48271581192448e-05
7.9395623	0.000744820925152347	1.70487165523675e-05
7.0765615	0.0007468310306954	1.9604119634052e-05
6.3105822	0.000750055103460886	1.63775911625987e-05
5.6245475	0.000750515092676273	1.48347400467591e-05
5.0112233	0.000751653474820214	1.66160392237582e-05
4.4642835	0.000752502043907115	1.84205225619422e-05
3.9819033	0.000754833228218613	1.54111049718312e-05
3.5479143	0.000755732749595588	1.67607638590269e-05
3.1629577	0.000758677052707197	1.79384723076272e-05
2.818361	0.00075809214987167	1.70135957580564e-05
2.5112481	0.00076108098937032	1.71254608686703e-05
2.2398233	0.000759000139421907	1.54295171282629e-05
1.9950197	0.000760771454606267	1.80971658297323e-05
1.7775893	0.000760731239854389	1.84680215106707e-05
1.5846864	0.000763665118574217	1.72869603464208e-05
1.4122353	0.000764476638439519	1.68281856389819e-05
1.2582541	0.000765711010201382	1.99883459676503e-05
1.1224822	0.000767709698696994	2.00696775141671e-05
1.0000616	0.000768861216820049	2.03274018403762e-05
0.89082122	0.000769775879703698	2.20677510094113e-05
0.79444051	0.000772199047780284	2.09294370610562e-05
0.70784986	0.000771881851812884	2.22318817619531e-05
0.63126236	0.000775498724399762	2.24894603832358e-05
0.562536	0.000774031048192786	2.26476571109714e-05
0.50118715	0.00077586664564502	2.31492303963947e-05
0.44642836	0.000778825393541413	2.5262150372885e-05
0.39821118	0.000779828300272591	2.61244121731087e-05
0.35475865	0.000780276669778932	2.63546484743901e-05
0.31619295	0.000783885364970273	2.63135634281715e-05
0.2819173	0.000785028911304416	2.68111978460414e-05
0.25117323	0.000786811826000869	2.87901990600627e-05
0.22391155	0.000788295568458429	3.09404730221874e-05
0.19957349	0.000788400007500979	3.19914722616165e-05
0.17779917	0.000790641459873213	3.35131377412463e-05
0.15846863	0.000793930451047735	3.43147547666886e-05
0.14123619	0.000796782809433049	3.6195021076126e-05
0.12590662	0.000798481774688039	3.85251570054734e-05
0.1122199	0.000798817998195375	3.89474331192662e-05
0.10002181	0.000801386979502502	4.26138711523224e-05
