10002.226	0.0011754713992981	-0.00956927750970678
8914.9326	0.00113448522896045	-0.00856562918090484
7943.9951	0.0010977020233731	-0.00766651560253541
7081.583	0.00106346142250986	-0.00686183448060945
6307.7358	0.00103085472348037	-0.00614234355394676
5622.5879	0.000999368135104563	-0.0054998616883875
5011.603	0.000971568825944457	-0.00492489593059317
4466.4292	0.000950146700145255	-0.00440779766796164
3981.2773	0.000922849702128815	-0.00394564144753645
3548.8679	0.000898426793576044	-0.00353392550989803
3163.0398	0.000881449464325356	-0.00316570129351374
2819.0986	0.000862170035821528	-0.00283461750241905
2512.4104	0.000847919173488066	-0.00253970890286524
2239.2869	0.000830619828494967	-0.00227574759542357
1995.6381	0.000820250552570919	-0.00203871480260543
1778.2897	0.000807171044264716	-0.00182724660380148
1584.4927	0.000793400088472941	-0.00163584258210013
1412.7418	0.000782376575659743	-0.0014660181847238
1258.7905	0.000772779690449682	-0.00131509357694749
1121.7966	0.00076274616196817	-0.00118139523956424
999.68164	0.000754444217546877	-0.00105680110543867
891.42474	0.000748603258583104	-0.000950274694448716
794.23932	0.000741051769767031	-0.000851398750334035
707.96161	0.000732531871564688	-0.000762388701066586
631.00977	0.000725711557166528	-0.000684984878565446
562.33929	0.000719142812319105	-0.000613406687881058
501.12231	0.000714091324464388	-0.000550847853626995
446.57214	0.000709459549328516	-0.000491038412625591
398.08899	0.000703091685044525	-0.000440460861881798
354.88681	0.000698629838955003	-0.00039318699400905
316.31589	0.000697586496378281	-0.000350400719365262
281.8942	0.000693534643982237	-0.000311715747023139
251.20601	0.00068838300266287	-0.000274418332261146
223.92496	0.000689537737998178	-0.000244456122300776
199.55338	0.000687638027412637	-0.000215932957550682
177.78128	0.000684560607216176	-0.000189249508946439
158.52898	0.000686186101838875	-0.000165533944664124
141.21979	0.000685664549515621	-0.000143710166814957
125.92673	0.000686992677950638	-0.000123445158986256
112.19009	0.000688636261524325	-0.000105732964134571
99.968163	0.000688870575438653	-8.83804391482148e-05
89.115646	0.000690965391446943	-7.55721369412923e-05
79.415741	0.00069467622989693	-6.25382439138993e-05
70.793182	0.000697263489915026	-5.37238889101367e-05
63.082279	0.000697214323030696	-4.09150116687624e-05
56.241825	0.000702191403010784	-3.04031066254661e-05
50.112232	0.000703248462905654	-2.38623972329208e-05
44.671223	0.000707686058255235	-1.84213104209877e-05
39.808899	0.000710299101922299	-1.22271800526938e-05
35.488308	0.000715033925778248	-8.34069460346174e-06
31.629578	0.000716755029872297	-2.65705704108377e-06
28.187037	0.000719076526149599	-2.51594507111232e-07
25.120602	0.000723776781261941	3.38833724452192e-06
22.385418	0.000725774944663918	6.22166878976194e-06
19.955338	0.000729358756217462	8.11758687466548e-06
17.775894	0.000733384079537052	1.1614056196026e-05
15.846864	0.000735079541082014	1.07778700491691e-05
14.127493	0.000737755193080215	1.27735234358194e-05
12.587309	0.000739085743314915	1.32203053941649e-05
11.216775	0.000739842068160948	1.33823357043304e-05
9.9968166	0.000741998491237168	1.44008300769875e-05
8.9082127	0.000744145243882941	1.51068493530278e-05
7.9395623	0.000746813542856266	1.59993823237042e-05
7.0765615	0.000748760617322844	1.65938226128985e-05
6.3105822	0.000751621489326861	1.59158982837499e-05
5.6245475	0.000750354054041579	1.62735641143126e-05
5.0112233	0.000753758374207027	1.67482820062823e-05
4.4642835	0.000753830231906528	1.54448140648124e-05
3.9819033	0.00075481329649895	1.77620007856024e-05
3.5479143	0.000756859060385818	1.63939216593187e-05
3.1629577	0.000758194722169459	1.85765297634226e-05
2.818361	0.00075783884552529	1.78482715861765e-05
2.5112481	0.000758689808170793	1.89326812510957e-05
2.2398233	0.000761581762669341	1.52417028868152e-05
1.9950197	0.000760587469825174	1.71000485275222e-05
1.7775893	0.000763959684368755	1.8437147971129e-05
1.5846864	0.000764106441098831	1.95062592108663e-05
1.4122353	0.00076538412867117	1.92194237861333e-05
1.2582541	0.000765448092976992	1.7131630480447e-05
1.1224822	0.000766062482213236	1.97372022987684e-05
1.0000616	0.000768915733116774	1.93288312495953e-05
0.89082122	0.000769294085656511	2.03548948026622e-05
0.79444051	0.000772447294377276	2.03828466360547e-05
0.70784986	0.000769616079896732	2.10879592151473e-05
0.63126236	0.00077260296829849	2.22185136578051e-05
0.562536	0.000773270365969782	2.26507847371138e-05
0.50118715	0.000776311382009763	2.310542371392e-05
0.44642836	0.000780007581198728	2.34569316862571e-05
0.39821118	0.000780701469359292	2.56545946256983e-05
0.35475865	0.000782478009995873	2.7209548485392e-05
0.31619295	0.000782104492903643	2.87069905735018e-05
0.2819173	0.000783215564827661	2.77599372306308e-05
0.25117323	0.000787801918753075	3.01121244603688e-05
0.22391155	0.000790027723637264	3.13769869755875e-05
0.19957349	0.00078847990706098	3.26772423148707e-05
0.17779917	0.000792226224797169	3.4677457254726e-05
0.15846863	0.000794111815030268	3.44973883453035e-05
0.14123619	0.000795028979076558	3.72240105590348e-05
0.12590662	0.000797138375626636	3.89692937214963e-05
0.1122199	0.000800348116560444	4.09405737621889e-05
0.10002181	0.000801479424830333	4.1233114740829e-05
