10002.226	0.00117567583643039	-0.00956902484829835
8914.9326	0.00113517304142587	-0.00856587685788642
7943.9951	0.00109917158500934	-0.00766661323990851
7081.583	0.00106018994748771	-0.00686323513571345
6307.7358	0.00103176002017291	-0.00614223333162737
5622.5879	0.000999548115123499	-0.0054980976298435
5011.603	0.000969204834637464	-0.00492517732585315
4466.4292	0.000944835112281987	-0.00440758017687423
3981.2773	0.00092056700274921	-0.00394630529622642
3548.8679	0.000899220274715661	-0.0035353934534039
3163.0398	0.000881120664339342	-0.00316392088827705
2819.0986	0.000861471072823374	-0.0028344169524821
2512.4104	0.000847026569645556	-0.00253878041334015
2239.2869	0.000833144382474457	-0.00227515732467179
1995.6381	0.000817206223463483	-0.00203526420972217
1778.2897	0.0008058061623115	-0.00182508532155373
1584.4927	0.000794913778007661	-0.00163620099246409
1412.7418	0.000782082419594449	-0.00146793777006348
1258.7905	0.000775204441075906	-0.00131610462336578
1121.7966	0.000764681254647927	-0.00118191795938581
999.68164	0.000756997228562857	-0.00105764056153093
891.42474	0.000748298539460049	-0.000947284913085932
794.23932	0.000742917252714363	-0.000854016744910296
707.96161	0.000733092853712731	-0.00076415705442681
631.00977	0.000726537084101149	-0.000687317751556832
562.33929	0.000721496664123702	-0.000612731838899607
501.12231	0.000714194595874747	-0.000550536069953561
446.57214	0.000710575202466329	-0.000492478107999686
398.08899	0.000704079718068118	-0.00044176273499371
354.88681	0.000700335104182773	-0.000394051750835992
316.31589	0.000696329184863999	-0.000351008063304881
281.8942	0.000691481784053979	-0.000310540503373388
251.20601	0.00068858640322217	-0.000276450016046664
223.92496	0.00068874729973429	-0.000242249769866523
199.55338	0.000686711470340684	-0.000214579972524436
177.78128	0.000685131854683021	-0.000187325918027142
158.52898	0.000685052546374382	-0.000164075239244027
141.21979	0.000683677595583772	-0.000142774415233622
125.92673	0.000685120175370964	-0.00012235421223962
112.19009	0.000689692065972256	-0.000106797691634436
99.968163	0.000688215384965897	-8.8074890142851e-05
89.115646	0.000690452062099861	-7.72031373529754e-05
79.415741	0.000694932070909713	-6.38002617509318e-05
70.793182	0.000696565041720149	-5.34339805232425e-05
63.082279	0.000697843549593076	-4.06951867616324e-05
56.241825	0.000700833988173402	-3.199500422127e-05
50.112232	0.000704699471328076	-2.36996258128993e-05
44.671223	0.000707492212648278	-1.90873737806524e-05
39.808899	0.000711406059740909	-1.14918411570675e-05
35.488308	0.00071493672502232	-7.43110447325495e-06
31.629578	0.000718199662645037	-1.2576316156613e-06
28.187037	0.000718846034163971	5.16032582731525e-07
25.120602	0.0007241177512494	3.5301313887742e-06
22.385418	0.000725904507823201	6.70553545883895e-06
19.955338	0.000727459619171976	8.11461448930268e-06
17.775894	0.000731069347606835	1.12889331088979e-05
15.846864	0.000733693794806863	9.40153530850144e-06
14.127493	0.000738561401311813	1.35912586395511e-05
12.587309	0.000736453012700078	1.37112914387262e-05
11.216775	0.000739602369306362	1.32532916804993e-05
9.9968166	0.000741785604100463	1.3342063190659e-05
8.9082127	0.000743423640451703	1.50573378171877e-05
7.9395623	0.00074520796176709	1.47216904966461e-05
7.0765615	0.000747104154824639	1.68619423797198e-05
6.3105822	0.000750025693868146	1.89862477312343e-05
5.6245475	0.000752980364740072	1.5429739701774e-05
5.0112233	0.00075263191143662	1.65649875841448e-05
4.4642835	0.000752579388600882	1.74026248598224e-05
3.9819033	0.000754156603618287	1.70491090357217e-05
3.5479143	0.000755705445667939	1.66812462637004e-05
3.1629577	0.000757510468899911	1.74391121911084e-05
2.818361	0.000758476849941634	1.70462301008594e-05
2.5112481	0.000759902607195182	1.50411533813729e-05
2.2398233	0.000759425362704923	1.83430252575288e-05
1.9950197	0.00076203391743277	1.76423806204246e-05
1.7775893	0.000762205970618579	1.70623773918947e-05
1.5846864	0.000764345852423461	1.89587874904738e-05
1.4122353	0.000763168285886267	1.73001073709449e-05
1.2582541	0.000766099219497711	2.03383590012191e-05
1.1224822	0.000767096452990395	2.06643586161049e-05
1.0000616	0.000767668426087442	2.13445138822625e-05
0.89082122	0.000770463908723863	1.83106998017358e-05
0.79444051	0.000771741841404103	2.09438756472666e-05
0.70784986	0.000771180297968436	2.20989650501437e-05
0.63126236	0.00077369707068762	2.22807742927304e-05
0.562536	0.000776337040360593	2.30717660665808e-05
0.50118715	0.000775122489739958	2.34154979814469e-05
0.44642836	0.000779581345928407	2.41555400620567e-05
0.39821118	0.000780606578261301	2.66811341359976e-05
0.35475865	0.000778779338499575	2.78501522872525e-05
0.31619295	0.000781207495678849	2.6903541532617e-05
0.2819173	0.000784504944427867	2.95279059199406e-05
0.25117323	0.000784907756315756	2.75213779698954e-05
0.22391155	0.000787104550950322	3.0972644456165e-05
0.19957349	0.00078925413943894	3.35727957871948e-05
0.17779917	0.000789965284992266	3.39692234845708e-05
0.15846863	0.000793387161315046	3.50449124961239e-05
0.14123619	0.000795600370997035	3.7183410233184e-05
0.12590662	0.000797187192892234	3.66067515063089e-05
0.1122199	0.000799650706708282	4.1904952121357e-05
0.10002181	0.000805082626762319	4.36728019603998e-05
