10002.226	0.00117668784076357	-0.00956783921665612
8914.9326	0.00113352076077026	-0.00856538515978038
7943.9951	0.00109647419315631	-0.00766603249641304
7081.583	0.0010635385921331	-0.00686443955943695
6307.7358	0.00103087189010808	-0.00614102768288838
5622.5879	0.0010002916085135	-0.00550038721086719
5011.603	0.000969887253093525	-0.00492337676311351
4466.4292	0.000947076700298475	-0.00440869862349048
3981.2773	0.000921524517954536	-0.00394714481388669
3548.8679	0.000901059393977703	-0.00353534029204433
3163.0398	0.000882323983610555	-0.00316479661949827
2819.0986	0.00086259331494495	-0.00283292047688242
2512.4104	0.000846432247901983	-0.00253804283103797
2239.2869	0.000830180218085111	-0.00227516910429677
1995.6381	0.000819895225314154	-0.00203739273529833
1778.2897	0.000807666642761659	-0.00182373409700421
1584.4927	0.000794788684633844	-0.00163659050297804
1412.7418	0.000783804202850012	-0.00146546131092847
1258.7905	0.00077295468867025	-0.00131626562099782
1121.7966	0.000765120648926258	-0.00117942695336044
999.68164	0.000755033909097339	-0.00105657175183637
891.42474	0.000746322973328016	-0.000948933343978269
794.23932	0.000740033228117641	-0.000854374351579414
707.96161	0.000732783744166463	-0.000763503382953345
631.00977	0.000725518413183843	-0.000684162901320649
562.33929	0.000719392531756508	-0.000613880601685588
501.12231	0.000713503209068559	-0.000550777290223003
446.57214	0.00070902147413418	-0.000490915970743573
398.08899	0.000702563919617527	-0.000441048109354483
354.88681	0.000698116420154648	-0.000394662696911322
316.31589	0.000697474076152992	-0.000347594907229809
281.8942	0.000692538299179801	-0.000310481670791816
251.20601	0.000686958853065215	-0.000276329250359889
223.92496	0.0006869247711778	-0.000244675463384094
199.55338	0.000686498099848711	-0.000216222220698763
177.78128	0.00068512381461665	-0.000187635116229246
158.52898	0.000686030227265722	-0.000163960164232723
141.21979	0.000685656669813435	-0.000145800155325442
125.92673	0.000685013983852387	-0.000124457439411683
112.19009	0.000688451121463011	-0.000109117978292433
99.968163	0.00069194701900416	-9.01961659430108e-05
89.115646	0.000688515291648872	-7.70457872866704e-05
79.415741	0.000694073714196131	-6.53938872858664e-05
70.793182	0.000695133267213803	-5.13394168139276e-05
63.082279	0.000697396364444594	-4.11308985969197e-05
56.241825	0.00070424929625497	-3.33251820693635e-05
50.112232	0.00070421879960167	-2.42771927426566e-05
44.671223	0.000708197954625856	-1.71915208816815e-05
39.808899	0.000711501595238737	-1.34147159465202e-05
35.488308	0.000713579211634594	-6.88063225801096e-06
31.629578	0.000716979919667927	-2.68388575066119e-06
28.187037	0.000718013430491179	1.38121659880466e-06
25.120602	0.000722718667681024	2.79475648165745e-06
22.385418	0.000726812594458619	6.9607754144769e-06
19.955338	0.000727851583559506	7.59033804786122e-06
17.775894	0.000731634212840444	1.37512886184621e-05
15.846864	0.000733448391617194	1.23959560054684e-05
14.127493	0.000737635538455042	1.2914122423957e-05
12.587309	0.00073668638563864	1.43949458681583e-05
11.216775	0.000740094352195335	1.62336180243988e-05
9.9968166	0.000743297925603171	1.38914909688523e-05
8.9082127	0.000745683492306694	1.33234589697439e-05
7.9395623	0.000744061964008467	1.62760800146059e-05
7.0765615	0.000746833686501446	1.84842855828908e-05
6.3105822	0.000749063413275737	1.67735243456921e-05
5.6245475	0.000749383635574684	1.619864486739e-05
5.0112233	0.00075381437532515	1.83027676710649e-05
4.4642835	0.00075455658288308	1.6531784774217e-05
3.9819033	0.000756059431421198	1.71807773453516e-05
3.5479143	0.000756182781834806	1.93770086381536e-05
3.1629577	0.00075755388379395	1.65289510296288e-05
2.818361	0.000757170290026675	1.80287512793842e-05
2.5112481	0.000759584809202482	1.78643733366843e-05
2.2398233	0.000761668763149708	1.58270786215894e-05
1.9950197	0.000761261373579511	1.56180490236088e-05
1.7775893	0.000763295567254495	1.916879291298e-05
1.5846864	0.00076284724845684	1.75187231693808e-05
1.4122353	0.000764920704744244	1.85332215013576e-05
1.2582541	0.000766168840916403	1.78775176510936e-05
1.1224822	0.000767474236177793	1.81807907100515e-05
1.0000616	0.000769348030455244	1.96522412720796e-05
0.89082122	0.000771485534158235	2.33723623283548e-05
0.79444051	0.000769030358170787	2.12157979456096e-05
0.70784986	0.00077206237281457	2.07490920099461e-05
0.63126236	0.000773366565926479	2.08943457746344e-05
0.562536	0.000775429948089305	2.09332147900645e-05
0.50118715	0.00077679310279423	2.47705957302636e-05
0.44642836	0.000777656276455005	2.36983097082439e-05
0.39821118	0.000779524655486401	2.52633800133944e-05
0.35475865	0.000780552266196867	2.66615334914493e-05
0.31619295	0.000783174526469745	2.89627641840888e-05
0.2819173	0.000784997480007958	2.63618736914763e-05
0.25117323	0.000785874556330621	2.96607197097478e-05
0.22391155	0.000788422669957483	3.07083631156515e-05
0.19957349	0.000789807096888163	3.16913400918429e-05
0.17779917	0.000791358963639119	3.240854803694e-05
0.15846863	0.00079429691720454	3.72562282313746e-05
0.14123619	0.000795342006674631	3.72032897536279e-05
0.12590662	0.00079804236940721	3.86977897120359e-05
0.1122199	0.000800134727974995	4.08383480185289e-05
0.10002181	0.00080117738113326	4.1912848301818e-05
