10002.226	0.00117620399891214	-0.00956911702918931
8914.9326	0.00113309491239633	-0.00856618107421099
7943.9951	0.00109636600614185	-0.00766587722729097
7081.583	0.00106131413441273	-0.00686546547723066
6307.7358	0.00103113964363425	-0.0061398990500285
5622.5879	0.000999237904337243	-0.00549913228631237
5011.603	0.000968922489476716	-0.00492321257412442
4466.4292	0.000945960617922285	-0.00440902296835647
3981.2773	0.000922957228437371	-0.00394640009514175
3548.8679	0.000901014838583513	-0.00353514868166255
3163.0398	0.000884742039620915	-0.00316669982901871
2819.0986	0.000863758859457004	-0.00283418390538447
2512.4104	0.000848707745955012	-0.00253797364886853
2239.2869	0.000831140953138308	-0.00227601370036546
1995.6381	0.00081848517008326	-0.00203722398537336
1778.2897	0.000808922681349202	-0.00182626577571344
1584.4927	0.000793049456823879	-0.00163449711057555
1412.7418	0.000782293394575774	-0.00146722136057049
1258.7905	0.000775043605820503	-0.00131360295531462
1121.7966	0.000765195644751518	-0.00118052335157713
999.68164	0.000755940143662474	-0.00105653122696643
891.42474	0.000747641456466209	-0.000948516197617338
794.23932	0.000740602753568889	-0.000852750880303597
707.96161	0.000730281777375744	-0.000763739241090978
631.00977	0.000726751196255346	-0.000686734797076936
562.33929	0.000721211767151227	-0.000615085733589822
501.12231	0.000713776472803049	-0.000549990264895912
446.57214	0.000708204836457333	-0.000491663675524559
398.08899	0.000703877224129486	-0.000440827541811807
354.88681	0.000700223238096746	-0.000393089876895639
316.31589	0.000695376793661766	-0.000349014012187087
281.8942	0.000691942248347087	-0.000312492060247114
251.20601	0.000687910407293145	-0.000274865130805056
223.92496	0.000686994033601715	-0.000242793752859861
199.55338	0.000686002745033264	-0.000216403719472233
177.78128	0.000684828639134647	-0.000190172836719205
158.52898	0.000684769161699702	-0.000164615221771977
141.21979	0.000685983565070494	-0.000142011937553027
125.92673	0.00068561578439473	-0.000125605888877985
112.19009	0.000688825585549228	-0.000109133162610594
99.968163	0.000689976097376495	-8.89113006775902e-05
89.115646	0.000692702641436269	-7.64835698255518e-05
79.415741	0.000693694973504968	-6.30742144789748e-05
70.793182	0.000697128218085803	-5.0749757846507e-05
63.082279	0.000697553216751983	-4.18091833520494e-05
56.241825	0.000704204281803151	-3.34421480409932e-05
50.112232	0.000703945752089799	-2.46294260747752e-05
44.671223	0.000708038347133232	-1.88364033790246e-05
39.808899	0.000710827171203284	-1.33709665387391e-05
35.488308	0.000714681491349019	-7.14450707254934e-06
31.629578	0.000718910212439572	-2.99214546202152e-06
28.187037	0.0007196673898151	-7.9352382861794e-07
25.120602	0.00072065722314827	3.57603156711831e-06
22.385418	0.000726145955677146	7.36723245615046e-06
19.955338	0.000730064171873247	8.39142122957131e-06
17.775894	0.000730956552802722	1.1037286984167e-05
15.846864	0.00073522862556048	1.09958024565622e-05
14.127493	0.000735616790318473	1.2643031174828e-05
12.587309	0.000738149526688655	1.19583246869801e-05
11.216775	0.00073937517343071	1.57537920044895e-05
9.9968166	0.000740577135739641	1.64981976343846e-05
8.9082127	0.000745834767077672	1.56839070097422e-05
7.9395623	0.000746094450232774	1.67687671241548e-05
7.0765615	0.000748611850311722	1.93791512796382e-05
6.3105822	0.000749940054691228	1.69827710303701e-05
5.6245475	0.000750445523146287	1.53994175531668e-05
5.0112233	0.000752921066646013	1.6762163620335e-05
4.4642835	0.000755905896271856	1.72219411511603e-05
3.9819033	0.000754180244174782	1.71007367136959e-05
3.5479143	0.000754454122144616	1.81479467348862e-05
3.1629577	0.000757567991615988	1.82292966804654e-05
2.818361	0.00076081390228905	1.57038286223973e-05
2.5112481	0.00076062526426655	1.65662138687734e-05
2.2398233	0.000760121367161766	1.74213925743658e-05
1.9950197	0.000761936455626009	1.83209763703041e-05
1.7775893	0.000761974746086375	1.87861381392905e-05
1.5846864	0.000763260972761597	1.70321281771084e-05
1.4122353	0.000764454787115282	1.8627932917253e-05
1.2582541	0.000767476864221863	1.94076921031005e-05
1.1224822	0.000765543589442104	1.98572007079216e-05
1.0000616	0.000768625649359058	1.98175838469822e-05
0.89082122	0.000770806178013426	2.04790872559972e-05
0.79444051	0.000771715680136131	2.28601609370484e-05
0.70784986	0.000772436944957708	2.30758065381329e-05
0.63126236	0.000774827441075327	2.11048330947338e-05
0.562536	0.000774285159865593	2.26274128016183e-05
0.50118715	0.000775344687544278	2.3682450085236e-05
0.44642836	0.000778829895465502	2.39158846362243e-05
0.39821118	0.00078153224582768	2.64968049711264e-05
0.35475865	0.000781740633448217	2.55060585200528e-05
0.31619295	0.000782608799165103	2.71090606654357e-05
0.2819173	0.000786441039513201	2.92026549559732e-05
0.25117323	0.000783481897591305	2.91360390568849e-05
0.22391155	0.000787552762629672	3.16790333193673e-05
0.19957349	0.000787549018874313	3.22488276966102e-05
0.17779917	0.000792382315401792	3.45018770257477e-05
0.15846863	0.000792189481690785	3.29576821490626e-05
0.14123619	0.000797347355657512	3.60403256401713e-05
0.12590662	0.000797516270778456	3.91600589783691e-05
0.1122199	0.000801034185322783	4.16602269505972e-05
0.10002181	0.000801654270911563	4.28231060196745e-05
