10002.226	0.00117561809418027	-0.00956911228897954
8914.9326	0.00113422471229701	-0.00856594188729298
7943.9951	0.00109797935686314	-0.00766698695316048
7081.583	0.00106221551402994	-0.00686474580129038
6307.7358	0.00103087535246465	-0.00613993986352244
5622.5879	0.000999876870347663	-0.00549876592301948
5011.603	0.000972086025798496	-0.00492377089129315
4466.4292	0.000946350023522431	-0.0044082323011748
3981.2773	0.000923427652236969	-0.00394598002218259
3548.8679	0.000897451863995724	-0.00353492237916848
3163.0398	0.000883103007191717	-0.0031647721449138
2819.0986	0.000864355112188567	-0.00283313411828719
2512.4104	0.000847678283441055	-0.00253794537000738
2239.2869	0.000832009424584354	-0.00227584455182317
1995.6381	0.00081886638838615	-0.00203850958584646
1778.2897	0.00080712749417396	-0.00182549932480307
1584.4927	0.000793788235040659	-0.0016349877612265
1412.7418	0.000781657922760078	-0.00146712758020182
1258.7905	0.000774190509934752	-0.0013179836328158
1121.7966	0.000763258490600707	-0.00118035703175683
999.68164	0.00075564823280511	-0.00105465770706256
891.42474	0.000746383630525339	-0.000950582222092154
794.23932	0.000738558514590328	-0.000854285040559016
707.96161	0.000731205422465261	-0.00076363474544136
631.00977	0.000725115650689524	-0.000686828350771387
562.33929	0.000718752365966456	-0.000612149735531435
501.12231	0.000713063951300658	-0.000551288283802765
446.57214	0.000707223151888745	-0.000490478410465858
398.08899	0.000702216616413354	-0.00044075110227868
354.88681	0.000698981070120474	-0.000393087215088599
316.31589	0.000697504391398214	-0.000349728745725527
281.8942	0.000692740213388281	-0.000312191954460139
251.20601	0.000689425412227561	-0.000276039323721253
223.92496	0.000687043600059517	-0.000242489326519008
199.55338	0.00068612831988632	-0.000215730633575663
177.78128	0.000685635219534522	-0.000188067902987898
158.52898	0.000686542469787522	-0.000163885791103145
141.21979	0.000684950150202679	-0.000143730590622879
125.92673	0.000687659400977796	-0.000124202901031504
112.19009	0.000688842584627389	-0.000108391178795888
99.968163	0.000689715783099142	-8.90548716278193e-05
89.115646	0.000692684669067529	-7.57577011298023e-05
79.415741	0.000695781143603331	-6.40347724914313e-05
70.793182	0.000695739389094625	-5.09281565569355e-05
63.082279	0.000698448584896559	-4.18819275062167e-05
56.241825	0.000702912070220399	-3.12099623470407e-05
50.112232	0.000702861469950682	-2.30622086955213e-05
44.671223	0.000707532929196702	-1.85815024730017e-05
39.808899	0.00071084645766595	-1.43477621855959e-05
35.488308	0.000715025622531142	-8.30535255321331e-06
31.629578	0.000716690718839182	-2.92613860201634e-06
28.187037	0.000720210501314656	3.76073077655514e-07
25.120602	0.00072167920418883	3.05643829694356e-06
22.385418	0.000727297274487483	8.69043614495972e-06
19.955338	0.000727869512656321	7.51782328940218e-06
17.775894	0.000731236049553918	1.20146691064139e-05
15.846864	0.000733849000351926	1.12205009283123e-05
14.127493	0.00073761161141094	1.19872438376146e-05
12.587309	0.000738134625811722	1.29895875170703e-05
11.216775	0.000739092133052832	1.4539045539529e-05
9.9968166	0.000742624015683661	1.28889351156726e-05
8.9082127	0.000744339028982049	1.51615833958088e-05
7.9395623	0.000744193020875763	1.67130275253553e-05
7.0765615	0.000747329228406095	1.86265372942518e-05
6.3105822	0.000749611078333363	1.76454727366369e-05
5.6245475	0.000750575257056693	1.6012538410172e-05
5.0112233	0.000752478645701042	1.83979580273427e-05
4.4642835	0.000754246579570404	1.63324618618134e-05
3.9819033	0.000753735960200391	1.74079910005533e-05
3.5479143	0.00075747845311435	1.78360438460109e-05
3.1629577	0.000757548098576833	1.86321865489476e-05
2.818361	0.000760330863854086	1.72191535237503e-05
2.5112481	0.00076030243281498	1.74897513469209e-05
2.2398233	0.000761282800506052	1.59956579319619e-05
1.9950197	0.00076067237716032	1.73035469575577e-05
1.7775893	0.00076346371338291	1.7682661221569e-05
1.5846864	0.000763668590514186	2.1131031171539e-05
1.4122353	0.000765413129133885	1.67727080227533e-05
1.2582541	0.000764725003001832	1.67288330030687e-05
1.1224822	0.000768967345874521	2.14395434512136e-05
1.0000616	0.000768487103226112	1.98235282361908e-05
0.89082122	0.000770733020735868	2.00486294423149e-05
0.79444051	0.000771044516675131	2.08930609708248e-05
0.70784986	0.000772286271606178	2.21730225057124e-05
0.63126236	0.000772552261607034	2.28976206726732e-05
0.562536	0.000775285054079157	2.3302193472453e-05
0.50118715	0.000775554015917662	2.44061332669639e-05
0.44642836	0.000778509866474515	2.360171185546e-05
0.39821118	0.000778631902493839	2.52160284908322e-05
0.35475865	0.000780589113143265	2.59580961692319e-05
0.31619295	0.00078237262259858	2.49226756466977e-05
0.2819173	0.000783181763161399	2.81308629145147e-05
0.25117323	0.000785370683789095	2.81280945897308e-05
0.22391155	0.000787983786433462	3.08443337505376e-05
0.19957349	0.000789663377961761	3.31859877015507e-05
0.17779917	0.000792301460861145	3.28182747064867e-05
0.15846863	0.000795458722491664	3.39349660751266e-05
0.14123619	0.000795526274278094	3.6859801233716e-05
0.12590662	0.000797723327191562	3.9013752747074e-05
0.1122199	0.000799716577370814	4.00340668235142e-05
0.10002181	0.000802840087985311	4.35090119971568e-05
