10002.226	0.00117972627469463	-0.00959933583729577
8914.9326	0.00113907753500929	-0.00859399491485354
7943.9951	0.00110186021677948	-0.00769083972729978
7081.583	0.00106571155415118	-0.00688431745481194
6307.7358	0.00103553103195525	-0.00616227032783027
5622.5879	0.00100416211119681	-0.00551803316556931
5011.603	0.000975951032703009	-0.00494045549187483
4466.4292	0.000952025952067364	-0.00442265442056761
3981.2773	0.000927321020155273	-0.00395678276293532
3548.8679	0.000903913330666036	-0.00354486432099741
3163.0398	0.000885679775548182	-0.00317626197955884
2819.0986	0.000869689581759919	-0.00284283390363463
2512.4104	0.000852757697324026	-0.00254561316210887
2239.2869	0.000837755117861632	-0.00228206534145628
1995.6381	0.000823281520831696	-0.00204405101367431
1778.2897	0.000811517915353017	-0.00183259081074482
1584.4927	0.000798473660866662	-0.00164204662929742
1412.7418	0.000786753038921305	-0.00147116456368883
1258.7905	0.000780047896536182	-0.00131904411489301
1121.7966	0.000769890194966533	-0.00118475024242324
999.68164	0.00076078867792535	-0.00105921098711432
891.42474	0.000753241716217389	-0.000951855397200932
794.23932	0.000744108903088667	-0.000856084715944885
707.96161	0.000736731744848123	-0.00076656994997039
631.00977	0.000731106863574333	-0.000687038650614418
562.33929	0.000724193698499897	-0.000615794164638798
501.12231	0.000719349632422844	-0.000552955927005801
446.57214	0.000714842653644273	-0.000493698191536915
398.08899	0.000706879129782514	-0.000440823820220435
354.88681	0.00070271405444928	-0.000394608544234814
316.31589	0.000702623421072992	-0.000350859203269165
281.8942	0.000698571845717238	-0.000312043571905338
251.20601	0.000692927745698971	-0.000275826557876915
223.92496	0.000693929550103756	-0.000244991671454986
199.55338	0.000689992428693244	-0.000216225456570392
177.78128	0.000690811486111468	-0.000187266291324684
158.52898	0.00069212853236993	-0.000165617907493224
141.21979	0.000689508362602456	-0.000144467029125688
125.92673	0.000692951901213721	-0.000124728227814479
112.19009	0.000694167152690559	-0.000106851699568138
99.968163	0.000693133514823436	-9.1046378754563e-05
89.115646	0.000698319524635849	-7.69867201677164e-05
79.415741	0.00069847729660148	-6.33653356047155e-05
70.793182	0.000701791231479974	-5.22094105670549e-05
63.082279	0.000703256228838868	-4.31915626070384e-05
56.241825	0.000708222934246725	-3.32944162335787e-05
50.112232	0.000708948553804948	-2.2876664601997e-05
44.671223	0.000710788834265508	-1.83780180180575e-05
39.808899	0.000715732700002683	-1.3529140299437e-05
35.488308	0.000720530713598304	-7.43029394024098e-06
31.629578	0.000722805951198526	-3.37130821724618e-06
28.187037	0.000725216711585005	2.89955666102574e-06
25.120602	0.000728994071034678	2.79987807031605e-06
22.385418	0.000731754980176972	7.65850935273232e-06
19.955338	0.000734080068260335	7.15323846093927e-06
17.775894	0.000737547417496021	1.15508218626325e-05
15.846864	0.000739089900535071	1.00535215697365e-05
14.127493	0.000741821146129848	1.09657288823605e-05
12.587309	0.000743254944820063	1.2904680813798e-05
11.216775	0.000743197207996671	1.48926965864134e-05
9.9968166	0.000747238435779047	1.44171706884592e-05
8.9082127	0.000749804438509844	1.56014470466552e-05
7.9395623	0.000748928297310208	1.65932774098667e-05
7.0765615	0.00075242997534357	1.72520582425456e-05
6.3105822	0.000755365919725354	1.82803743810898e-05
5.6245475	0.000754442111979208	1.66819485982429e-05
5.0112233	0.000756579164935725	1.8776957938539e-05
4.4642835	0.000758973362277428	1.62248460415183e-05
3.9819033	0.000759617984039547	1.77662785927627e-05
3.5479143	0.000761011294661288	1.73429556279458e-05
3.1629577	0.000762287764713705	1.8434802820538e-05
2.818361	0.000764397820695862	1.50943488980539e-05
2.5112481	0.000763128357564792	1.83842723596785e-05
2.2398233	0.000764432491789055	1.58871149835579e-05
1.9950197	0.000764221015423601	1.81826655973549e-05
1.7775893	0.000767704129132265	1.62391528794273e-05
1.5846864	0.000770392161741313	1.73616550140563e-05
1.4122353	0.000768856551662122	1.64751181989877e-05
1.2582541	0.000772372405855014	1.88175415906457e-05
1.1224822	0.000771690898531909	1.91199380574259e-05
1.0000616	0.00077442543086142	1.81020606223147e-05
0.89082122	0.000775480046100712	2.08660904693987e-05
0.79444051	0.000776019074705376	2.07023107996137e-05
0.70784986	0.000777842235953379	2.15100318272874e-05
0.63126236	0.000780602167061977	2.15639119933298e-05
0.562536	0.000779645093696125	2.27834035906339e-05
0.50118715	0.00078066360948185	2.39795340990259e-05
0.44642836	0.000782920001020047	2.44724963347311e-05
0.39821118	0.000784963684285288	2.65224918607487e-05
0.35475865	0.000785484912556932	2.68082400533502e-05
0.31619295	0.000785677222118087	2.72826956532834e-05
0.2819173	0.000789265444936374	2.86495719858623e-05
0.25117323	0.000791510393220696	2.97161507688958e-05
0.22391155	0.000792229982711143	3.03974071322064e-05
0.19957349	0.000795440721591851	3.30770233313403e-05
0.17779917	0.000796352708710253	3.38473137386367e-05
0.15846863	0.000798992602269822	3.44834708599097e-05
0.14123619	0.000801215225891618	3.63368317946006e-05
0.12590662	0.000803369839362707	3.84532643662989e-05
0.1122199	0.000804719305468118	4.07301972542285e-05
0.10002181	0.000808249483934805	4.44618683728481e-05
