10002.226	0.00118065934186632	-0.00959850554561203
8914.9326	0.00114029940515163	-0.00859279106565347
7943.9951	0.00110216758400955	-0.00769186207058246
7081.583	0.00107015619463626	-0.00688715787135322
6307.7358	0.00103648565859969	-0.00616060928971298
5622.5879	0.0010045123988583	-0.00551613473528602
5011.603	0.000976584979670287	-0.00493966290135363
4466.4292	0.000950572048353941	-0.00442215789169345
3981.2773	0.00092731477047319	-0.00396057959077619
3548.8679	0.000904391982275086	-0.00354442081492922
3163.0398	0.000886263911256917	-0.00317501143043625
2819.0986	0.000869093513014784	-0.00284177880782082
2512.4104	0.000852015317329005	-0.00254708808955534
2239.2869	0.000836496821924249	-0.00228289281733112
1995.6381	0.000824737102441965	-0.00204264949774761
1778.2897	0.000811290500413017	-0.00183093890488064
1584.4927	0.000799475696286981	-0.00164132560872751
1412.7418	0.000787906671142252	-0.00147138596717251
1258.7905	0.000778524728520234	-0.00131935093003868
1121.7966	0.000771113000319449	-0.00118472813372701
999.68164	0.000761801704645836	-0.00106017350041109
891.42474	0.000749256247304052	-0.000953454589661946
794.23932	0.000747884263576614	-0.000856019397957978
707.96161	0.000735253765834671	-0.000765134118227811
631.00977	0.000730646462014134	-0.000688831785713583
562.33929	0.000724980553744363	-0.000614507340454479
501.12231	0.000719869543041264	-0.000553966069601583
446.57214	0.000713681750384927	-0.000491256140953899
398.08899	0.000708260577911436	-0.000442614999194063
354.88681	0.000703396303813263	-0.00039397056283418
316.31589	0.000703730829670857	-0.000349434389205836
281.8942	0.000698327268168359	-0.00031297393428446
251.20601	0.000694112827347102	-0.000276739030076852
223.92496	0.000694728556354191	-0.000243642261861145
199.55338	0.000694573321908648	-0.000214585189831263
177.78128	0.000691842326127909	-0.000188526116097318
158.52898	0.000691464998126266	-0.000166962542036837
141.21979	0.000690724317720497	-0.000141727975210888
125.92673	0.00069024833566271	-0.000125202607292411
112.19009	0.000691961694955084	-0.000108671997634442
99.968163	0.000694646005668679	-8.99800449109549e-05
89.115646	0.000696451170370809	-7.75048565004244e-05
79.415741	0.000699170969594123	-6.4599079026788e-05
70.793182	0.000700388721873066	-5.24806631220811e-05
63.082279	0.000703714447472823	-4.18807830101281e-05
56.241825	0.000707196568471538	-3.18385036533351e-05
50.112232	0.000708945672067243	-2.39450435851498e-05
44.671223	0.000713586665989743	-1.68046442013208e-05
39.808899	0.000718285189455803	-1.38096869984143e-05
35.488308	0.000721268491059602	-6.75592881500302e-06
31.629578	0.000722014074503043	-5.78670351419607e-07
28.187037	0.000724609409540633	5.62277595334672e-07
25.120602	0.000727994258693127	3.74424788995027e-06
22.385418	0.000731961581726409	7.39258612436769e-06
19.955338	0.000735240809089004	7.27850520921673e-06
17.775894	0.000735964561271438	1.31419367833925e-05
15.846864	0.000740763057151747	9.41769509049144e-06
14.127493	0.00074200187762828	1.46833097984905e-05
12.587309	0.000741718252047694	1.362755093128e-05
11.216775	0.000744288352482452	1.60554951331318e-05
9.9968166	0.000749762258974538	1.45536025200315e-05
8.9082127	0.000749566282906544	1.55786796994074e-05
7.9395623	0.000748558851800464	1.75636931634317e-05
7.0765615	0.000752728395110088	1.63076052405464e-05
6.3105822	0.00075327870348345	1.76917134808808e-05
5.6245475	0.000754536081276187	1.51707708406432e-05
5.0112233	0.000757914503930747	1.82967963949862e-05
4.4642835	0.00075853660679899	1.72877876446344e-05
3.9819033	0.000758445843599764	1.61459512565274e-05
3.5479143	0.000761797751212786	1.60366769069977e-05
3.1629577	0.000762707409436768	1.76872831925661e-05
2.818361	0.000764704869553736	1.670051940113e-05
2.5112481	0.000762954503165726	1.81944747261688e-05
2.2398233	0.000764252614927134	1.80458070071826e-05
1.9950197	0.000767090640610895	1.65556833933265e-05
1.7775893	0.000766691084891468	1.7631358511755e-05
1.5846864	0.000768955365572178	1.91863715977525e-05
1.4122353	0.000769847057802837	1.74358868047404e-05
1.2582541	0.000769978273791205	1.93740095389538e-05
1.1224822	0.000772727863263463	2.10390399905188e-05
1.0000616	0.000773772389963575	2.05871593861652e-05
0.89082122	0.000774479427441168	1.94292052561257e-05
0.79444051	0.000777095489154364	2.1722639078297e-05
0.70784986	0.000777175603244281	2.12093477031611e-05
0.63126236	0.000777793170426775	1.94528570827891e-05
0.562536	0.000780790101729683	2.48013034534325e-05
0.50118715	0.000781546944112143	2.43142535972483e-05
0.44642836	0.000781200002446043	2.50256929484058e-05
0.39821118	0.000785328468024856	2.54502912586605e-05
0.35475865	0.000786568236275419	2.58204487570192e-05
0.31619295	0.000786533829252028	2.70753550418604e-05
0.2819173	0.000789050596365748	2.85391248208108e-05
0.25117323	0.000792367331866467	2.78494388973976e-05
0.22391155	0.000792202318911711	3.17146486210654e-05
0.19957349	0.000795166267413372	3.3687133128763e-05
0.17779917	0.000797883881915517	3.25328481552209e-05
0.15846863	0.000800355651029738	3.40443501072702e-05
0.14123619	0.000800873916158284	3.78529965963916e-05
0.12590662	0.00080258170820847	3.84340990503002e-05
0.1122199	0.00080576365845065	4.29538010160558e-05
0.10002181	0.000809072932118629	4.24220743383087e-05
