10002.226	0.0011794360878144	-0.00960017807795104
8914.9326	0.00114053665504907	-0.00859225156898768
7943.9951	0.0011027850975938	-0.0076910269117751
7081.583	0.00106643003894949	-0.0068859955444904
6307.7358	0.00103756730530156	-0.00616322928633259
5622.5879	0.00100452049940138	-0.00551663469085395
5011.603	0.000976164291056986	-0.00494044715031085
4466.4292	0.000951856136852625	-0.00442037979347135
3981.2773	0.000926126572896669	-0.00395814448142023
3548.8679	0.000905515359364742	-0.00354543654147268
3163.0398	0.00088517440604323	-0.00317599714252073
2819.0986	0.0008664060625176	-0.00284201174747036
2512.4104	0.000851906932656118	-0.00254487707963807
2239.2869	0.000836500055252564	-0.00228160918074884
1995.6381	0.000823794553979276	-0.00204455955795613
1778.2897	0.000812539013747162	-0.00183162392012335
1584.4927	0.000798716216888571	-0.00164282117074473
1412.7418	0.000786339203553501	-0.0014709927038798
1258.7905	0.000778878192969755	-0.00132062400781859
1121.7966	0.00076982054754118	-0.00118403220608863
999.68164	0.000759723370074415	-0.00105937690545935
891.42474	0.000752900135879447	-0.000952496243442021
794.23932	0.000745449163568181	-0.000856277096305401
707.96161	0.000738713308105004	-0.000766344141402238
631.00977	0.000731003391617132	-0.000690236409397904
562.33929	0.000725710610199378	-0.000616993288413479
501.12231	0.000716788136832978	-0.000553192538810932
446.57214	0.000713907095323736	-0.000493134362713011
398.08899	0.000710587461873953	-0.000440737044880128
354.88681	0.0007059356682882	-0.000393293091437348
316.31589	0.000700636342252918	-0.000351113223268148
281.8942	0.000698982821998657	-0.000312959468758063
251.20601	0.000692477411609328	-0.000276069579858788
223.92496	0.000694287580569888	-0.000244799361326861
199.55338	0.000694092676839678	-0.000216276153690187
177.78128	0.000692950900255959	-0.00018799499807588
158.52898	0.000690133591951747	-0.000165542405015654
141.21979	0.000689182949551808	-0.000142518221807805
125.92673	0.000690334917357128	-0.000124497008889345
112.19009	0.000693848099973095	-0.000107899917480225
99.968163	0.000694729486895132	-9.01887678542817e-05
89.115646	0.000695608583416933	-7.54816659759303e-05
79.415741	0.000701026509198775	-6.35861650916704e-05
70.793182	0.000700210294204437	-5.17160954930818e-05
63.082279	0.000703165604379985	-4.29268966978395e-05
56.241825	0.000708288276862476	-3.27984676697428e-05
50.112232	0.000711106883902836	-2.26591864941817e-05
44.671223	0.000711416923174134	-1.66983903558271e-05
39.808899	0.000719074620561257	-1.46598454249112e-05
35.488308	0.000719827674159048	-6.94108207655904e-06
31.629578	0.000721937415654707	-2.45250046352633e-06
28.187037	0.00072453125675925	7.62917435379198e-07
25.120602	0.000728010124378758	5.32003674070135e-06
22.385418	0.00073022951119491	7.20650496925668e-06
19.955338	0.000734217934578024	9.67175218419352e-06
17.775894	0.000737374147157808	1.26927878818452e-05
15.846864	0.000739559636821459	1.04639507450062e-05
14.127493	0.000741838202447874	1.08957356090269e-05
12.587309	0.000743732994116318	1.43741520333573e-05
11.216775	0.00074493697590003	1.42003408974585e-05
9.9968166	0.000746919368725028	1.39370799967568e-05
8.9082127	0.000748316708369558	1.44987599519558e-05
7.9395623	0.000749690849558989	1.55842264344902e-05
7.0765615	0.0007547416663576	1.82415033565999e-05
6.3105822	0.000754133038266397	1.68256023903002e-05
5.6245475	0.000755141526512026	1.4551376400039e-05
5.0112233	0.000756282624853906	1.66342707802557e-05
4.4642835	0.00075884662068125	1.6389321668779e-05
3.9819033	0.000758839168598652	1.61400642606134e-05
3.5479143	0.000762505026859398	1.61324114477585e-05
3.1629577	0.000762869481453321	1.5976261828317e-05
2.818361	0.000763328712353585	1.85046778416467e-05
2.5112481	0.000766302090493422	1.56459039384838e-05
2.2398233	0.000764798496051185	1.7496753110074e-05
1.9950197	0.000764996309649931	1.74577948332445e-05
1.7775893	0.000768331215167373	1.7883350962857e-05
1.5846864	0.000769273313379956	1.78822670047075e-05
1.4122353	0.000769937822983113	1.78088138987126e-05
1.2582541	0.000770945679346501	1.81541221629846e-05
1.1224822	0.00077081662448793	1.98284185255138e-05
1.0000616	0.000774119848773429	1.95304551198285e-05
0.89082122	0.000775807813445724	2.00840659417546e-05
0.79444051	0.000776893385813189	2.06752944199057e-05
0.70784986	0.000777790030592169	2.25057981262056e-05
0.63126236	0.000777793531707818	2.24717687083542e-05
0.562536	0.000779742518629957	2.0954989728537e-05
0.50118715	0.000780469100790529	2.46915347801652e-05
0.44642836	0.000783113994971943	2.28002942412086e-05
0.39821118	0.000785845168004619	2.66077299537515e-05
0.35475865	0.000788375967709535	2.71699241894411e-05
0.31619295	0.000787354144481425	2.68069574066023e-05
0.2819173	0.000789646567851057	2.78284847456151e-05
0.25117323	0.000790254415650356	3.06174690447189e-05
0.22391155	0.000793197837060147	3.06976532989761e-05
0.19957349	0.000795369498312973	3.1489122049207e-05
0.17779917	0.000795927051997208	3.47697714640747e-05
0.15846863	0.000798864558920069	3.63493054014836e-05
0.14123619	0.0007995723582976	3.89030980611835e-05
0.12590662	0.000802670871971878	3.71267263252653e-05
0.1122199	0.000806803285292208	3.9971961389811e-05
0.10002181	0.000809016825932567	4.3315864889671e-05
