10002.226	0.00118089997077514	-0.00959889089985324
8914.9326	0.00113818350741914	-0.00859369189859859
7943.9951	0.00110254625025201	-0.00769228590511537
7081.583	0.00106842751912834	-0.00688618128975889
6307.7358	0.00103687900613461	-0.00616165530065845
5622.5879	0.00100383854126391	-0.00551664441358137
5011.603	0.000975377019852081	-0.00493848806584821
4466.4292	0.000951279416687364	-0.00442200400052581
3981.2773	0.000927491716638069	-0.00396071844690518
3548.8679	0.000905466486827637	-0.00354526567813564
3163.0398	0.000884667840593487	-0.00317678331587525
2819.0986	0.000869363272181015	-0.00284416346860213
2512.4104	0.000854171544050471	-0.00254601168171099
2239.2869	0.000836754411938407	-0.00228155285917535
1995.6381	0.000824681354165488	-0.00204412972365487
1778.2897	0.000813801732808544	-0.00183174527802432
1584.4927	0.000799663202970358	-0.00163941159933731
1412.7418	0.0007891360482338	-0.00147198354031953
1258.7905	0.00077902538547113	-0.00131981853226931
1121.7966	0.000769068514068106	-0.00118360139489201
999.68164	0.00076074919186489	-0.00106129939392947
891.42474	0.000752606475936752	-0.000952466725453252
794.23932	0.000745968032884969	-0.000855848854872726
707.96161	0.000738367346411202	-0.000764612970470299
631.00977	0.00072941470359806	-0.000690126213030553
562.33929	0.000723888214561303	-0.000614959184678004
501.12231	0.000720878857606671	-0.000552494031766137
446.57214	0.000714484031423667	-0.000494174723213249
398.08899	0.000708258020946379	-0.000442069824715557
354.88681	0.000705126368587292	-0.000395278015601092
316.31589	0.000699569797085103	-0.000350524538575233
281.8942	0.000697559010150692	-0.000315377482342329
251.20601	0.000694152214633785	-0.000277118781639822
223.92496	0.000693884291612656	-0.000242341199775869
199.55338	0.000692141646443177	-0.000216749345753986
177.78128	0.000690341098745439	-0.000188757151874312
158.52898	0.000692237903219189	-0.0001641983662893
141.21979	0.000691299362880356	-0.000142818941049881
125.92673	0.000690557388288433	-0.000124482089728141
112.19009	0.00069312321563414	-0.000107599739042944
99.968163	0.00069369352067693	-9.22363779287519e-05
89.115646	0.000696994825049853	-7.61086554994038e-05
79.415741	0.000698788416441357	-6.30839690703918e-05
70.793182	0.000701919300432747	-5.15658709361808e-05
63.082279	0.000704664514540106	-4.22512554145417e-05
56.241825	0.000709216243299865	-3.1853528518713e-05
50.112232	0.000711329062665866	-2.14443544746796e-05
44.671223	0.000711441810272618	-1.74725424784705e-05
39.808899	0.000714288314488961	-1.40274470415876e-05
35.488308	0.00071926338240386	-7.19883355331854e-06
31.629578	0.000724065983611817	-2.56606166313297e-06
28.187037	0.000724709911163331	2.42339682863608e-06
25.120602	0.000727579466818822	4.97219075701687e-06
22.385418	0.000730518573989637	6.39775228398541e-06
19.955338	0.000735343815455134	7.73414569856746e-06
17.775894	0.000735765463740637	1.10194914431346e-05
15.846864	0.000737413652341448	1.03599594629222e-05
14.127493	0.000739740273757912	1.37127964780888e-05
12.587309	0.000741201124725043	1.45037925782055e-05
11.216775	0.000743911607841385	1.37926978335212e-05
9.9968166	0.000749247766794909	1.32115904662237e-05
8.9082127	0.00074959390901803	1.55164978762581e-05
7.9395623	0.000752342521466588	1.48010854533378e-05
7.0765615	0.000752764888414447	1.63443041759816e-05
6.3105822	0.000754943661887054	1.81968134615907e-05
5.6245475	0.000754022447635692	1.62573379080769e-05
5.0112233	0.000756637418234067	1.76875569435736e-05
4.4642835	0.000759584118349893	1.6732079070684e-05
3.9819033	0.000759825842181105	1.9150512210155e-05
3.5479143	0.000759524670501222	1.61443273183731e-05
3.1629577	0.000764174338931082	1.7758521910769e-05
2.818361	0.000764346415532433	1.8365626461541e-05
2.5112481	0.000765803198766233	1.63016796598212e-05
2.2398233	0.000764923801652265	1.64886632871743e-05
1.9950197	0.000765336487678943	1.8374224782783e-05
1.7775893	0.000765011786116581	1.59432596886153e-05
1.5846864	0.000769609498769984	1.85946986544014e-05
1.4122353	0.000769937363853729	1.78341140657398e-05
1.2582541	0.000771677149374847	1.74456739431326e-05
1.1224822	0.000772544928812508	1.95029665061111e-05
1.0000616	0.000772071685829077	1.95973142006934e-05
0.89082122	0.000774719395177713	2.01093923752542e-05
0.79444051	0.000775734914608207	2.08959770055209e-05
0.70784986	0.00077762974486507	2.1158470995198e-05
0.63126236	0.000779892821666186	2.16768013511114e-05
0.562536	0.000780098575189391	2.2245149524948e-05
0.50118715	0.000781780876411311	2.32299148423768e-05
0.44642836	0.000784698679598081	2.30374128717863e-05
0.39821118	0.000785538618854838	2.60394487548698e-05
0.35475865	0.000784824920267337	2.51347522198038e-05
0.31619295	0.000789479159792885	2.7493386130677e-05
0.2819173	0.000790442390547706	2.78786590881757e-05
0.25117323	0.000789176092432792	2.82790293270043e-05
0.22391155	0.000793643905089841	3.14236557195561e-05
0.19957349	0.000795654927607749	3.23323601376606e-05
0.17779917	0.000795937737746266	3.54302723263807e-05
0.15846863	0.000798233388013368	3.60820980720142e-05
0.14123619	0.000801207931859915	3.58537304486755e-05
0.12590662	0.000801125787309484	3.75939961919532e-05
0.1122199	0.000804226501674899	4.04342914512669e-05
0.10002181	0.000805728883958223	4.39404732151556e-05
