10002.226	0.00118131493555144	-0.00960206092504726
8914.9326	0.0011399941542047	-0.00859282354270806
7943.9951	0.00110205464187881	-0.00769183799712271
7081.583	0.00106792530021761	-0.00688683932613931
6307.7358	0.0010370854362309	-0.00616089049190451
5622.5879	0.00100435724246556	-0.00551593195483951
5011.603	0.000976576729940887	-0.00494228844449596
4466.4292	0.000951620964602968	-0.00442119392224122
3981.2773	0.000926959667616895	-0.00395951283926619
3548.8679	0.000903845449540226	-0.003544992402079
3163.0398	0.000886438096908218	-0.00317619641109034
2819.0986	0.000868436155259904	-0.00284238259298996
2512.4104	0.000849705673380004	-0.00254667985516333
2239.2869	0.000838143577026057	-0.00228300083398595
1995.6381	0.000823754528731243	-0.0020439375033178
1778.2897	0.000812735191342991	-0.00183087525135335
1584.4927	0.000797923725666251	-0.00164215294068909
1412.7418	0.00078701437532283	-0.00147084345502075
1258.7905	0.000779127598759915	-0.00131871076425885
1121.7966	0.00077068901380399	-0.00118302364002614
999.68164	0.000758844035670316	-0.00106041058702833
891.42474	0.000752730797736132	-0.000953821667970843
794.23932	0.000747396139733842	-0.000856985310086861
707.96161	0.000737777878543144	-0.000765099929661525
631.00977	0.000731577873464074	-0.000688027229551674
562.33929	0.000725026820696972	-0.000615584199448947
501.12231	0.000719544660075872	-0.0005515870297911
446.57214	0.000713720389972844	-0.000493949120552371
398.08899	0.000709778319974946	-0.000439975488587163
354.88681	0.000705627213271383	-0.000394308956639518
316.31589	0.000702908069562727	-0.000350037673029268
281.8942	0.000698109915291397	-0.00031339074827536
251.20601	0.000693961422789214	-0.000277339241563286
223.92496	0.000693270904433416	-0.000244321677612284
199.55338	0.000692027420166989	-0.00021557918228908
177.78128	0.000689614156814097	-0.000189597017663835
158.52898	0.00069131606127627	-0.000164812127731455
141.21979	0.00069093620798888	-0.000142889290649015
125.92673	0.000691458324966021	-0.000123919621081786
112.19009	0.000694284293933518	-0.000107536574210093
99.968163	0.00069477863759398	-8.93298739905774e-05
89.115646	0.000697478986747307	-7.49645879882917e-05
79.415741	0.000699435889925307	-6.4868386098531e-05
70.793182	0.000700864122760685	-5.09302282881385e-05
63.082279	0.000704617568801354	-3.99950392326097e-05
56.241825	0.000707458227478468	-3.31437739458163e-05
50.112232	0.000709872094751843	-2.40012555544307e-05
44.671223	0.00071244783202537	-1.77466084626274e-05
39.808899	0.000716434341958719	-1.27427433026102e-05
35.488308	0.000718973881783652	-7.46052476995431e-06
31.629578	0.000722158270283033	1.61923608296851e-07
28.187037	0.000726432193514739	1.57840102806147e-06
25.120602	0.000727749564476678	2.07776838921633e-06
22.385418	0.000731764645681787	7.29896540692737e-06
19.955338	0.000734784086353483	9.06401862799431e-06
17.775894	0.000737357728580233	1.12619743211301e-05
15.846864	0.000739644395718891	1.12609670021234e-05
14.127493	0.000742633243201085	1.20021697070938e-05
12.587309	0.000743171874703989	1.16462958989441e-05
11.216775	0.000745932761061228	1.51680616237643e-05
9.9968166	0.000746591958969729	1.41901617260932e-05
8.9082127	0.000749466140419031	1.45909822942414e-05
7.9395623	0.000749352943632951	1.71892269611938e-05
7.0765615	0.000753121273602112	1.71321812103116e-05
6.3105822	0.000754349978167442	1.70977874376003e-05
5.6245475	0.000755023324029128	1.59764959675689e-05
5.0112233	0.000757650161691365	1.75588651186408e-05
4.4642835	0.000759974710214145	1.66536515040162e-05
3.9819033	0.000760394501478606	1.72830885525796e-05
3.5479143	0.000762451508392064	1.68533121087764e-05
3.1629577	0.000761756654103974	1.74503035165833e-05
2.818361	0.000765643578973221	1.62096067319228e-05
2.5112481	0.000764618269727108	1.58047861761239e-05
2.2398233	0.000765238603872861	1.81044660049784e-05
1.9950197	0.000765926125630905	1.69185422278637e-05
1.7775893	0.000766619438859258	1.63000834131548e-05
1.5846864	0.000769275553862095	1.75533286933864e-05
1.4122353	0.000768078177781439	1.75003417462305e-05
1.2582541	0.000770767615290894	1.85624450501173e-05
1.1224822	0.000773431264178157	1.87721832567732e-05
1.0000616	0.000773412381018486	2.21626305610823e-05
0.89082122	0.000774757818505018	2.04378676177713e-05
0.79444051	0.000775892298674117	2.07944993725014e-05
0.70784986	0.000777321589719074	2.18129567750493e-05
0.63126236	0.000778774174132074	2.23662729862059e-05
0.562536	0.000780686166889613	2.2117490577878e-05
0.50118715	0.000781546794732498	2.25577433983494e-05
0.44642836	0.000784777879546447	2.57903413154325e-05
0.39821118	0.000786525681182303	2.5165584416884e-05
0.35475865	0.000787651219681085	2.76615694944326e-05
0.31619295	0.000787919548252527	2.69285162494571e-05
0.2819173	0.000788704996117796	2.88737572903943e-05
0.25117323	0.000791630716138613	2.7277554254399e-05
0.22391155	0.000792295861940636	3.27459113659447e-05
0.19957349	0.000794499509161949	3.14989481516204e-05
0.17779917	0.000797107293003378	3.49507280172606e-05
0.15846863	0.000798407818576297	3.67867440719494e-05
0.14123619	0.000801360362353642	3.71591173953745e-05
0.12590662	0.000805111393031448	3.80881801147195e-05
0.1122199	0.000804516603501433	4.10720709253745e-05
0.10002181	0.000808165161407102	4.21363120144954e-05
