10002.226	0.00116732058681094	-0.00949739949477092
8914.9326	0.00112545825782235	-0.00850234230701994
7943.9951	0.00108768990110393	-0.00760880462299432
7081.583	0.00105390574054524	-0.00681282364049993
6307.7358	0.00102170245568614	-0.00609626558852074
5622.5879	0.000989505002298168	-0.00545716809662463
5011.603	0.000961053310486339	-0.00488753667704074
4466.4292	0.000938868157244999	-0.00437514876575898
3981.2773	0.000912417617576914	-0.00391633212887318
3548.8679	0.00088995164144508	-0.00350742236197399
3163.0398	0.000872812946331017	-0.00314234117497014
2819.0986	0.000855543181336727	-0.00281175933751159
2512.4104	0.000839762528494272	-0.00251939945468661
2239.2869	0.000820370834194168	-0.00225793833250744
1995.6381	0.000809691618403931	-0.00202112460239238
1778.2897	0.000797016221917849	-0.00181254613307992
1584.4927	0.000786269113109056	-0.00162406311252553
1412.7418	0.000772528010162701	-0.00145631304169389
1258.7905	0.000765596976981545	-0.00130297936023997
1121.7966	0.00075575760001773	-0.00117185127157778
999.68164	0.000746768342384941	-0.00104951272155846
891.42474	0.000737223406890738	-0.000940921640555407
794.23932	0.00073145089097745	-0.000848226906830566
707.96161	0.00072263645268135	-0.00075767047216203
631.00977	0.000715843090278704	-0.000680337878280175
562.33929	0.00071101861693158	-0.0006096861471504
501.12231	0.000703517916378249	-0.000546895752508742
446.57214	0.000700816280819471	-0.000487650076700074
398.08899	0.000694511551583864	-0.000436376804416532
354.88681	0.000688563748623421	-0.000389858685432922
316.31589	0.000688122982179927	-0.000345612599518737
281.8942	0.00068225806507623	-0.000308105508266978
251.20601	0.000678089114862022	-0.000273934545146475
223.92496	0.000679192823510154	-0.000242298509630333
199.55338	0.000679531081947902	-0.000213365560922607
177.78128	0.000677729685934906	-0.000186896517803916
158.52898	0.000676774156898871	-0.000162300687779662
141.21979	0.000676822850294227	-0.000143848022052608
125.92673	0.000675672143668057	-0.000122192364593432
112.19009	0.000679493767978681	-0.000103955301492866
99.968163	0.000679174762110484	-8.88330251178064e-05
89.115646	0.00068098931614881	-7.58240890306251e-05
79.415741	0.000685547295744069	-6.10195274373286e-05
70.793182	0.00068614090352666	-5.017487260583e-05
63.082279	0.0006906480064247	-4.31242210424772e-05
56.241825	0.000693777096413297	-3.28275295483548e-05
50.112232	0.000696635406498152	-2.35641390017296e-05
44.671223	0.000697915822419851	-1.78302885965042e-05
39.808899	0.000702647713475956	-1.24229163178256e-05
35.488308	0.000704428007555322	-8.9831755002768e-06
31.629578	0.000709550621321983	-4.00763505408174e-06
28.187037	0.000711420003421101	-2.15703199817036e-07
25.120602	0.000714196158250959	3.71941068800328e-06
22.385418	0.000718811077975146	6.07273975266131e-06
19.955338	0.000719185110925241	8.25446205169158e-06
17.775894	0.000724021458506866	1.28634373755334e-05
15.846864	0.000725470567439441	1.10445927709084e-05
14.127493	0.000726853043838925	1.40145912530999e-05
12.587309	0.000727303937429956	1.50286888435501e-05
11.216775	0.00073061683762153	1.55552936195023e-05
9.9968166	0.000733819215337952	1.36333518592311e-05
8.9082127	0.000735918749516703	1.75872978943707e-05
7.9395623	0.000735943242479102	1.58935709999205e-05
7.0765615	0.000738081766983301	1.63519386064647e-05
6.3105822	0.000741673058750376	1.78589851497004e-05
5.6245475	0.000742200478675474	1.57292553590054e-05
5.0112233	0.000742203522861958	1.74814806184936e-05
4.4642835	0.000745530288962984	1.52593891089309e-05
3.9819033	0.00074430878942396	1.57222894826625e-05
3.5479143	0.000746550667455685	1.82152937766133e-05
3.1629577	0.000748841439637742	1.7264064039002e-05
2.818361	0.000749366329301	1.72536333291686e-05
2.5112481	0.000751752292940146	1.47177119124857e-05
2.2398233	0.000750993141703192	1.60936764963788e-05
1.9950197	0.000751903211950839	1.69753458046645e-05
1.7775893	0.000752058249462076	1.73016843286655e-05
1.5846864	0.000754826153273256	1.95245489247356e-05
1.4122353	0.000755079463258251	1.64803320980443e-05
1.2582541	0.000755255429154442	1.95354825745551e-05
1.1224822	0.000758725814377946	1.92517790054935e-05
1.0000616	0.000760552715375339	2.04276986892289e-05
0.89082122	0.000761314456320463	1.98229088827813e-05
0.79444051	0.00076145421436446	2.07853862801576e-05
0.70784986	0.000763192897898396	2.00866283818132e-05
0.63126236	0.000764008327662527	2.36841548026736e-05
0.562536	0.000765045268836808	2.20033896091302e-05
0.50118715	0.00076724763087107	2.39320208429518e-05
0.44642836	0.000769167422468609	2.50710089024803e-05
0.39821118	0.000769670015352842	2.50419169364059e-05
0.35475865	0.000770875682862108	2.71483544607521e-05
0.31619295	0.000773331170969023	2.74899588157842e-05
0.2819173	0.000774648326589649	2.86535983167118e-05
0.25117323	0.000775363641762264	2.86975191595081e-05
0.22391155	0.000781057892281831	3.27785443315389e-05
0.19957349	0.000780519861780708	3.24465792550822e-05
0.17779917	0.000782458750631757	3.55919263679085e-05
0.15846863	0.000784834813450547	3.49551128958613e-05
0.14123619	0.000786653163897987	3.79198935258562e-05
0.12590662	0.000788768147466755	3.90974345390401e-05
0.1122199	0.000789755119805217	3.99467508999825e-05
0.10002181	0.000793699569296992	4.23853518894951e-05
