10002.226	0.00116680439431962	-0.00949702646974566
8914.9326	0.00112518202143905	-0.00850226355115966
7943.9951	0.00108778622532181	-0.0076101117318357
7081.583	0.0010542635843415	-0.00681190073470316
6307.7358	0.00102193569307446	-0.00609589458204106
5622.5879	0.000989630176325385	-0.00545785555229715
5011.603	0.000962552769643166	-0.00488906443850551
4466.4292	0.000936422870757673	-0.00437718403355716
3981.2773	0.000914782941295718	-0.00391409939959223
3548.8679	0.000890136167900213	-0.00350799680317446
3163.0398	0.000872439001332195	-0.00314418382927884
2819.0986	0.000855809108175387	-0.00281402111062994
2512.4104	0.000838146408644757	-0.00251871283633651
2239.2869	0.000822445636202538	-0.00225908348004396
1995.6381	0.000809687349005284	-0.00202272550588068
1778.2897	0.000798764148312413	-0.00181181234995136
1584.4927	0.000784367723136711	-0.00162325007338577
1412.7418	0.000774139159833178	-0.00145584949164372
1258.7905	0.000765260945147992	-0.00130363759367552
1121.7966	0.000755555503082178	-0.00117102865388199
999.68164	0.000746562681540982	-0.00105038073407506
891.42474	0.000738484554796906	-0.000942156133291683
794.23932	0.000731675395149851	-0.000846555567947852
707.96161	0.000724468551512827	-0.000757188885167521
631.00977	0.000717165331115583	-0.000680194503838429
562.33929	0.000712111163262649	-0.000607978878397858
501.12231	0.000705442982078623	-0.000546181277222632
446.57214	0.000699463810339333	-0.000487744911397695
398.08899	0.00069542895791078	-0.000436689324202941
354.88681	0.000690574740937911	-0.000388489447790337
316.31589	0.000688814514847045	-0.000345470818284202
281.8942	0.000685303598982724	-0.000308862343161132
251.20601	0.000681223440394552	-0.000273845989029711
223.92496	0.000679520394438923	-0.000240119437155553
199.55338	0.000677721737357305	-0.000214636436456502
177.78128	0.000676777353378515	-0.000185984406672526
158.52898	0.000677484488391278	-0.000163101507312712
141.21979	0.000677247143116945	-0.000142306576004935
125.92673	0.000675480396409652	-0.000122426753701314
112.19009	0.000680218357939892	-0.000106895684596827
99.968163	0.000679757925807515	-8.95161312443072e-05
89.115646	0.000683740375353087	-7.75125601685972e-05
79.415741	0.000685582894619494	-6.14485608147553e-05
70.793182	0.000687701047021066	-5.11214582050517e-05
63.082279	0.000688111723210349	-4.06171088123607e-05
56.241825	0.000693495789932698	-3.15061187321884e-05
50.112232	0.000692206270960544	-2.39387926524965e-05
44.671223	0.000698817160562257	-1.56083066099858e-05
39.808899	0.000702932177274942	-1.24331048786687e-05
35.488308	0.000704224275905416	-7.77498195735061e-06
31.629578	0.000708386179850229	-2.21236084102904e-07
28.187037	0.000710340317118304	-3.50937231603362e-07
25.120602	0.000714871316678155	3.79519050309235e-06
22.385418	0.000717626667467687	5.56733354709565e-06
19.955338	0.000718704026377496	9.05259349857612e-06
17.775894	0.000723887631625649	1.15171907127838e-05
15.846864	0.000724855926756554	1.2187659634285e-05
14.127493	0.000727548710319428	1.28395755135443e-05
12.587309	0.000728995473467739	1.35662969832461e-05
11.216775	0.000730739890542729	1.50622934314304e-05
9.9968166	0.000734165662107816	1.39449461892089e-05
8.9082127	0.000734279968077545	1.27732351118247e-05
7.9395623	0.000735370598201114	1.58651598450891e-05
7.0765615	0.000738979093630875	1.64922079983977e-05
6.3105822	0.000741973509918731	1.70396250578668e-05
5.6245475	0.000740642063997085	1.73110764109813e-05
5.0112233	0.000744202248225879	1.73465422759424e-05
4.4642835	0.000744206452151349	1.58022511342799e-05
3.9819033	0.000746069515772967	1.77820879616126e-05
3.5479143	0.000746591946415091	1.54669832856264e-05
3.1629577	0.000749042013710783	1.69002983045261e-05
2.818361	0.000749455248551447	1.72574161496391e-05
2.5112481	0.000749282010635088	1.65036565859709e-05
2.2398233	0.000750414954205658	1.60112379233361e-05
1.9950197	0.000750875613282564	1.78420230099047e-05
1.7775893	0.000752227647676549	1.690790812776e-05
1.5846864	0.000755251015406435	1.81726618868465e-05
1.4122353	0.000754916401542156	1.66035164663083e-05
1.2582541	0.000756050448388185	2.03303958848931e-05
1.1224822	0.000758510803917157	2.07367185220239e-05
1.0000616	0.000759793067439175	2.01657039275001e-05
0.89082122	0.000762275001880159	2.13900139634031e-05
0.79444051	0.000761056875350261	2.00646739175206e-05
0.70784986	0.000761503925504453	2.15748815652596e-05
0.63126236	0.000765069375702542	2.21918101013291e-05
0.562536	0.000767097109450763	2.35442123502389e-05
0.50118715	0.00076678692305187	2.37143997724503e-05
0.44642836	0.00076819744033096	2.28048291970572e-05
0.39821118	0.000770536464334757	2.61159762053685e-05
0.35475865	0.000773271886939698	2.74815670730152e-05
0.31619295	0.000773802060208759	2.93440875293893e-05
0.2819173	0.00077618430508374	2.79312701019497e-05
0.25117323	0.000776078852025618	2.81992802159523e-05
0.22391155	0.000776882932877202	3.24436387134294e-05
0.19957349	0.000780214092719516	3.19531372364976e-05
0.17779917	0.000783041336204054	3.45836992433518e-05
0.15846863	0.000786351040665654	3.51103225330207e-05
0.14123619	0.000784286029523374	3.60877426657567e-05
0.12590662	0.00078842024451666	3.92958687435934e-05
0.1122199	0.000792207105681196	3.96262972096454e-05
0.10002181	0.000794753102600236	4.18073612644179e-05
