10002.226	0.00116846017222125	-0.00949657323781177
8914.9326	0.00112532160306965	-0.00850176687029322
7943.9951	0.00108750207897705	-0.00760962976702294
7081.583	0.00105405969462438	-0.00681197611289219
6307.7358	0.00102289577236453	-0.0060968689375586
5622.5879	0.000990287929403229	-0.00545697719981583
5011.603	0.000960647103265187	-0.00488809363504921
4466.4292	0.00093705795065266	-0.00437256918800502
3981.2773	0.000913352211689236	-0.00391659749289085
3548.8679	0.000890093520942997	-0.00350575274792212
3163.0398	0.000872645453263344	-0.00314046304652278
2819.0986	0.000855053413060841	-0.00281150362065529
2512.4104	0.000836986727018542	-0.00252003306014949
2239.2869	0.000824448293893784	-0.002258229195358
1995.6381	0.000810409808808907	-0.0020225342780923
1778.2897	0.000796287997692275	-0.00181063011943744
1584.4927	0.000784853421585737	-0.00162333288969952
1412.7418	0.000772850787546659	-0.00145531519929449
1258.7905	0.000767083043019524	-0.00130743794877273
1121.7966	0.00075444892887242	-0.00117010813165094
999.68164	0.000747548822470659	-0.0010510419434433
891.42474	0.000739400325313066	-0.00094195860125567
794.23932	0.000731671413443633	-0.00084649159720778
707.96161	0.000721964853950281	-0.000757943627310022
631.00977	0.000715186353876134	-0.000681271046254176
562.33929	0.000711333776530501	-0.000609737078269841
501.12231	0.000704960619989528	-0.000544884745914797
446.57214	0.000698202660949866	-0.000489245365544986
398.08899	0.000694458988735795	-0.000437916701503909
354.88681	0.000689945051668911	-0.00038859097154167
316.31589	0.0006884114592856	-0.00034565967453929
281.8942	0.0006845554657934	-0.00030932210291493
251.20601	0.000680911281842736	-0.000274329189541343
223.92496	0.000678952232690047	-0.000242546090174713
199.55338	0.000676794461478704	-0.000212876152996415
177.78128	0.000676739950570547	-0.000186253539489363
158.52898	0.000677962152162836	-0.000162620038929242
141.21979	0.000675974564562391	-0.000143163103696966
125.92673	0.000675977489126004	-0.000121274055708541
112.19009	0.000678552167514495	-0.000105628353052203
99.968163	0.000679183847717868	-8.83941440334454e-05
89.115646	0.0006838659060234	-7.455567604395e-05
79.415741	0.000685007354201465	-6.07513795763091e-05
70.793182	0.000686663123248988	-5.04818126338324e-05
63.082279	0.00068748177213717	-4.11114774192127e-05
56.241825	0.000694052678535953	-3.14658252430737e-05
50.112232	0.000693085450987439	-2.37127162363868e-05
44.671223	0.000696998910394962	-1.67066092728313e-05
39.808899	0.000700387770882551	-1.38342889721308e-05
35.488308	0.000705826301814348	-7.83219921765457e-06
31.629578	0.000708077225650483	-3.43420133893431e-06
28.187037	0.000709651722894944	-1.60155377364352e-06
25.120602	0.000713198042955699	4.20060074415623e-06
22.385418	0.000716150242241238	6.43166955174198e-06
19.955338	0.000718032280542524	9.45559362194016e-06
17.775894	0.000725241796328987	1.11587386885726e-05
15.846864	0.000724231005706811	1.03485263088622e-05
14.127493	0.000724556730069256	9.78065240577151e-06
12.587309	0.000727886356478939	1.46412531496428e-05
11.216775	0.000729456422328781	1.3335950929351e-05
9.9968166	0.000735011438511143	1.31356147836953e-05
8.9082127	0.000732754645765249	1.63420263626337e-05
7.9395623	0.000733874683610475	1.52895642335628e-05
7.0765615	0.000739281375368389	1.66478226909943e-05
6.3105822	0.000740877657644067	1.77093481394266e-05
5.6245475	0.000741036484508862	1.50214259341654e-05
5.0112233	0.000742182919706214	1.90568967140613e-05
4.4642835	0.000744754122549301	1.65891103836476e-05
3.9819033	0.000745610088151495	1.7259459171636e-05
3.5479143	0.000745780886576266	1.7782881789127e-05
3.1629577	0.000748921112820075	1.97408696277505e-05
2.818361	0.000749991211840034	1.78162781753884e-05
2.5112481	0.000748021626387409	1.81366865957771e-05
2.2398233	0.000750934183673852	1.73841800425313e-05
1.9950197	0.000752947668234818	1.6818234112996e-05
1.7775893	0.000753305081974831	1.74191334968989e-05
1.5846864	0.000754965439015253	1.68312631747141e-05
1.4122353	0.000755660606444389	1.86149310637226e-05
1.2582541	0.000754978842167858	1.85310377237344e-05
1.1224822	0.000758426535920369	1.94531229289497e-05
1.0000616	0.000760551132864904	2.11029045950107e-05
0.89082122	0.000759195545927289	1.96764009191882e-05
0.79444051	0.000762778411337232	2.02680239400806e-05
0.70784986	0.000763905980038914	2.19021828223875e-05
0.63126236	0.00076429539363786	2.06169572862398e-05
0.562536	0.000765563757498915	2.18980801744314e-05
0.50118715	0.000768034260883702	2.26587368670938e-05
0.44642836	0.000769822284703648	2.24405842655373e-05
0.39821118	0.000770013397626411	2.39278500685786e-05
0.35475865	0.000770599364230718	2.72203111394595e-05
0.31619295	0.000772735095921683	2.892788690675e-05
0.2819173	0.000774431809281853	2.78517664155159e-05
0.25117323	0.000775728977991411	3.04480891006705e-05
0.22391155	0.00077844298934325	3.14608777537261e-05
0.19957349	0.000781316083288339	3.22561557560523e-05
0.17779917	0.00078152989617343	3.39429680823671e-05
0.15846863	0.000783341540572349	3.46844739513318e-05
0.14123619	0.000786007672273641	3.84070484594415e-05
0.12590662	0.000789798194110336	3.83068901378125e-05
0.1122199	0.000790794859456504	4.07121244382098e-05
0.10002181	0.000791100278329533	4.25052596554991e-05
