10002.226	0.00118131397023564	-0.00956140890458264
8914.9326	0.00114341902279794	-0.00856108451264237
7943.9951	0.00110576584856048	-0.00766159584433367
7081.583	0.001069263181043	-0.0068612361413602
6307.7358	0.00103759001668605	-0.00613905589168175
5622.5879	0.00100633791897363	-0.00549462200136004
5011.603	0.000977917197475848	-0.00491974475739433
4466.4292	0.000954926510259728	-0.00440767930648849
3981.2773	0.000930023439027311	-0.00394357981439123
3548.8679	0.000908577522143888	-0.00353182491909091
3163.0398	0.000890119046113436	-0.00316224891134337
2819.0986	0.000871572935698464	-0.00282970175155632
2512.4104	0.000853676893666055	-0.00253782021130498
2239.2869	0.000840514062144617	-0.00227349246829125
1995.6381	0.000826709038528415	-0.00203641931016081
1778.2897	0.000815449247226456	-0.00182440631328249
1584.4927	0.000804360002380161	-0.00163538699894586
1412.7418	0.000789912945698145	-0.00146699475263735
1258.7905	0.000782024238286726	-0.00131482193277497
1121.7966	0.00077113336901289	-0.0011801568618289
999.68164	0.000764281586480753	-0.00105638030883078
891.42474	0.000756363881274387	-0.000949834623350129
794.23932	0.00074965678062081	-0.000852172535141703
707.96161	0.000741429220846891	-0.000762284242904969
631.00977	0.000733957572296099	-0.000686454020708084
562.33929	0.000727116064769193	-0.000613101889297466
501.12231	0.000720895428197931	-0.000549603307817553
446.57214	0.000716956813063533	-0.000491525329870379
398.08899	0.000711866937027469	-0.000440370186688905
354.88681	0.000706989622721213	-0.000392751653464595
316.31589	0.000704062048166645	-0.000349698279999465
281.8942	0.000698426902915301	-0.00031190776099738
251.20601	0.000696262970615055	-0.000274187948212758
223.92496	0.000696448926744067	-0.000242878532118027
199.55338	0.000693535245385559	-0.000215519651318009
177.78128	0.000693623945793849	-0.000187909347993227
158.52898	0.000694267405681494	-0.00016300090740119
141.21979	0.000694877772262155	-0.000142671261004618
125.92673	0.000694053657945513	-0.000123088082673862
112.19009	0.000697564901236925	-0.000107289705245857
99.968163	0.000697685256525808	-8.92663896594628e-05
89.115646	0.00069955939337213	-7.39016353525775e-05
79.415741	0.000701942334350605	-6.1878426846103e-05
70.793182	0.000706322136873808	-5.2061949278763e-05
63.082279	0.000707505108503161	-3.95430938776511e-05
56.241825	0.000711542094536665	-3.07059266088586e-05
50.112232	0.000714186218470464	-2.52698714135478e-05
44.671223	0.000716723191017708	-1.86264985416612e-05
39.808899	0.000719154212045599	-1.32226988073655e-05
35.488308	0.000722433336837621	-6.69273178134171e-06
31.629578	0.000726094078909032	-2.52591287838086e-06
28.187037	0.000729755389059834	6.03185964902343e-07
25.120602	0.000732377789384876	2.84676399776027e-06
22.385418	0.000733537383940183	7.60471299147756e-06
19.955338	0.000737021441680094	8.39015596462548e-06
17.775894	0.000742062613385341	8.85819475296184e-06
15.846864	0.000741804266558176	8.69151112060234e-06
14.127493	0.000743280499692368	1.34688762715017e-05
12.587309	0.000746668651035135	1.46581801980585e-05
11.216775	0.000748042990405504	1.55421124322903e-05
9.9968166	0.000752007648812113	1.4526121971997e-05
8.9082127	0.000752010702538594	1.51178494123063e-05
7.9395623	0.000753557419278225	1.6622051418513e-05
7.0765615	0.000754987250114461	1.774728073356e-05
6.3105822	0.000757910090474669	1.71022536500372e-05
5.6245475	0.000757732303380967	1.72874273124209e-05
5.0112233	0.000761818637387287	1.73191542474838e-05
4.4642835	0.000762340244667087	1.87091322596509e-05
3.9819033	0.000761283152869393	1.71916013671362e-05
3.5479143	0.000764680118946856	1.70535109765291e-05
3.1629577	0.000766640467960509	1.82311358445148e-05
2.818361	0.00076702238553449	1.85807892632673e-05
2.5112481	0.000767929035042925	1.66793777541544e-05
2.2398233	0.000769213677055986	1.79471216114273e-05
1.9950197	0.00076945122844566	1.59354521627495e-05
1.7775893	0.000771648773531828	1.66629663804933e-05
1.5846864	0.000771015237008868	1.79265386432035e-05
1.4122353	0.000771206038001679	1.65806852242308e-05
1.2582541	0.000774199259219966	1.84132455075599e-05
1.1224822	0.000776797899056372	1.94554404759226e-05
1.0000616	0.000777838762295483	2.05756008659481e-05
0.89082122	0.000777373561245408	1.98536105158224e-05
0.79444051	0.000779776969734438	2.11793290323597e-05
0.70784986	0.0007804683694174	2.16136798405103e-05
0.63126236	0.00078057812581635	2.45119439290952e-05
0.562536	0.000781651242372492	2.19367037159659e-05
0.50118715	0.000784654643512469	2.36767853417801e-05
0.44642836	0.000786570138603746	2.49420823542007e-05
0.39821118	0.000788774261499022	2.64162846624996e-05
0.35475865	0.000789468474524922	2.72935816741572e-05
0.31619295	0.000790422551542026	2.74478925291843e-05
0.2819173	0.000793430581678733	2.90245109597877e-05
0.25117323	0.000794972098746886	2.96663082700487e-05
0.22391155	0.000795716416836366	2.99614370484179e-05
0.19957349	0.000798990644872786	3.0623458824581e-05
0.17779917	0.000799659871285553	3.37145062053788e-05
0.15846863	0.000799931529214348	3.46077526541558e-05
0.14123619	0.000802819004709054	3.67409240447e-05
0.12590662	0.000807324270567907	3.76997034648706e-05
0.1122199	0.000807158063514329	4.08360941596224e-05
0.10002181	0.000810814158495675	4.29202881981224e-05
