10002.226	0.00118404560501827	-0.00955992110894089
8914.9326	0.00114242011258879	-0.00856156436504663
7943.9951	0.00110375268060482	-0.00766380444612545
7081.583	0.00107175339413018	-0.00686182035619354
6307.7358	0.00103958318669183	-0.00613756051053338
5622.5879	0.00100750894717723	-0.00549485337572898
5011.603	0.000977799766846065	-0.00491944786299648
4466.4292	0.00095463056582954	-0.00440380983426637
3981.2773	0.000928287983664365	-0.00394276428434343
3548.8679	0.00090691889542215	-0.0035329848849634
3163.0398	0.000889320779712513	-0.00316294900567921
2819.0986	0.000872145990384642	-0.00283046251243632
2512.4104	0.000856067311108063	-0.00253574448813133
2239.2869	0.000838724515734798	-0.00227326549029233
1995.6381	0.000827023519866453	-0.00203563214555235
1778.2897	0.000815220697856479	-0.00182397009237717
1584.4927	0.000802284628686341	-0.00163511648665266
1412.7418	0.000790697927590219	-0.00146746677451619
1258.7905	0.000782063634838939	-0.00131418953744899
1121.7966	0.000773928908398627	-0.00117989116007495
999.68164	0.000765391573476547	-0.00105685392705473
891.42474	0.00075452698236966	-0.00094944182896125
794.23932	0.000748768462613741	-0.000851751193443704
707.96161	0.000740709970993208	-0.000762278229122584
631.00977	0.000731768997710199	-0.000685713808864149
562.33929	0.00072953993341042	-0.000612877021606049
501.12231	0.000721793154789018	-0.0005489925996244
446.57214	0.000716577754152599	-0.000491512085605626
398.08899	0.00071106478178154	-0.000440572188572871
354.88681	0.000706974268937548	-0.000392800357889807
316.31589	0.000705490996808071	-0.000348079256326078
281.8942	0.000698041234437793	-0.000313683236242068
251.20601	0.00069738103912879	-0.000274470840458256
223.92496	0.000695864864681806	-0.000243776951173613
199.55338	0.000694472031098633	-0.000216066328607328
177.78128	0.00069417494347494	-0.000187896439321536
158.52898	0.000692825598838385	-0.000162904802804116
141.21979	0.000692765771784079	-0.000143898501215539
125.92673	0.000693171376560583	-0.000123495015121298
112.19009	0.000697911175972199	-0.000105926551401234
99.968163	0.000696085930751132	-9.06994040602113e-05
89.115646	0.00070075175222856	-7.55092547002682e-05
79.415741	0.000702672418461399	-6.20687433854934e-05
70.793182	0.000705058572741758	-5.18710243879154e-05
63.082279	0.000706627585966303	-4.06912516935029e-05
56.241825	0.000712577231530122	-3.15836701084034e-05
50.112232	0.000713393442581691	-2.28695525064967e-05
44.671223	0.000716763531651175	-1.64025825715228e-05
39.808899	0.000719459562369576	-1.40532070377232e-05
35.488308	0.000724664985751112	-8.92287011192942e-06
31.629578	0.000724525035239912	-2.59071318450528e-06
28.187037	0.000727510995973315	6.12370299760248e-07
25.120602	0.000728669010534937	3.51131079459807e-06
22.385418	0.00073482502264657	7.98869174402261e-06
19.955338	0.000736265029366411	6.98263146254725e-06
17.775894	0.000738893381167935	1.0608774399405e-05
15.846864	0.000741762672652343	1.25497332043528e-05
14.127493	0.000745841014015006	1.44433686480355e-05
12.587309	0.000746054639367729	1.5421386237354e-05
11.216775	0.000749259730413989	1.41069772179644e-05
9.9968166	0.000750720405210088	1.59171153332912e-05
8.9082127	0.000751389185527084	1.45752443306765e-05
7.9395623	0.000754189661756884	1.59064922812813e-05
7.0765615	0.000756157436789836	1.7656551042973e-05
6.3105822	0.000756951096947114	1.82390843703455e-05
5.6245475	0.000758691777410386	1.36516031410111e-05
5.0112233	0.000760066676599579	1.86311498352902e-05
4.4642835	0.000761517436732842	1.84002065898574e-05
3.9819033	0.000763095670631468	1.60902916425104e-05
3.5479143	0.000763756844172269	1.77095237074879e-05
3.1629577	0.000766991959734232	1.73681461498466e-05
2.818361	0.000767051366127622	1.67460380521163e-05
2.5112481	0.000766915643422789	1.82665407861458e-05
2.2398233	0.00076824758514947	1.62091309661381e-05
1.9950197	0.000770265959256767	1.67058801628037e-05
1.7775893	0.000769677757665173	1.76120245180616e-05
1.5846864	0.0007712697585056	1.86870779514238e-05
1.4122353	0.000770615906838095	1.83410924556921e-05
1.2582541	0.000772780490043218	1.83297899335731e-05
1.1224822	0.000774565469273268	2.15236029220524e-05
1.0000616	0.000776802706327753	2.14395801217831e-05
0.89082122	0.000776642379958458	2.19406248107488e-05
0.79444051	0.000778343363188771	1.93790270767578e-05
0.70784986	0.000780376390588823	2.12472875428074e-05
0.63126236	0.000780931200376392	2.14837837224063e-05
0.562536	0.000783299257088793	2.24526756239275e-05
0.50118715	0.000786656061176924	2.34058736732298e-05
0.44642836	0.000787193328903912	2.23811518330257e-05
0.39821118	0.000788840743244342	2.547539134107e-05
0.35475865	0.000788560502584575	2.77573720122364e-05
0.31619295	0.000790363309108948	2.85762716013206e-05
0.2819173	0.000792283234677343	2.71102292897839e-05
0.25117323	0.000793022933222136	2.96400535930852e-05
0.22391155	0.000798440755663359	2.91822122943325e-05
0.19957349	0.000798316118887504	3.34324042180321e-05
0.17779917	0.00080027448957182	3.33078415471555e-05
0.15846863	0.000801948793492031	3.3725051750625e-05
0.14123619	0.000805104865840703	3.71622566832916e-05
0.12590662	0.00080604629960538	3.83175636997761e-05
0.1122199	0.00080893036843122	4.19114346329916e-05
0.10002181	0.000808782112375915	4.20365617031054e-05
