10002.226	0.00118294137512862	-0.00956422722366117
8914.9326	0.0011426739105504	-0.00856239691822223
7943.9951	0.00110554804747077	-0.00766341073856423
7081.583	0.00107026035054683	-0.00685844155273157
6307.7358	0.00104037021256534	-0.0061369780239302
5622.5879	0.0010053804682751	-0.00549646274017672
5011.603	0.00097873784393897	-0.0049207931824527
4466.4292	0.000953386042537096	-0.00440445224676128
3981.2773	0.000929285308899786	-0.00394535463149461
3548.8679	0.000906747530778055	-0.00353206674461135
3163.0398	0.000888981497984434	-0.00316509688321162
2819.0986	0.000871089399724486	-0.00283115376295009
2512.4104	0.000857308046946651	-0.0025366877283662
2239.2869	0.000843502530959973	-0.00227378347014657
1995.6381	0.00082862863256016	-0.00203700138624323
1778.2897	0.00081463197822263	-0.00182390903681058
1584.4927	0.000803010408534624	-0.00163478578909862
1412.7418	0.000791114190632437	-0.00146562724038404
1258.7905	0.00078111952686095	-0.00131541944877034
1121.7966	0.000771774325222253	-0.00118017759871767
999.68164	0.000763129004508299	-0.00105629280705944
891.42474	0.000755524637222535	-0.00094900327583987
794.23932	0.000749785872312311	-0.000853929528054352
707.96161	0.000739971427008162	-0.000764293609604856
631.00977	0.000733980441295219	-0.000685871042435411
562.33929	0.000729326237164137	-0.000614767997852639
501.12231	0.000720982208571102	-0.000553165531008429
446.57214	0.000714806561998626	-0.00049199969096061
398.08899	0.000711942655708233	-0.00043992772596645
354.88681	0.000707124265347081	-0.000393431381854969
316.31589	0.000705539065539861	-0.000347444116854
281.8942	0.000701036887493875	-0.000311164897261615
251.20601	0.000698928939917033	-0.000275583532405743
223.92496	0.000696428664287382	-0.000242519282406923
199.55338	0.000697105231078525	-0.000217311500684114
177.78128	0.000692873784979214	-0.000188042733582885
158.52898	0.000693200650693675	-0.00016610772942756
141.21979	0.000691874325415779	-0.00014385847272163
125.92673	0.000694696993659785	-0.000122613878256482
112.19009	0.000695327227805173	-0.000107781994139495
99.968163	0.000698285906613563	-9.00200699909255e-05
89.115646	0.000700037453107364	-7.59499543417603e-05
79.415741	0.000703120350401497	-6.40257213384493e-05
70.793182	0.000705482548474138	-5.13480367180738e-05
63.082279	0.000707405378262945	-3.89260892703981e-05
56.241825	0.00071047158705087	-3.37348564259635e-05
50.112232	0.000713760725147464	-2.2956700057002e-05
44.671223	0.000716705964742005	-1.83584419639536e-05
39.808899	0.000719271126232305	-1.33263210771604e-05
35.488308	0.000724022533590083	-8.8554523737203e-06
31.629578	0.000723584599713453	-1.11045460930238e-06
28.187037	0.000728273923111329	9.19118742476835e-07
25.120602	0.000730135381770635	4.03968207643802e-06
22.385418	0.000734673798025355	5.99528019216182e-06
19.955338	0.000738290073087485	8.49042960447944e-06
17.775894	0.000739195573933713	1.12437710735307e-05
15.846864	0.000742661411895571	1.03014475307263e-05
14.127493	0.000744913029611175	1.38083425368512e-05
12.587309	0.000745452370225854	1.32530840482949e-05
11.216775	0.000749405414990257	1.39102861770747e-05
9.9968166	0.000751151870526753	1.3361102982258e-05
8.9082127	0.000753173289604063	1.53370556507876e-05
7.9395623	0.00075387292254188	1.68831889414123e-05
7.0765615	0.000756383852679099	1.75055736338182e-05
6.3105822	0.000756716905549697	1.86875325987629e-05
5.6245475	0.000757587363778793	1.54912009634541e-05
5.0112233	0.00076020644499938	1.74313853222065e-05
4.4642835	0.000763328381085978	1.84661331250872e-05
3.9819033	0.000762499382861846	1.67184463557661e-05
3.5479143	0.00076452366065498	1.81381118433221e-05
3.1629577	0.000764787101401168	1.83042548064991e-05
2.818361	0.00076622887696136	1.74156628483426e-05
2.5112481	0.000766835690876673	1.59680463493322e-05
2.2398233	0.000767851847839226	1.69842481680282e-05
1.9950197	0.000769217230542262	1.57423983856181e-05
1.7775893	0.000769750322707048	1.5249968429601e-05
1.5846864	0.000772213081592081	1.86783766875208e-05
1.4122353	0.000772177039199001	1.89414278443526e-05
1.2582541	0.000771602106055391	2.0911398768339e-05
1.1224822	0.000775660192593732	1.95160790072318e-05
1.0000616	0.000774657405919966	2.06886542826504e-05
0.89082122	0.000778559052696397	1.84410342975796e-05
0.79444051	0.000779597837072307	1.89826547853546e-05
0.70784986	0.000780284298164852	2.21029204738263e-05
0.63126236	0.000782268699190877	2.39087892559902e-05
0.562536	0.000785278674110553	2.3756401065204e-05
0.50118715	0.00078505438764842	2.30074575139365e-05
0.44642836	0.000788463431453197	2.18661497375315e-05
0.39821118	0.000789432937890173	2.38699749822161e-05
0.35475865	0.00079004181601997	2.50587419981358e-05
0.31619295	0.000790187070483485	2.71039633518105e-05
0.2819173	0.000792962613266724	2.76347140253212e-05
0.25117323	0.000794995894165026	2.87693055585877e-05
0.22391155	0.000796107169902041	3.04079421212506e-05
0.19957349	0.000795979701337572	3.03225012635074e-05
0.17779917	0.000798352975877147	3.50581865701036e-05
0.15846863	0.000802073287654889	3.42369125009178e-05
0.14123619	0.000804836860587869	3.63004445567974e-05
0.12590662	0.00080706843412581	4.04236173087489e-05
0.1122199	0.000808325245644992	4.07919210532119e-05
0.10002181	0.000810728435496541	4.37255808152643e-05
