10002.226	0.00118472268243795	-0.00956229756185837
8914.9326	0.00114169047585632	-0.00855975159330389
7943.9951	0.00110453438908803	-0.00766246581138566
7081.583	0.0010697260396253	-0.00685983539983083
6307.7358	0.00103931455863866	-0.00613750819341295
5622.5879	0.00100798933777621	-0.00549514376071954
5011.603	0.000979052507636811	-0.00492118416282923
4466.4292	0.000954659612674378	-0.00440398457893289
3981.2773	0.000929921848070866	-0.00394462133082344
3548.8679	0.000907116012053154	-0.00353356619237588
3163.0398	0.000889062904428833	-0.00316394327028499
2819.0986	0.000871634111300894	-0.00283167216966566
2512.4104	0.000854066639854947	-0.00253828161430754
2239.2869	0.000839626602819143	-0.00227368453572302
1995.6381	0.000827257786694983	-0.00203607341550506
1778.2897	0.00081212947212934	-0.00182503466602926
1584.4927	0.00080271265254297	-0.00163431692343193
1412.7418	0.000789359744028041	-0.00146565817979558
1258.7905	0.000782696715771699	-0.0013148878842762
1121.7966	0.000770530299647366	-0.00117789102960602
999.68164	0.000764898937991841	-0.00105593838422271
891.42474	0.000756143552785956	-0.000949149883967603
794.23932	0.000747505079527923	-0.00085309775252853
707.96161	0.000740425349367983	-0.000762432233021461
631.00977	0.000732628728963531	-0.00068574953113581
562.33929	0.000727809745620805	-0.000614043223763816
501.12231	0.000721110731120788	-0.0005488581510567
446.57214	0.000717044472719501	-0.000490563095788022
398.08899	0.000711997729795799	-0.000439604152235939
354.88681	0.000708033634336031	-0.000393162622991313
316.31589	0.000702193328188967	-0.000349444714988563
281.8942	0.000702186291495093	-0.000310223718832134
251.20601	0.000695454728048674	-0.000275686650811553
223.92496	0.000694654739647166	-0.000240614867378523
199.55338	0.000694145530883289	-0.000214772460151144
177.78128	0.000694667283894356	-0.00018895241271199
158.52898	0.000695059222283118	-0.000165083086169485
141.21979	0.000693191548824028	-0.000144287107081626
125.92673	0.000694627790337378	-0.000123623720916577
112.19009	0.000696911667617798	-0.00010813825128849
99.968163	0.000695283237727179	-8.96373391838057e-05
89.115646	0.000700932307363799	-7.59357706179703e-05
79.415741	0.000701870782111912	-6.06192599272932e-05
70.793182	0.000704046378121224	-5.15821244977717e-05
63.082279	0.000705955528061121	-3.93996055402649e-05
56.241825	0.000712257893297345	-3.26869623897292e-05
50.112232	0.000713632011085084	-2.39881183904984e-05
44.671223	0.000715572137834583	-1.84295198886919e-05
39.808899	0.00071863351072466	-1.28290158200592e-05
35.488308	0.000721699185395965	-9.62779220007687e-06
31.629578	0.000725324531654963	-1.71382789105896e-06
28.187037	0.000728754190889598	1.28340737859049e-06
25.120602	0.000730923036009697	3.75548838055304e-06
22.385418	0.000733657133762723	6.71390214854139e-06
19.955338	0.000737434218848032	8.53225817992997e-06
17.775894	0.000741745215419965	1.27534175842417e-05
15.846864	0.000742389679851953	1.01240878492872e-05
14.127493	0.000743935789499708	1.34765924718209e-05
12.587309	0.000746121129820491	1.37471886805946e-05
11.216775	0.000747701979151807	1.42961616782076e-05
9.9968166	0.000752714503688851	1.52269545502449e-05
8.9082127	0.000752676030417957	1.51801242552312e-05
7.9395623	0.000752842676529644	1.7007409698005e-05
7.0765615	0.000755011536340645	1.91208913496125e-05
6.3105822	0.00075892382882445	1.87988854473236e-05
5.6245475	0.000758257828950094	1.66992814776825e-05
5.0112233	0.000760259914564623	1.69042945944247e-05
4.4642835	0.000762451871568925	1.78608059148561e-05
3.9819033	0.000761651721899681	1.78849959217986e-05
3.5479143	0.000761365245951019	1.65771829585572e-05
3.1629577	0.000765827369801614	1.59147622374526e-05
2.818361	0.00076594653215993	1.71886280652267e-05
2.5112481	0.0007684876022302	1.59621604826579e-05
2.2398233	0.000767769721969676	1.59574789767409e-05
1.9950197	0.000767999193656791	1.66273902099687e-05
1.7775893	0.00077078798407273	1.81761974528173e-05
1.5846864	0.00077287060151771	1.74772225225141e-05
1.4122353	0.000772769995907644	1.78933944604424e-05
1.2582541	0.000774177764559371	1.9193773856996e-05
1.1224822	0.000775286581861454	2.00064614360815e-05
1.0000616	0.00077593063031885	1.88155732087313e-05
0.89082122	0.000779237702502159	2.05758410843364e-05
0.79444051	0.000778528219547165	2.09855812006848e-05
0.70784986	0.000781926542645846	2.09672982513315e-05
0.63126236	0.000781060241948326	2.11171568199129e-05
0.562536	0.000784594153967931	2.19972618390802e-05
0.50118715	0.000783740276795026	2.35139228919402e-05
0.44642836	0.000787985128089495	2.4044602976016e-05
0.39821118	0.00078776495743384	2.47308080811346e-05
0.35475865	0.000789547453549858	2.68282059425177e-05
0.31619295	0.000790065759822361	2.77068763643071e-05
0.2819173	0.000792396748489641	2.74219346156254e-05
0.25117323	0.000792176685211091	2.96855639761009e-05
0.22391155	0.000797175878062654	3.24934666798617e-05
0.19957349	0.00079754347558504	3.13094315551132e-05
0.17779917	0.00079884619269458	3.23357590222222e-05
0.15846863	0.000799868691591312	3.49538075997893e-05
0.14123619	0.000802674125778103	3.72910314998961e-05
0.12590662	0.000805517382256328	3.98014969985383e-05
0.1122199	0.000809388215537604	3.89363962483697e-05
0.10002181	0.000810302381959006	4.32672332500024e-05
