10002.226	0.00118333948986253	-0.00956270246394371
8914.9326	0.00114370332547312	-0.00855864329085056
7943.9951	0.0011045125424175	-0.00766248297929601
7081.583	0.00106987284908978	-0.0068594755531233
6307.7358	0.00103928662819875	-0.00613848884020925
5622.5879	0.00100457436677216	-0.00549714965470721
5011.603	0.000978486742094947	-0.00492101497570652
4466.4292	0.000951721739424629	-0.0044064860707925
3981.2773	0.000929355878106084	-0.00394488661566776
3548.8679	0.000908434790094094	-0.0035325217896716
3163.0398	0.000891785728868389	-0.00316415481510268
2819.0986	0.000871465851745864	-0.00283356336922402
2512.4104	0.000855450406798495	-0.00253526879286018
2239.2869	0.000841199327646126	-0.00227321841822088
1995.6381	0.000826500859270695	-0.00203591106051046
1778.2897	0.000813031226341921	-0.00182395300628362
1584.4927	0.000801671796859092	-0.00163667300896407
1412.7418	0.000791050630275136	-0.00146702067578107
1258.7905	0.000782418301223541	-0.00131474008969235
1121.7966	0.000774116108154462	-0.00117804416305023
999.68164	0.00076508730775749	-0.00105576402823364
891.42474	0.000756612316511842	-0.000949031479949857
794.23932	0.000750795659929678	-0.000852273420225411
707.96161	0.000740358307747324	-0.00076245870783409
631.00977	0.000734061121262458	-0.000685772849232713
562.33929	0.000728455458097159	-0.000615278983762802
501.12231	0.000721852248067842	-0.000549201991115703
446.57214	0.000716387553046335	-0.000491477498044339
398.08899	0.000711466670218964	-0.000441727114080461
354.88681	0.000706121346722674	-0.000392697450166983
316.31589	0.00070378032850898	-0.000347935624643064
281.8942	0.000700117650833769	-0.000312021159548659
251.20601	0.000695466964614279	-0.000275540923777604
223.92496	0.000696754880979442	-0.000243665519336859
199.55338	0.000696119533312631	-0.000216788592040072
177.78128	0.000693439980591636	-0.000187220489897447
158.52898	0.000694017321267826	-0.000164380457572286
141.21979	0.000693032342656519	-0.000145849993662883
125.92673	0.000693509417006074	-0.000124276532984959
112.19009	0.00069671881613952	-0.000105957501627485
99.968163	0.000698243562088359	-8.89870034981407e-05
89.115646	0.000699200856304464	-7.51090117850012e-05
79.415741	0.000702370177995213	-6.42139463738078e-05
70.793182	0.000703683768426014	-5.1911600990533e-05
63.082279	0.000707703340350774	-4.29623946675761e-05
56.241825	0.000711210790514665	-3.09067455475347e-05
50.112232	0.000713942405934799	-2.36352637889434e-05
44.671223	0.00071743890136394	-1.7958865760677e-05
39.808899	0.000719766804586541	-1.39421065690681e-05
35.488308	0.000720864702545395	-6.94318328486135e-06
31.629578	0.000723455822492674	-1.74296706885416e-06
28.187037	0.000727668401970188	-5.18249863505824e-07
25.120602	0.000729638305293252	2.95301722456419e-06
22.385418	0.000732876860441339	6.68234932370807e-06
19.955338	0.00073631878933788	8.12001942858313e-06
17.775894	0.000740046432882112	1.14377650229173e-05
15.846864	0.000742726391861866	1.04147782402138e-05
14.127493	0.00074440094987993	1.26183247678929e-05
12.587309	0.000746042238673365	1.29501289512143e-05
11.216775	0.000749306993246596	1.53336574628332e-05
9.9968166	0.000751823769537921	1.41122813986763e-05
8.9082127	0.000752366680403873	1.61954597582772e-05
7.9395623	0.000751819132455619	1.66039005826075e-05
7.0765615	0.00075537558302996	1.88094652929702e-05
6.3105822	0.000754901742461996	1.71164806300912e-05
5.6245475	0.000758826527227512	1.63864226489698e-05
5.0112233	0.000758706106069011	1.81410816705933e-05
4.4642835	0.000761119594425512	1.72786359042177e-05
3.9819033	0.000761425758212855	1.6119406318178e-05
3.5479143	0.000762957639064009	1.87586106866234e-05
3.1629577	0.000765623115147728	1.82464129221826e-05
2.818361	0.000766346005214328	1.8255695643437e-05
2.5112481	0.000768410900627045	1.62042180848876e-05
2.2398233	0.000768170859151532	1.87058246917565e-05
1.9950197	0.000770003303245051	1.62401755958805e-05
1.7775893	0.000770248180269204	1.62281655923748e-05
1.5846864	0.00077222809458441	1.74158183494518e-05
1.4122353	0.000774023620453485	1.73933296190144e-05
1.2582541	0.000772292620721174	1.91746473104838e-05
1.1224822	0.00077546982877828	1.91333843394484e-05
1.0000616	0.000776689610508425	2.07292753651473e-05
0.89082122	0.000778172285751095	1.95488627840278e-05
0.79444051	0.000777242539695239	2.04110462402895e-05
0.70784986	0.000780817959106916	2.24192263933746e-05
0.63126236	0.000782174308366675	2.31876127384401e-05
0.562536	0.000782821326081867	2.25936277150521e-05
0.50118715	0.000785496096245369	2.21972535741652e-05
0.44642836	0.000786051625841133	2.35858868341342e-05
0.39821118	0.000790811627077174	2.79299119234234e-05
0.35475865	0.000790031463791102	2.62702587982409e-05
0.31619295	0.000788389821272213	2.82689607281751e-05
0.2819173	0.000791435907492185	2.91640144405614e-05
0.25117323	0.000793839023631973	2.90669404267498e-05
0.22391155	0.000796001078666826	2.86596544251533e-05
0.19957349	0.000799036310044597	3.2066562325371e-05
0.17779917	0.000800513437838603	3.34336230854559e-05
0.15846863	0.00080170230813037	3.68393829252971e-05
0.14123619	0.000803862382481316	3.71536164531845e-05
0.12590662	0.000806466136640321	3.95518661279226e-05
0.1122199	0.000807688801338219	3.98671708665156e-05
0.10002181	0.000810042640258444	4.36065557971745e-05
