10002.226	0.00118470684737039	-0.00956377505776895
8914.9326	0.00114086601379254	-0.00856009899320207
7943.9951	0.00110427694905009	-0.00766294369476155
7081.583	0.00107020552194832	-0.00686074306954351
6307.7358	0.00103924934619078	-0.00613963515425659
5622.5879	0.00100847413259919	-0.00549371362970301
5011.603	0.000978523731585384	-0.00492165844595102
4466.4292	0.000953748241127844	-0.00440519740059615
3981.2773	0.000930995868125732	-0.00394515646620062
3548.8679	0.000909381632149683	-0.00353195528983018
3163.0398	0.000887809490751174	-0.00316417226557156
2819.0986	0.000871725806739532	-0.00283346357074728
2512.4104	0.000856052140037152	-0.0025355182963513
2239.2869	0.000840842225018215	-0.00227369090177603
1995.6381	0.000827652138488144	-0.00203485057776195
1778.2897	0.000813857347265473	-0.00182385861232794
1584.4927	0.000802828860239932	-0.00163533236066044
1412.7418	0.000788592184820034	-0.00146444993410005
1258.7905	0.000783614141885722	-0.00131452381921121
1121.7966	0.000771895963324726	-0.00118084223307637
999.68164	0.000765746181781853	-0.00105625859637439
891.42474	0.000756662641501888	-0.00094853208592764
794.23932	0.000749575907851645	-0.000851739421596307
707.96161	0.000738458679971438	-0.000762228647077578
631.00977	0.000732084826697004	-0.000685636226756263
562.33929	0.00073002897683341	-0.000612674614872676
501.12231	0.000721074235910964	-0.000550835548306933
446.57214	0.000716604819832004	-0.000491513647968442
398.08899	0.000710504404280303	-0.000440468192834049
354.88681	0.000705905469582289	-0.000393013468215433
316.31589	0.000706146716803421	-0.000349911505178774
281.8942	0.000699572468920676	-0.00030905054621913
251.20601	0.000698323566083421	-0.000277007287266399
223.92496	0.000696385665871166	-0.000243562653646972
199.55338	0.000695683459894578	-0.000214808946078451
177.78128	0.000693477157332479	-0.000189457848550696
158.52898	0.000692102693515286	-0.000163388174078135
141.21979	0.000693017266525254	-0.000142709809290344
125.92673	0.000694278771128239	-0.000124679764583892
112.19009	0.00069526158272554	-0.000107803088443942
99.968163	0.000697121402668792	-9.00907366988363e-05
89.115646	0.000700171203211195	-7.58643178811708e-05
79.415741	0.000702506962080578	-6.44278204367392e-05
70.793182	0.000703633626310626	-5.02012037266055e-05
63.082279	0.000704456526941475	-4.17970535640161e-05
56.241825	0.0007115186594129	-3.38350030986086e-05
50.112232	0.000712967961550932	-2.34553733967088e-05
44.671223	0.000714474054704675	-1.94898111361161e-05
39.808899	0.000718084338710397	-1.33208700199928e-05
35.488308	0.000722757301098892	-6.84664534395194e-06
31.629578	0.000725147477802174	-3.33030581211384e-06
28.187037	0.000726436672938657	6.59835872771145e-08
25.120602	0.000730122100305726	4.27771891022523e-06
22.385418	0.00073402337793817	7.39289815123958e-06
19.955338	0.000735898054532623	8.0016590228068e-06
17.775894	0.00074007697501166	1.44763078967789e-05
15.846864	0.000742125264569367	1.12782488671757e-05
14.127493	0.000745616593672864	1.34591019849379e-05
12.587309	0.000747446300527657	1.43263240105043e-05
11.216775	0.000749085530802733	1.49881486564356e-05
9.9968166	0.000751917482540523	1.28746862039213e-05
8.9082127	0.000752268490627744	1.50499905290196e-05
7.9395623	0.000756434739424433	1.56219740658564e-05
7.0765615	0.000755664521140782	1.82266645114997e-05
6.3105822	0.000757215883493868	1.64640946350966e-05
5.6245475	0.00075985737689371	1.68730710912063e-05
5.0112233	0.000761061310142843	1.70166299356657e-05
4.4642835	0.000760737015592878	1.75464296771654e-05
3.9819033	0.000762877956750425	1.72423455104519e-05
3.5479143	0.000765627592515096	1.83104506165341e-05
3.1629577	0.000765409449865333	2.14226520917861e-05
2.818361	0.000766095771064993	1.4971897710714e-05
2.5112481	0.000765916344075486	1.73061364997817e-05
2.2398233	0.000768809145736041	1.797975649335e-05
1.9950197	0.000769008684780195	1.6910137601389e-05
1.7775893	0.000770216839781321	1.51316792621876e-05
1.5846864	0.000771602978040034	1.74722626468552e-05
1.4122353	0.000774590350123152	1.88038058839012e-05
1.2582541	0.000775382033658349	1.95061763812735e-05
1.1224822	0.000775211067821357	1.92062341312254e-05
1.0000616	0.000776920033798045	2.05292093171242e-05
0.89082122	0.000777731438692934	2.00060119871095e-05
0.79444051	0.000779383178322766	1.98105613942551e-05
0.70784986	0.000780514739647239	2.1563576328037e-05
0.63126236	0.000779488302243944	2.12328207678506e-05
0.562536	0.000783579681227876	2.26553401330913e-05
0.50118715	0.000783161279583979	2.2732858022569e-05
0.44642836	0.000785059463063602	2.30080591510048e-05
0.39821118	0.00078756712264156	2.65646555192172e-05
0.35475865	0.000789600882177578	2.78005770226291e-05
0.31619295	0.000789331936901078	2.74127906207888e-05
0.2819173	0.000792795880314925	2.82170146998317e-05
0.25117323	0.000793438664785326	2.78730994346589e-05
0.22391155	0.000796219746852277	3.10234929545069e-05
0.19957349	0.000796375041916353	3.24457430603507e-05
0.17779917	0.000798887433028783	3.52089942795405e-05
0.15846863	0.000799902342425537	3.55307122971082e-05
0.14123619	0.000804613109446638	3.70582367351974e-05
0.12590662	0.000805027976891206	4.00112415298289e-05
0.1122199	0.000806411802701572	4.05551578290953e-05
0.10002181	0.000811778615563528	4.17958774841058e-05
