10002.226	0.00118374353857407	-0.0095641357216241
8914.9326	0.00114306727164814	-0.0085588474656054
7943.9951	0.00110580651068017	-0.00765995866587905
7081.583	0.00107141460986682	-0.00686083192480146
6307.7358	0.00103860407935431	-0.00613643284064351
5622.5879	0.0010069622235626	-0.00549524958395345
5011.603	0.00097767825349575	-0.00492193913016309
4466.4292	0.000953556646446623	-0.00440664408883684
3981.2773	0.000931359895962933	-0.00394428913660844
3548.8679	0.000907497545733478	-0.00353367690566626
3163.0398	0.000888360140418293	-0.00316318480230268
2819.0986	0.000871385511688686	-0.00283308469685236
2512.4104	0.00085413846402145	-0.00253673089064648
2239.2869	0.000838300556321325	-0.00227437079509543
1995.6381	0.000827283087749587	-0.00203540062502399
1778.2897	0.000815223004380082	-0.00182484289142694
1584.4927	0.000801383781138414	-0.00163464951637689
1412.7418	0.000788424013340321	-0.0014652251157292
1258.7905	0.000782237183901395	-0.00131537056117437
1121.7966	0.000772370202912386	-0.00117967447728494
999.68164	0.000763602304380375	-0.00105702240226432
891.42474	0.000755860990683771	-0.000948221883377689
794.23932	0.000749350093648164	-0.000851925435084757
707.96161	0.000740010182078573	-0.000761279036269539
631.00977	0.000733124081053467	-0.00068555341069659
562.33929	0.000726446397815216	-0.000612010895338629
501.12231	0.000722559055237968	-0.000549679888639875
446.57214	0.000717225024066129	-0.000490951069435291
398.08899	0.000711594582029458	-0.00044091710502338
354.88681	0.000704940495068493	-0.000391905509730794
316.31589	0.000704182169223744	-0.000349375646887106
281.8942	0.00070120490648414	-0.00031051439498168
251.20601	0.000698270340522361	-0.000276133386925128
223.92496	0.000694573458573278	-0.000243400243147926
199.55338	0.000694114486323378	-0.000216056231552855
177.78128	0.000693651453180905	-0.000189766012400662
158.52898	0.000694325896789435	-0.000164587629993975
141.21979	0.000695017674645949	-0.000144118710933584
125.92673	0.000693319252917672	-0.000124243799920319
112.19009	0.000695850189583852	-0.000106784464178135
99.968163	0.000696837969638495	-9.00927531671179e-05
89.115646	0.000700759434327726	-7.67752010868512e-05
79.415741	0.000702612160136983	-6.34056413974237e-05
70.793182	0.000705050517679763	-5.30012098553659e-05
63.082279	0.000705618137772167	-4.27325933023981e-05
56.241825	0.000710776828134876	-3.29503394015005e-05
50.112232	0.000712160352377497	-2.34987772412195e-05
44.671223	0.000714162039758723	-1.72865796018903e-05
39.808899	0.000718513040358924	-1.37039747951676e-05
35.488308	0.000722535261064887	-8.13015138772156e-06
31.629578	0.00072570822860792	-2.06567982244881e-06
28.187037	0.000727330788678248	3.86640205412793e-06
25.120602	0.000731328559731884	4.16481782463188e-06
22.385418	0.000733611072870837	7.37580755458323e-06
19.955338	0.000735027450286541	7.76986224937483e-06
17.775894	0.000738786978285278	1.12156186754503e-05
15.846864	0.000742568937704013	1.12572901525977e-05
14.127493	0.000744401754591821	1.39715001409717e-05
12.587309	0.000746396104884753	1.27740602498462e-05
11.216775	0.00074974630166504	1.56929879774326e-05
9.9968166	0.000748392211946666	1.30245265044686e-05
8.9082127	0.00075272044324171	1.47924006587761e-05
7.9395623	0.000752745730856092	1.60874540589301e-05
7.0765615	0.000755695128296229	1.68634050399604e-05
6.3105822	0.000758356626365587	1.59430574973181e-05
5.6245475	0.000757692778995051	1.71428154562741e-05
5.0112233	0.000760306417625248	1.68630055877239e-05
4.4642835	0.000762402505691991	1.73669772921818e-05
3.9819033	0.000763253266838684	1.5844419767477e-05
3.5479143	0.000764101622360509	1.62272200298169e-05
3.1629577	0.000765311145240208	1.69735319980482e-05
2.818361	0.000767211576056496	1.74735950554217e-05
2.5112481	0.000765352154533941	1.75531421032545e-05
2.2398233	0.000767886006535266	1.6375229130431e-05
1.9950197	0.000768591461888018	1.80966493607331e-05
1.7775893	0.000769721628563919	1.90232195875598e-05
1.5846864	0.000771289267200633	1.74854188824785e-05
1.4122353	0.000772427946285735	1.76948193781116e-05
1.2582541	0.000775109369656492	1.89579732142991e-05
1.1224822	0.000776143007080241	1.92323336850082e-05
1.0000616	0.000775505376317767	1.99534877253805e-05
0.89082122	0.000778281409439088	1.99145643369641e-05
0.79444051	0.000779123003261335	2.03480357929307e-05
0.70784986	0.000779050606367755	2.18604104761671e-05
0.63126236	0.000782029038058006	2.19575408259264e-05
0.562536	0.000783578243119627	2.39292581681858e-05
0.50118715	0.000783199758241877	2.23487839397149e-05
0.44642836	0.000786770570671612	2.28738914187367e-05
0.39821118	0.00078927374230646	2.59602328712723e-05
0.35475865	0.000787916580627251	2.62593456092581e-05
0.31619295	0.000791303815108834	2.95281510873147e-05
0.2819173	0.000791080838879825	2.90431002218275e-05
0.25117323	0.000792290815448587	2.85424967416199e-05
0.22391155	0.000796192281209472	3.1568973934519e-05
0.19957349	0.000798339645387131	3.19885979124274e-05
0.17779917	0.000801391820784723	3.49141238926522e-05
0.15846863	0.000802550802909278	3.60728349706289e-05
0.14123619	0.000802440088225104	3.82738342365166e-05
0.12590662	0.000806141624783568	3.80825069878527e-05
0.1122199	0.000806834946806749	4.0050200778977e-05
0.10002181	0.00081124661804279	4.36990960509257e-05
