10002.226	0.00116191272704449	-0.00952188047464464
8914.9326	0.00112084937233687	-0.00852322137943269
7943.9951	0.00108221145475356	-0.00763039846001807
7081.583	0.00104555278046598	-0.00683267797605273
6307.7358	0.00101582862563056	-0.00611314394431401
5622.5879	0.000985163831630464	-0.00547184709641856
5011.603	0.000956063036045458	-0.0048993608325563
4466.4292	0.000932073601403233	-0.00438489605574251
3981.2773	0.000906604308304682	-0.00392741907067452
3548.8679	0.000885022967960075	-0.00351799564757088
3163.0398	0.000866933512393933	-0.00315146859275505
2819.0986	0.000847164724656369	-0.0028183984678164
2512.4104	0.000831899912784157	-0.0025260081147538
2239.2869	0.000818038173350947	-0.00226588488581856
1995.6381	0.000804253746657911	-0.00202828903891145
1778.2897	0.000794178079012164	-0.00181669293675
1584.4927	0.000779651678932239	-0.00162627635458824
1412.7418	0.000767346394299149	-0.00145944567205637
1258.7905	0.000757646795898881	-0.00130830682961312
1121.7966	0.000750187660743367	-0.00117479418329505
999.68164	0.000740638943790899	-0.00105111145398638
891.42474	0.000732714654883101	-0.000945002112601192
794.23932	0.000726448262511585	-0.000846692370700948
707.96161	0.000719128495060442	-0.000760206506152973
631.00977	0.000711155174522562	-0.000682830190891636
562.33929	0.000705379676225874	-0.000609557325701319
501.12231	0.000698520093336715	-0.000548101930990347
446.57214	0.00069445931846666	-0.000489314402022156
398.08899	0.000687000809447649	-0.000439834731207921
354.88681	0.000684416394685497	-0.000388705049504825
316.31589	0.000682384623232963	-0.00034843428133804
281.8942	0.000677211211884835	-0.000310937200182034
251.20601	0.000674365430408077	-0.000272527744986018
223.92496	0.000673129731982654	-0.000242517422822983
199.55338	0.000673002519226091	-0.000215297487978845
177.78128	0.00067037095885123	-0.000187728422542627
158.52898	0.000670830166461349	-0.000164568128402316
141.21979	0.000672567637074104	-0.000142205766464617
125.92673	0.000673276662924405	-0.000122655219171784
112.19009	0.000675071716817467	-0.000106576163891453
99.968163	0.000675756971000291	-8.77177465450333e-05
89.115646	0.000676372719903054	-7.5747694869735e-05
79.415741	0.000678395349046917	-6.16101119540836e-05
70.793182	0.000681822253646393	-5.07161155290066e-05
63.082279	0.000685510181944404	-3.82225445964621e-05
56.241825	0.000689443003672893	-3.33046719129615e-05
50.112232	0.000690545252784926	-2.21083344927279e-05
44.671223	0.00069334661694639	-1.82869994801621e-05
39.808899	0.000696583112323834	-1.23685419112359e-05
35.488308	0.000698802189896963	-6.33678069046468e-06
31.629578	0.000703421378413075	-2.54568292990235e-06
28.187037	0.000703748492509982	9.12527555696801e-07
25.120602	0.000707723547621456	4.80720476869805e-06
22.385418	0.000711905913686246	7.36638608290046e-06
19.955338	0.000714847340997355	6.1378602363468e-06
17.775894	0.000717555123595189	1.2998826842289e-05
15.846864	0.000719118374497207	9.39453247186324e-06
14.127493	0.000721866618872465	1.40462901281497e-05
12.587309	0.000723923714190756	1.44319512604685e-05
11.216775	0.000725790003291813	1.37015851146375e-05
9.9968166	0.000727997568040665	1.34814007273929e-05
8.9082127	0.000729416128577422	1.55930820561651e-05
7.9395623	0.000731508035629488	1.46284958405281e-05
7.0765615	0.000733225455999595	1.87848719361622e-05
6.3105822	0.000736517504939608	1.65744576041603e-05
5.6245475	0.000737124545239002	1.56939621358016e-05
5.0112233	0.000738188536959492	1.64858964545849e-05
4.4642835	0.000740314153897816	1.68775382735193e-05
3.9819033	0.000739610427837208	1.73877864204176e-05
3.5479143	0.000741914796098603	1.77626227303012e-05
3.1629577	0.000743627610763917	1.70422097002252e-05
2.818361	0.000744548016449439	1.74109451070063e-05
2.5112481	0.00074482720519751	1.66762251936379e-05
2.2398233	0.000743547749107915	1.79477626242001e-05
1.9950197	0.00074733090409044	1.6219608173861e-05
1.7775893	0.000747772157579579	1.67311989825098e-05
1.5846864	0.000750132020483623	1.78688826336541e-05
1.4122353	0.000748713809036916	1.76483154244455e-05
1.2582541	0.000752919529330382	2.01867993722787e-05
1.1224822	0.000752946299921467	2.13142353561391e-05
1.0000616	0.000754892416253409	2.13189390190112e-05
0.89082122	0.000754663974315428	2.17249411463741e-05
0.79444051	0.000755634813570736	2.08072633914732e-05
0.70784986	0.000757170721754694	2.20957060041428e-05
0.63126236	0.000759347828684714	2.1171124701329e-05
0.562536	0.000760962237135994	2.16911034733344e-05
0.50118715	0.000760378475976453	2.2806185039185e-05
0.44642836	0.000764493521533565	2.20820973495962e-05
0.39821118	0.000766094245197802	2.72100676331916e-05
0.35475865	0.000765156568019996	2.53754150731505e-05
0.31619295	0.000768633223895077	2.8093575322928e-05
0.2819173	0.000770240683246846	2.78038998131922e-05
0.25117323	0.0007703399480959	3.06510737603633e-05
0.22391155	0.000773263925403823	2.96969812377674e-05
0.19957349	0.000774220545791883	3.09897179390225e-05
0.17779917	0.000777511048438404	3.4077702362465e-05
0.15846863	0.00077948840483167	3.56125944098381e-05
0.14123619	0.000781055659949867	3.776714125744e-05
0.12590662	0.000781671427909876	3.90462110296211e-05
0.1122199	0.000784967201184794	4.07528095177235e-05
0.10002181	0.000788987136702893	4.3373417835232e-05
