10002.226	0.00115991988635876	-0.00952318226084807
8914.9326	0.00112084180690715	-0.00852499483872695
7943.9951	0.00108108344690857	-0.00762952046564947
7081.583	0.0010463069147889	-0.00683133057673499
6307.7358	0.00101640699472634	-0.00611161152545687
5622.5879	0.000984383768085105	-0.00547186138916382
5011.603	0.00095513535312138	-0.00489923150604353
4466.4292	0.000931081924250625	-0.00438599097979267
3981.2773	0.00090751777357467	-0.00392661903371129
3548.8679	0.000884336625845177	-0.00351623084120827
3163.0398	0.000866609869698472	-0.00315021968610717
2819.0986	0.000848114968133325	-0.00282019710689631
2512.4104	0.000832295877888498	-0.00252579463001642
2239.2869	0.00081748145840945	-0.00226255170914912
1995.6381	0.000805566404122968	-0.00202643586807274
1778.2897	0.000791822752210562	-0.00181809096171637
1584.4927	0.00077850407944626	-0.00162886121597746
1412.7418	0.000765822494874818	-0.00146146031862168
1258.7905	0.000759724400806978	-0.0013086203402296
1121.7966	0.00074920513693064	-0.00117478543808346
999.68164	0.000739987224265206	-0.00104997622910531
891.42474	0.000733781742956993	-0.000945232835052085
794.23932	0.000723261176983854	-0.000846640207596943
707.96161	0.000718305565172371	-0.000758146407677561
631.00977	0.000710942751711268	-0.000685488888970921
562.33929	0.000706263605387813	-0.000610609296676198
501.12231	0.000699553316772475	-0.000547515993550052
446.57214	0.000693773468906596	-0.000490106004085455
398.08899	0.000689021020314075	-0.000437301577150348
354.88681	0.000683224691700566	-0.000390142200669079
316.31589	0.00068164105930669	-0.00034678053213479
281.8942	0.000678559155076268	-0.000308785504927662
251.20601	0.00067205505017351	-0.000274025985399568
223.92496	0.000673166275494372	-0.000242531084528022
199.55338	0.000673073715338019	-0.000217503970364091
177.78128	0.000670465203944375	-0.000187114801526864
158.52898	0.000671123758106206	-0.0001613672083461
141.21979	0.000670649225819329	-0.000144492474272525
125.92673	0.000673192304035799	-0.000124844333088921
112.19009	0.000674599387929523	-0.000107856805676787
99.968163	0.000675078205258324	-8.75477603421681e-05
89.115646	0.000677180949735558	-7.54491024172563e-05
79.415741	0.000679929397582604	-6.35348010477325e-05
70.793182	0.000682309154138738	-5.14859614588315e-05
63.082279	0.000684503498408161	-4.01818982098893e-05
56.241825	0.000689929025621831	-3.17314781625763e-05
50.112232	0.000690112817461771	-2.36510406156111e-05
44.671223	0.000693744608811623	-1.89742173797789e-05
39.808899	0.000696365183490158	-1.4721568781617e-05
35.488308	0.000699620825217871	-7.69505094964539e-06
31.629578	0.000702353381277545	-8.4339848280274e-07
28.187037	0.000706519408054585	2.03806713435803e-06
25.120602	0.000707134293004835	3.92238745116181e-06
22.385418	0.00071098947601202	5.94399901929451e-06
19.955338	0.000714624390699178	6.50264695638341e-06
17.775894	0.000718499949940315	1.24400891512132e-05
15.846864	0.000720216428109749	1.16329263693329e-05
14.127493	0.000721573578889573	1.2827508126829e-05
12.587309	0.000724811560977294	1.42410497014159e-05
11.216775	0.000724952692998121	1.24119990475122e-05
9.9968166	0.000727557201276564	1.53880488875349e-05
8.9082127	0.000728308175828218	1.47225794259988e-05
7.9395623	0.000729550159493983	1.62153530422767e-05
7.0765615	0.000733375170280228	2.02995293436148e-05
6.3105822	0.000735762476913966	1.72980498568363e-05
5.6245475	0.00073878758743184	1.60875241279424e-05
5.0112233	0.000738132531501514	1.65476208866181e-05
4.4642835	0.000737863171642451	1.63800610186428e-05
3.9819033	0.000740342276785849	1.62561966812203e-05
3.5479143	0.000740804671907851	1.64782934265765e-05
3.1629577	0.000743977923927466	1.69212089888693e-05
2.818361	0.000744225281799887	1.65328566860597e-05
2.5112481	0.000744037289167518	1.58132643988088e-05
2.2398233	0.000745245252204875	1.66976027488048e-05
1.9950197	0.000746547820732057	1.76267516872891e-05
1.7775893	0.000747547474489204	1.65285680733532e-05
1.5846864	0.000748318015871157	1.66655928491935e-05
1.4122353	0.000749271375570183	1.89062231174128e-05
1.2582541	0.000751116983673558	1.81198954855906e-05
1.1224822	0.000752273992440276	2.00856797470583e-05
1.0000616	0.000753907372663835	2.12774374243215e-05
0.89082122	0.000753881908313884	1.89738319046971e-05
0.79444051	0.00075607619814898	2.05953674319041e-05
0.70784986	0.000757790824789641	2.31030086675494e-05
0.63126236	0.000759544397864046	2.25061015300841e-05
0.562536	0.000759849893539275	2.27228296185955e-05
0.50118715	0.000761732578186562	2.40308100099777e-05
0.44642836	0.000763466849591994	2.37622372815236e-05
0.39821118	0.000766925807622545	2.72855329702976e-05
0.35475865	0.000766496019486565	2.53228548917183e-05
0.31619295	0.00077003149653087	2.6888365090828e-05
0.2819173	0.000768115253282244	2.90496243191173e-05
0.25117323	0.000772664625230057	2.94585162619044e-05
0.22391155	0.000773089579315433	3.06926251529033e-05
0.19957349	0.000773292481342658	3.27029460614905e-05
0.17779917	0.000776010457240785	3.14727555722477e-05
0.15846863	0.000780494559875319	3.47484888613699e-05
0.14123619	0.000781889750753871	3.86085404594255e-05
0.12590662	0.000783646847094536	3.91838525215674e-05
0.1122199	0.000782933180575514	4.01779784534127e-05
0.10002181	0.000788918537068193	4.21673411047051e-05
