10002.226	0.00115904139271595	-0.00952135496578514
8914.9326	0.00112119432434736	-0.00852339530631192
7943.9951	0.00108285183476029	-0.00762969692593401
7081.583	0.00104823701230113	-0.0068294915390686
6307.7358	0.00101547735870295	-0.0061107136837916
5622.5879	0.00098367373971686	-0.00546867708068721
5011.603	0.000955765668209029	-0.00489973358034031
4466.4292	0.000932205542374132	-0.00438688926851612
3981.2773	0.000908246691381219	-0.00392852299686743
3548.8679	0.000885012289715185	-0.00351675714007652
3163.0398	0.000865868776718144	-0.00315085129015654
2819.0986	0.000849587642678746	-0.00282138213206853
2512.4104	0.000832775124675897	-0.0025254291896209
2239.2869	0.000817710617005945	-0.00226302546799681
1995.6381	0.000806850658787631	-0.00202733310175584
1778.2897	0.000792964932452826	-0.00181564180571012
1584.4927	0.000779853003740387	-0.00162616504135076
1412.7418	0.000767621613823037	-0.00145901404065644
1258.7905	0.000762049038768197	-0.00130796345493081
1121.7966	0.000749741463721352	-0.00117400884904985
999.68164	0.000739122429275544	-0.00105166214481394
891.42474	0.00073339388025097	-0.000944779662021627
794.23932	0.000725335683502007	-0.000850613477468228
707.96161	0.00071734290215234	-0.000758687949830946
631.00977	0.000709117683997466	-0.000682428330982322
562.33929	0.000705127475269402	-0.000613045220428431
501.12231	0.000700649126890543	-0.000547012591533589
446.57214	0.000693278533017828	-0.000489574212766978
398.08899	0.000688625403544751	-0.000437048273364262
354.88681	0.000684173780342942	-0.00039105612885421
316.31589	0.000682627146160179	-0.000346641617421406
281.8942	0.000679601030467379	-0.000309469818217249
251.20601	0.000676062447037796	-0.000274315371569263
223.92496	0.00067435971834765	-0.000243805151796141
199.55338	0.000672921437927715	-0.000215218112355963
177.78128	0.000671088868280534	-0.000188363016645442
158.52898	0.000670008014416646	-0.000161770670251015
141.21979	0.000671208217288007	-0.000143105802059911
125.92673	0.000671942659722704	-0.000121544187202744
112.19009	0.000674149870518131	-0.000109336542932566
99.968163	0.000676208111677594	-8.8376861064885e-05
89.115646	0.000677425042505057	-7.40702903454619e-05
79.415741	0.000678904624991294	-6.21840215513919e-05
70.793182	0.000680996146510311	-4.98916965243551e-05
63.082279	0.000684745774584283	-3.97918771580201e-05
56.241825	0.000687862743629871	-3.21952107148584e-05
50.112232	0.000690534359479853	-2.38489383257051e-05
44.671223	0.000692783495390748	-1.8505032352501e-05
39.808899	0.000696638178284308	-1.25308805653218e-05
35.488308	0.000699615647997462	-7.96480967292414e-06
31.629578	0.000704824530817783	-2.25565912612585e-06
28.187037	0.000704492857471945	2.98244255958263e-07
25.120602	0.000708756932700166	3.599084858928e-06
22.385418	0.000710386109348356	4.57006792849193e-06
19.955338	0.000713757359953458	9.12078460327321e-06
17.775894	0.000718642374565087	1.11584306068451e-05
15.846864	0.000719270590487375	1.00641611195324e-05
14.127493	0.000719595404572709	1.38241844620415e-05
12.587309	0.000723310765336012	1.27278273006722e-05
11.216775	0.000725864664237858	1.37929016442298e-05
9.9968166	0.000727123069025656	1.31301397885971e-05
8.9082127	0.000729287513905798	1.56360563926616e-05
7.9395623	0.000730385178612116	1.59340768175867e-05
7.0765615	0.000732537793077534	1.64259239220151e-05
6.3105822	0.000734462931290686	1.57744071023086e-05
5.6245475	0.000736035163673453	1.62994423366066e-05
5.0112233	0.000740546621878725	1.66376513402375e-05
4.4642835	0.000738480429661228	1.42641384568334e-05
3.9819033	0.000739975195762141	1.89697616069187e-05
3.5479143	0.000741653817187998	1.57812238374138e-05
3.1629577	0.000742803357665894	1.93695307212274e-05
2.818361	0.000744788921639114	1.78433040854792e-05
2.5112481	0.000745194359839061	1.76834490224513e-05
2.2398233	0.00074602264888151	1.53417686287803e-05
1.9950197	0.000745744449024694	1.65885403837705e-05
1.7775893	0.000748369359239948	1.61148538869851e-05
1.5846864	0.000749600987434363	1.6796339055735e-05
1.4122353	0.000750499405708355	1.77565325078803e-05
1.2582541	0.000751926838483875	1.95855468286936e-05
1.1224822	0.000752547289716008	1.82016102052931e-05
1.0000616	0.000755117410374564	1.76023648210827e-05
0.89082122	0.000754351994479384	2.03711448313715e-05
0.79444051	0.000757562164196779	2.0651442873034e-05
0.70784986	0.000755090790049519	2.24019872753787e-05
0.63126236	0.000760322960735225	2.29933503319712e-05
0.562536	0.000761475654744417	2.04335216644413e-05
0.50118715	0.000762079461696043	2.26468327855953e-05
0.44642836	0.000763762330755927	2.22927544495652e-05
0.39821118	0.000764416790824351	2.62586177030143e-05
0.35475865	0.000765772753530809	2.53030788393988e-05
0.31619295	0.000767025647329207	2.6078857027583e-05
0.2819173	0.000770620575765108	2.69038451149385e-05
0.25117323	0.000769798824783884	2.87198596507963e-05
0.22391155	0.000774392965633902	3.12913397941483e-05
0.19957349	0.000774029721921895	3.36150948840923e-05
0.17779917	0.000777476074871753	3.34397196470549e-05
0.15846863	0.000778479495352914	3.40158802085147e-05
0.14123619	0.000781361269043896	3.65380621075782e-05
0.12590662	0.000784158167892571	4.02524821810725e-05
0.1122199	0.00078564392346927	4.16886614441459e-05
0.10002181	0.000787529458982123	4.20676480756108e-05
