10002.226	0.00116121445954749	-0.00951999327858653
8914.9326	0.00111884738068832	-0.0085228260018998
7943.9951	0.00108101779162768	-0.00763008788021291
7081.583	0.00104821412131627	-0.00683025653621836
6307.7358	0.0010142501471953	-0.00611362786359483
5622.5879	0.000982591377795517	-0.00547168235871163
5011.603	0.000956570139770381	-0.00489894803003173
4466.4292	0.000931321227283493	-0.00438613407128729
3981.2773	0.00091047632630619	-0.00392695816297484
3548.8679	0.000883686429982641	-0.00351651008504429
3163.0398	0.000865733186101044	-0.0031516106269077
2819.0986	0.000850459480575158	-0.00281942331732209
2512.4104	0.000834898518431298	-0.00252591390867093
2239.2869	0.000817924794271978	-0.00226392581151475
1995.6381	0.000802982315702925	-0.00202883471495084
1778.2897	0.000793014883393219	-0.00181668374066628
1584.4927	0.000780182190624855	-0.00162885890255312
1412.7418	0.000768420208149131	-0.00145910428007929
1258.7905	0.000760022708425944	-0.00130746745542719
1121.7966	0.000750263568695289	-0.00117412494285573
999.68164	0.000739790379774042	-0.00105385836078679
891.42474	0.000732696688942531	-0.000944827884071031
794.23932	0.000723116411852418	-0.000847897376651384
707.96161	0.000717127869986692	-0.000760060185608896
631.00977	0.000711263299785903	-0.000681317125881613
562.33929	0.00070699080868975	-0.000610644833844375
501.12231	0.000699268487292484	-0.000546675899167571
446.57214	0.000694368491158882	-0.00048931790316426
398.08899	0.000690244135254429	-0.000437605890481846
354.88681	0.000683909340351762	-0.0003895711933563
316.31589	0.000682564133674074	-0.000346532491601238
281.8942	0.000680666420355133	-0.000311188985573534
251.20601	0.000675267263530164	-0.000273724636201044
223.92496	0.000674709564711311	-0.000242010065734831
199.55338	0.000672337208627766	-0.000213431801242862
177.78128	0.000671162980372867	-0.000184973561442031
158.52898	0.000672051338938433	-0.000161858613816556
141.21979	0.000671030087532317	-0.000143497200765537
125.92673	0.000671929681436619	-0.000121924737980221
112.19009	0.000674758767066819	-0.000108230648588857
99.968163	0.000673170286098389	-8.91212273432556e-05
89.115646	0.000677096310000448	-7.66333194735109e-05
79.415741	0.000678130494739251	-6.21195761170382e-05
70.793182	0.000680617182690554	-4.97091561255359e-05
63.082279	0.00068382145345894	-3.94673623202436e-05
56.241825	0.000688084258106989	-3.25773378462557e-05
50.112232	0.000690048084112919	-2.18673333807474e-05
44.671223	0.000691244632563383	-1.88433418164545e-05
39.808899	0.000698404022823604	-1.13867559859848e-05
35.488308	0.000699164504847569	-5.96471851569992e-06
31.629578	0.000702731777260437	-2.40999811518588e-06
28.187037	0.000706924349889331	1.95614100656947e-06
25.120602	0.000708230597404366	4.11085848681565e-06
22.385418	0.000712369108922572	7.33801121304617e-06
19.955338	0.000714027033489915	8.37184805711757e-06
17.775894	0.000717269105094219	1.25647596070682e-05
15.846864	0.000718362440294397	1.11399312754473e-05
14.127493	0.000723349424717749	1.28293887123715e-05
12.587309	0.000724226780485449	1.27906353120322e-05
11.216775	0.000723905755743067	1.58537486357423e-05
9.9968166	0.000727548658173094	1.32383089423029e-05
8.9082127	0.000728492432412302	1.48993333100767e-05
7.9395623	0.000731141811562853	1.44993335209135e-05
7.0765615	0.000734439958401468	1.83921115939585e-05
6.3105822	0.0007338636507491	1.69853483807893e-05
5.6245475	0.000735897577828751	1.66755663151057e-05
5.0112233	0.000738124932203852	1.66811526343666e-05
4.4642835	0.00073954169449804	1.47689046322525e-05
3.9819033	0.000738985281325752	1.68723515993723e-05
3.5479143	0.00074046858828174	1.78535332740366e-05
3.1629577	0.000742615574749429	1.56969523201458e-05
2.818361	0.000744947535897082	1.81356108200771e-05
2.5112481	0.000743862950607063	1.60018928034344e-05
2.2398233	0.000743708960351728	1.71105158121878e-05
1.9950197	0.000747517008491901	1.81201561119676e-05
1.7775893	0.000747135140930766	1.83311149011252e-05
1.5846864	0.000748442056086123	1.75746708882131e-05
1.4122353	0.00074965503615573	1.8628273725561e-05
1.2582541	0.000752578313617491	2.02933080148809e-05
1.1224822	0.000753211938202393	2.01741429122279e-05
1.0000616	0.000753799884308775	2.18727228622562e-05
0.89082122	0.000754480382003338	2.12920219809201e-05
0.79444051	0.000756721519127738	1.8642646090434e-05
0.70784986	0.000758380505070565	2.09913994970857e-05
0.63126236	0.000758669513390349	2.09169940250771e-05
0.562536	0.000760689617680852	2.40232401260047e-05
0.50118715	0.000763177684954574	2.25350791210607e-05
0.44642836	0.000762210556080509	2.43814534376401e-05
0.39821118	0.000765275520675988	2.41659128150765e-05
0.35475865	0.000765899275134243	2.59246179853395e-05
0.31619295	0.000766213915765237	2.7819225425232e-05
0.2819173	0.000769814750795682	2.86486478499961e-05
0.25117323	0.000772684370852133	2.73927795256642e-05
0.22391155	0.000771570696598349	3.02462750698393e-05
0.19957349	0.000776236639423845	3.34467110319686e-05
0.17779917	0.000776306410646391	3.56132100571712e-05
0.15846863	0.000777533962925998	3.54745312791413e-05
0.14123619	0.00078235477368858	3.77252591229565e-05
0.12590662	0.000781691107286508	3.95875973199125e-05
0.1122199	0.000785219246707606	4.11409711355046e-05
0.10002181	0.00078676753139521	4.07032599463121e-05
