10002.226	0.00116096569443541	-0.00951993291761779
8914.9326	0.00112069741449054	-0.00852507104382646
7943.9951	0.00108172132173247	-0.00762939738888894
7081.583	0.00104722890868977	-0.00683036153615474
6307.7358	0.00101565079624784	-0.00611129864935742
5622.5879	0.000983844912167483	-0.00547352989053418
5011.603	0.000955173551255392	-0.00489932930843801
4466.4292	0.000930747041009912	-0.00438444785154215
3981.2773	0.000908683299768162	-0.00392871898799344
3548.8679	0.000882826492685918	-0.00351928199964137
3163.0398	0.000865455225879903	-0.0031491912645502
2819.0986	0.000848805869678197	-0.00281969227928362
2512.4104	0.000832196951729234	-0.00252496255190604
2239.2869	0.000817963905772444	-0.00226563715844677
1995.6381	0.000805817476875324	-0.00202754806714532
1778.2897	0.000792337790733502	-0.00181690796934923
1584.4927	0.000778206209664058	-0.00162619691211186
1412.7418	0.000767186356045876	-0.00146037745875956
1258.7905	0.000758447991026242	-0.00130925603688468
1121.7966	0.000750011438397012	-0.00117590358043398
999.68164	0.000741287722865258	-0.00105285705127777
891.42474	0.00073337601681209	-0.000945795555811829
794.23932	0.000726474131839584	-0.000846233957307949
707.96161	0.000716534931700928	-0.000760220318523842
631.00977	0.000710159848955729	-0.000681764090844452
562.33929	0.00070335311462405	-0.000609772481489689
501.12231	0.000700610831061713	-0.000549773090215646
446.57214	0.000692910467605412	-0.00048874820331941
398.08899	0.00068769851650506	-0.00043939031742042
354.88681	0.000684740133237371	-0.000391566554975894
316.31589	0.000682869800063493	-0.000348262882169828
281.8942	0.000678632036447017	-0.00030811943323517
251.20601	0.000674170131680072	-0.000275171664142544
223.92496	0.000672000261004658	-0.000242205687037956
199.55338	0.000672926228078549	-0.000212644884549384
177.78128	0.000671302627716307	-0.000187177631687859
158.52898	0.00067099498949366	-0.000162884005861336
141.21979	0.000671629025406555	-0.000143631070843157
125.92673	0.000672715527117707	-0.000123076370821735
112.19009	0.00067501888007776	-0.000105465782519649
99.968163	0.000674666011067406	-8.86203977558623e-05
89.115646	0.000675771894103805	-7.68974764228057e-05
79.415741	0.000681400482675916	-6.29135493159077e-05
70.793182	0.000681426622744018	-5.13392294245238e-05
63.082279	0.000684764822278163	-3.91891812767176e-05
56.241825	0.000688311185832399	-3.2487942096474e-05
50.112232	0.000690892481312122	-2.36608216547757e-05
44.671223	0.000691636200042075	-1.68885264316677e-05
39.808899	0.0006966665306029	-1.32287761381425e-05
35.488308	0.000699644760426822	-7.4035930813449e-06
31.629578	0.00070348337399114	-1.71002724476885e-06
28.187037	0.000705431460076137	-7.57069927466518e-07
25.120602	0.000706846270866303	2.71442378827709e-06
22.385418	0.000710960251792291	7.36685486795863e-06
19.955338	0.000716065814285866	9.17828717029231e-06
17.775894	0.000717441115846273	1.10032435984354e-05
15.846864	0.000720365168153551	9.46455849181803e-06
14.127493	0.000722393899026019	1.35863214705385e-05
12.587309	0.000723507668056748	1.27779121772632e-05
11.216775	0.000724064593335967	1.55907922853256e-05
9.9968166	0.000727542892959244	1.25300189465866e-05
8.9082127	0.000728369969415242	1.5791597809493e-05
7.9395623	0.000730017277758654	1.81431153250722e-05
7.0765615	0.000733742013107676	1.79630670178784e-05
6.3105822	0.000734301641227456	1.61188992434358e-05
5.6245475	0.000736333599064493	1.6282668136683e-05
5.0112233	0.000738826590855003	1.77946891760096e-05
4.4642835	0.000740095300167386	1.69616407449951e-05
3.9819033	0.000737853672587998	1.58881863562844e-05
3.5479143	0.000741299809921907	1.53047705335583e-05
3.1629577	0.000744262778618253	1.81348911834721e-05
2.818361	0.0007439209530639	1.72617295251812e-05
2.5112481	0.000744224899304859	1.51968417741276e-05
2.2398233	0.000745345965248739	1.75655440016205e-05
1.9950197	0.000745812353745189	1.79336812731889e-05
1.7775893	0.000748163169824933	1.84444968199631e-05
1.5846864	0.000748827337937842	1.77962458860912e-05
1.4122353	0.000748352757167351	1.75021544184051e-05
1.2582541	0.000749753317643141	2.04609232507773e-05
1.1224822	0.000750228798561011	1.92323271937239e-05
1.0000616	0.000752950404546433	1.81269793809369e-05
0.89082122	0.000758225571417709	2.04165788844773e-05
0.79444051	0.000755928423674422	2.00509815898338e-05
0.70784986	0.000759034071716716	2.13411904046941e-05
0.63126236	0.000759705200093939	2.21167367485895e-05
0.562536	0.000760173226432099	2.18993254748226e-05
0.50118715	0.000760124723438416	2.35700352495773e-05
0.44642836	0.000763337698526114	2.38296374578894e-05
0.39821118	0.000765231865402124	2.44243414212584e-05
0.35475865	0.000764579932052968	2.79021171136213e-05
0.31619295	0.00076674074027258	2.56724435188453e-05
0.2819173	0.00077069534157842	2.87689920315352e-05
0.25117323	0.000771812972725539	2.85149070750891e-05
0.22391155	0.000771803730422547	3.09458707689194e-05
0.19957349	0.000773375451878944	2.99440426196084e-05
0.17779917	0.000776053926325213	3.30030835035667e-05
0.15846863	0.00077725543182719	3.39981291913094e-05
0.14123619	0.000781954814834176	3.56997523091651e-05
0.12590662	0.000784291173228765	3.79855199475657e-05
0.1122199	0.000786951125403787	4.05854301387568e-05
0.10002181	0.000788043602722579	4.28795774968537e-05
