10002.226	0.00115970263348114	-0.00952134774472792
8914.9326	0.00111971896535591	-0.00852508331383416
7943.9951	0.00108251855219546	-0.00763090529531881
7081.583	0.00104825441405855	-0.00683137952971221
6307.7358	0.00101590810082847	-0.00611140209660981
5622.5879	0.000982631432537345	-0.00546943512560923
5011.603	0.000954263453390876	-0.00489880550992938
4466.4292	0.000931872851230669	-0.0043856988997263
3981.2773	0.000907964101349358	-0.00392669687681664
3548.8679	0.000884525990751556	-0.00351538578862764
3163.0398	0.000868164335610725	-0.00315023420412659
2819.0986	0.000848051768514671	-0.00281948605140151
2512.4104	0.000831984154977418	-0.00252557617960836
2239.2869	0.000816767079188632	-0.00226330010165861
1995.6381	0.00080540814026769	-0.00202812930543597
1778.2897	0.000791294675061969	-0.00181620113800656
1584.4927	0.000779880560942346	-0.00162697475171435
1412.7418	0.000767135446950553	-0.00145839836696786
1258.7905	0.000760526789279216	-0.00130857739769924
1121.7966	0.00074976256217305	-0.0011758539840023
999.68164	0.000744098662199385	-0.00105148492362524
891.42474	0.000733474292028866	-0.000944065480304964
794.23932	0.000727730597927916	-0.000846277618185596
707.96161	0.000719781937504534	-0.000758796326283708
631.00977	0.000710149331321858	-0.000683335248398064
562.33929	0.000706018098421098	-0.000611577206353528
501.12231	0.00070049840641028	-0.000547867736262257
446.57214	0.000695533069151188	-0.000488168617458559
398.08899	0.000689088910881994	-0.000437434114307813
354.88681	0.000685170224632616	-0.000390621109020272
316.31589	0.000681277758781031	-0.000347061825837738
281.8942	0.000677670867609641	-0.000311222049998005
251.20601	0.000675001797584378	-0.00027618510522318
223.92496	0.000673452138562966	-0.000242889700452022
199.55338	0.000672762012497109	-0.000215302383199552
177.78128	0.000670879577047902	-0.000185808810496782
158.52898	0.000670792873793043	-0.000165480842762115
141.21979	0.000672059292191185	-0.000142292662715461
125.92673	0.000671046200259186	-0.000123266188262975
112.19009	0.000674942104064697	-0.000106615108307478
99.968163	0.000674893022605495	-8.86651942012303e-05
89.115646	0.000677768100830084	-7.66550100528142e-05
79.415741	0.000680825567378811	-6.3487289766694e-05
70.793182	0.000682514351575094	-4.95737980317122e-05
63.082279	0.000685028239811961	-4.13279322221672e-05
56.241825	0.000689347899188617	-3.40161797189316e-05
50.112232	0.000689279194451778	-2.32249640463203e-05
44.671223	0.000692788546338595	-1.91056991062275e-05
39.808899	0.000697098646960963	-1.25289243537783e-05
35.488308	0.000698652727310304	-7.10305208954222e-06
31.629578	0.00070287758942099	-9.87866532874086e-07
28.187037	0.000705440169339801	2.70274825574276e-08
25.120602	0.000708876756027107	2.96068598873041e-06
22.385418	0.000711639789583692	7.80392145377431e-06
19.955338	0.0007138102091974	7.23866843800652e-06
17.775894	0.000716938044945184	1.16472946148013e-05
15.846864	0.000720653483570511	1.06651927947152e-05
14.127493	0.000723989461392178	1.2565137139809e-05
12.587309	0.00072485661005844	1.43001455014837e-05
11.216775	0.000725220837294045	1.53447399479905e-05
9.9968166	0.000726627230045593	1.45784261968672e-05
8.9082127	0.000729624848409113	1.51698832783284e-05
7.9395623	0.000730034282196951	1.60708982664582e-05
7.0765615	0.000731868061362262	1.90449498651613e-05
6.3105822	0.000735650100557479	1.63094690483945e-05
5.6245475	0.000736396611526784	1.53802508710651e-05
5.0112233	0.000738743692874522	1.76911450461522e-05
4.4642835	0.000740040134293516	1.48009841211663e-05
3.9819033	0.000739545094888719	1.65969058089912e-05
3.5479143	0.000740992938400275	1.79737072193237e-05
3.1629577	0.000743364565362411	1.70858123210928e-05
2.818361	0.000745183967041914	1.69896463322635e-05
2.5112481	0.000746417273858492	1.79471783300643e-05
2.2398233	0.000744743849259206	1.61820292206505e-05
1.9950197	0.000747271381148473	1.56672990184551e-05
1.7775893	0.000748270436365694	1.6362913622814e-05
1.5846864	0.000750060655351822	1.85462380530878e-05
1.4122353	0.000749981442320174	1.69971908994665e-05
1.2582541	0.000750090887136332	2.04283186479167e-05
1.1224822	0.000754212843802807	1.90056011539345e-05
1.0000616	0.000754213554942235	2.02524629792926e-05
0.89082122	0.000757484797090314	1.88543686030285e-05
0.79444051	0.000755368873599585	1.9434105997395e-05
0.70784986	0.000757869722436901	2.19188438008159e-05
0.63126236	0.00075886238375902	2.19049128232852e-05
0.562536	0.000759234770868628	2.32197339022513e-05
0.50118715	0.000761109261012823	2.40739305410087e-05
0.44642836	0.00076452389983665	2.47690534756538e-05
0.39821118	0.000763682744764435	2.56779174153819e-05
0.35475865	0.00076538223834885	2.55719931132253e-05
0.31619295	0.000766919133752788	2.78724246812932e-05
0.2819173	0.000769589768837567	2.90482325359315e-05
0.25117323	0.00077120980975771	2.84881218274126e-05
0.22391155	0.000773283282603823	2.97220028935935e-05
0.19957349	0.0007758789688286	3.11072889412431e-05
0.17779917	0.000776335546046197	3.30571360342974e-05
0.15846863	0.000780051566609464	3.5042230652338e-05
0.14123619	0.000780613210565437	3.6675077449709e-05
0.12590662	0.000782514175495877	3.92829378382324e-05
0.1122199	0.000787595923643455	3.88110140844827e-05
0.10002181	0.000788824304299416	4.29849844404377e-05
