10002.226	0.00115914652360684	-0.00952172930237179
8914.9326	0.00111921056985778	-0.00852273990192581
7943.9951	0.00108260718656437	-0.00763022401855038
7081.583	0.001047742598579	-0.00682997021213738
6307.7358	0.00101691672410128	-0.00611249295102948
5622.5879	0.00098618298237376	-0.00547143938810686
5011.603	0.00095608414361241	-0.0049005749550203
4466.4292	0.000932090551438915	-0.00438528801926747
3981.2773	0.000907733528051091	-0.00392690499582619
3548.8679	0.000883769290379247	-0.00351617567727339
3163.0398	0.000866561723465587	-0.00314988693710876
2819.0986	0.000848784392557601	-0.00281969948655986
2512.4104	0.000832951210650794	-0.0025251471778802
2239.2869	0.000818213380395372	-0.00226362565170696
1995.6381	0.000805355077137105	-0.00202918935832282
1778.2897	0.00079307341207194	-0.00181891020892692
1584.4927	0.000779444521424731	-0.0016280527302676
1412.7418	0.00076699488077777	-0.00145787298889473
1258.7905	0.000759244848129416	-0.00130834123483066
1121.7966	0.000750950787277449	-0.00117440316921208
999.68164	0.000741363456218453	-0.0010513023296083
891.42474	0.000734063258632362	-0.000944490327609444
794.23932	0.000724513833632377	-0.0008484835847889
707.96161	0.000719235789413397	-0.000757705357495892
631.00977	0.000711163446003742	-0.000682238508166663
562.33929	0.000701985410362892	-0.000610217799499276
501.12231	0.000698751034959918	-0.000547874174543065
446.57214	0.00069495492735124	-0.000489377314198259
398.08899	0.000687988387774574	-0.00043839430369479
354.88681	0.00068345327764291	-0.000391929934780954
316.31589	0.000682616426352895	-0.000348496068005081
281.8942	0.000678669103507757	-0.000310004873806189
251.20601	0.00067349891818864	-0.000273986858289013
223.92496	0.000671306439135334	-0.000242808583812327
199.55338	0.000673958118207089	-0.000216743267832662
177.78128	0.000672017789696831	-0.000187010684173684
158.52898	0.000670731670751199	-0.000163670006264707
141.21979	0.000670760580529348	-0.00014287536665677
125.92673	0.000672175147980757	-0.000124355685764675
112.19009	0.000673486962252906	-0.000105942558836631
99.968163	0.000676402716190084	-8.9933088086797e-05
89.115646	0.000676992909931077	-7.61592794627449e-05
79.415741	0.000680012791271681	-6.49667789159021e-05
70.793182	0.000682012636511082	-5.1096324124121e-05
63.082279	0.00068490934873683	-4.07764192562713e-05
56.241825	0.000688793855260772	-3.32522486716308e-05
50.112232	0.000689345901374823	-2.30615631705376e-05
44.671223	0.000693686033397388	-1.74994744608452e-05
39.808899	0.00069569247287017	-1.18972343200217e-05
35.488308	0.000698546647001056	-8.3932155752029e-06
31.629578	0.000701558331895876	-9.86717033463038e-07
28.187037	0.000704353982574439	8.34117058540392e-07
25.120602	0.000709403491089962	3.48338480286899e-06
22.385418	0.000710440083258929	6.16053364562917e-06
19.955338	0.000713130824316468	7.6069581356638e-06
17.775894	0.00071847980473829	1.28671855913701e-05
15.846864	0.000720541236773274	9.72795403192536e-06
14.127493	0.000720649651233306	1.38893686866613e-05
12.587309	0.000724618005547754	1.39438695675455e-05
11.216775	0.000724723897589292	1.28349931047781e-05
9.9968166	0.000727752767040122	1.32294586243776e-05
8.9082127	0.000730793148973671	1.45555446103019e-05
7.9395623	0.000729048668329877	1.43558721713711e-05
7.0765615	0.000732425559592325	1.74255851109873e-05
6.3105822	0.000734468720421038	1.60679008764376e-05
5.6245475	0.000735847710005824	1.60299567542833e-05
5.0112233	0.000738546748884474	1.79110181854754e-05
4.4642835	0.000741616228400782	1.66989160159477e-05
3.9819033	0.000738578970182892	1.53283893068302e-05
3.5479143	0.000740736062135919	1.63986094012221e-05
3.1629577	0.000742486354722927	1.77763853392618e-05
2.818361	0.000743339989064123	1.83830126688148e-05
2.5112481	0.000744380292185776	1.62223621661537e-05
2.2398233	0.00074837086964218	1.66040662470676e-05
1.9950197	0.000747012625951786	1.63865292947151e-05
1.7775893	0.000746577951169164	1.89613754889844e-05
1.5846864	0.000749870942069835	1.81405626106576e-05
1.4122353	0.00074788774772403	1.6884678323714e-05
1.2582541	0.000752957021320423	1.94029844358873e-05
1.1224822	0.000753148394907812	1.79362563671633e-05
1.0000616	0.000752403457757206	1.9578786167046e-05
0.89082122	0.000755789459284839	1.99911230825724e-05
0.79444051	0.000755300763553172	2.19574719883102e-05
0.70784986	0.000759139909884914	2.21648916770379e-05
0.63126236	0.000760715517975924	2.17117266386745e-05
0.562536	0.000759682224279837	2.11480711719191e-05
0.50118715	0.000762328314598776	2.37696433997185e-05
0.44642836	0.000764707242182365	2.39646838164414e-05
0.39821118	0.000765155849393432	2.5235258879912e-05
0.35475865	0.000764637043800568	2.55941625783046e-05
0.31619295	0.000768133405376772	2.64859608221188e-05
0.2819173	0.000771603257008591	2.92692012320664e-05
0.25117323	0.000768788197616785	2.97141702370092e-05
0.22391155	0.000773244586408343	3.15904926334424e-05
0.19957349	0.000773662851629701	3.50141091940449e-05
0.17779917	0.000776347586447599	3.45921616946444e-05
0.15846863	0.000781489914943251	3.68547772121726e-05
0.14123619	0.000782241447819012	3.71559298808551e-05
0.12590662	0.000782988907051564	3.83758677680023e-05
0.1122199	0.000785400834281507	3.8948486393088e-05
0.10002181	0.0007881785231163	4.2748671375517e-05
