10002.226	0.00118214790941382	-0.00950691163689261
8914.9326	0.00114279359513151	-0.00851127551201511
7943.9951	0.00110361101262574	-0.00761804075806962
7081.583	0.00107001546335472	-0.00682332072119258
6307.7358	0.00103918888577025	-0.00610158706879716
5622.5879	0.00100570065118034	-0.00546475710311261
5011.603	0.000978355223019249	-0.00489467490922689
4466.4292	0.000952145138573468	-0.00437822854775583
3981.2773	0.000929382759102632	-0.00392128922530655
3548.8679	0.000906079757047841	-0.00351161662714329
3163.0398	0.000889328728293791	-0.00314592817022546
2819.0986	0.000869175947598401	-0.00281584029138821
2512.4104	0.000853524615831398	-0.00252193583132242
2239.2869	0.000839733817889078	-0.00226117689067434
1995.6381	0.000825006771628968	-0.00202373019181425
1778.2897	0.000813090725175818	-0.00181474661438378
1584.4927	0.000801031102121659	-0.00162632226907708
1412.7418	0.000790639939335144	-0.00145701952223513
1258.7905	0.000783154398148262	-0.00130763294118266
1121.7966	0.000771099783192022	-0.00117324404102796
999.68164	0.000761704613591482	-0.00104945344396721
891.42474	0.000755453027327773	-0.000942009352500091
794.23932	0.000747403008650164	-0.000846746042088813
707.96161	0.000739573011484894	-0.000758064483213723
631.00977	0.000733555873420965	-0.000681144189949884
562.33929	0.00072818923494887	-0.000609368758479477
501.12231	0.000723244438222033	-0.000548138658413219
446.57214	0.000716492658514513	-0.000488762631797173
398.08899	0.000711243970413984	-0.000437237191179859
354.88681	0.000706479106009833	-0.000389223725950914
316.31589	0.000703966571903951	-0.000347691635268731
281.8942	0.000701460547347554	-0.000309064569357102
251.20601	0.000697441118715209	-0.00027400495449596
223.92496	0.000696689138610264	-0.000241837430309528
199.55338	0.00069385525748355	-0.000213480461652576
177.78128	0.00069439175267986	-0.000186459809611804
158.52898	0.000694316907279415	-0.000163288912579134
141.21979	0.000691871461656475	-0.000142155982831214
125.92673	0.000693054507191074	-0.00012330872634869
112.19009	0.000695507309404887	-0.000107002609487708
99.968163	0.000696065913530757	-8.96296426860915e-05
89.115646	0.000700389141535679	-7.54893191223923e-05
79.415741	0.000698494683705439	-6.35612743526069e-05
70.793182	0.000702059694301481	-5.04746385844394e-05
63.082279	0.000706210451862795	-4.13864874638661e-05
56.241825	0.000711523253878266	-3.19405091030764e-05
50.112232	0.000710746560055374	-2.53414348851589e-05
44.671223	0.000715356754562328	-1.8612406758182e-05
39.808899	0.000717588114875532	-1.33159705717741e-05
35.488308	0.000722969539345039	-6.90817838952443e-06
31.629578	0.000724110345942032	-2.20887474724625e-06
28.187037	0.000728783677913917	4.59401962645744e-07
25.120602	0.000730299854895936	4.58148629581467e-06
22.385418	0.000731570864405551	5.88055693203784e-06
19.955338	0.000739167821072628	7.65969728936929e-06
17.775894	0.000739462151168012	1.06341028208075e-05
15.846864	0.000740713727943299	9.43761910927463e-06
14.127493	0.000746151889726024	1.43036187430636e-05
12.587309	0.00074430745864192	1.36749893832482e-05
11.216775	0.000748554466914553	1.52477361941436e-05
9.9968166	0.000750847899026889	1.48104505883243e-05
8.9082127	0.000751205307529119	1.4178184007375e-05
7.9395623	0.000753714158107928	1.70093212727674e-05
7.0765615	0.000755884359435116	1.76712875181278e-05
6.3105822	0.000758093602136025	1.66101003841193e-05
5.6245475	0.00075787558153409	1.47194404883867e-05
5.0112233	0.000759768858931	1.65283642025959e-05
4.4642835	0.000760415619120723	1.68924911789264e-05
3.9819033	0.00076237596252679	1.54589241355013e-05
3.5479143	0.000763279220964408	1.89289307158396e-05
3.1629577	0.000764493491933794	1.90212055068358e-05
2.818361	0.000765124535314338	1.81910715409042e-05
2.5112481	0.000768381079399573	1.50707639342032e-05
2.2398233	0.000767251333456397	1.77520358449475e-05
1.9950197	0.000768988244606322	1.76817245975638e-05
1.7775893	0.000770213699569947	1.63767064916638e-05
1.5846864	0.000772347745713444	1.93542064493793e-05
1.4122353	0.000771179513463847	1.90441223575975e-05
1.2582541	0.000771865972127972	1.99567611365306e-05
1.1224822	0.000775929758934168	1.91001622746482e-05
1.0000616	0.000775475842727476	1.96114366867482e-05
0.89082122	0.000777503612526131	1.9764169252308e-05
0.79444051	0.000778990039758676	2.11961888812479e-05
0.70784986	0.000781755446419534	2.35891473210958e-05
0.63126236	0.000781186688165381	2.36202508274905e-05
0.562536	0.000783364192141491	2.3851443821111e-05
0.50118715	0.000785525139862317	2.41464051054425e-05
0.44642836	0.000785768577531242	2.37383691452973e-05
0.39821118	0.000786434747616236	2.54029085772821e-05
0.35475865	0.000788436110755654	2.56180193533242e-05
0.31619295	0.000790247662447539	2.81734916323518e-05
0.2819173	0.000792098473669114	2.82330286556635e-05
0.25117323	0.00079448407189376	2.95723414817957e-05
0.22391155	0.000796245553501899	2.92913047767853e-05
0.19957349	0.000796715683246994	3.31498595391885e-05
0.17779917	0.000799380312961711	3.39438262783848e-05
0.15846863	0.000800506808798191	3.56435182813218e-05
0.14123619	0.000802022066505943	3.68836289556116e-05
0.12590662	0.00080591504702498	4.06384076251913e-05
0.1122199	0.000808706402499117	4.11745850784866e-05
0.10002181	0.000808194734042826	4.44785811459639e-05
