10002.226	0.00118335405538322	-0.00950969601666525
8914.9326	0.00114140973576944	-0.00851114121592879
7943.9951	0.00110533318706039	-0.00761902436505309
7081.583	0.00106918854319793	-0.00682193990589299
6307.7358	0.00103752094858122	-0.00610244847933652
5622.5879	0.00100736653278353	-0.00546552702370838
5011.603	0.000977506111461809	-0.00489328404177045
4466.4292	0.000953221125770386	-0.00438097082615032
3981.2773	0.000929538340992772	-0.00392222332072094
3548.8679	0.000905261823354914	-0.00351213404624228
3163.0398	0.000888389104866369	-0.00314679368774956
2819.0986	0.000870892347339286	-0.00281554224303088
2512.4104	0.00085615584820938	-0.00252446770879268
2239.2869	0.00084001595640451	-0.00226123817388662
1995.6381	0.000826482549151979	-0.00202522074992495
1778.2897	0.000814551153055565	-0.0018137847496049
1584.4927	0.00080264269853981	-0.00162549005815418
1412.7418	0.000788799805458979	-0.00145865467340089
1258.7905	0.000780755584494408	-0.00130685868582741
1121.7966	0.00077237834984511	-0.00117259442191462
999.68164	0.000763761520964343	-0.00105143456099329
891.42474	0.000755456607785775	-0.000943314286572547
794.23932	0.000748876384964694	-0.000847659485938745
707.96161	0.000739076681355196	-0.000756995575513416
631.00977	0.000733711743348558	-0.000681760680703403
562.33929	0.00072536813115664	-0.000610178578205798
501.12231	0.000721452201884206	-0.000546274456499641
446.57214	0.000715075406974986	-0.000488127783709341
398.08899	0.000712605630036928	-0.000436244286579814
354.88681	0.000705019464715862	-0.000392542263575732
316.31589	0.00070531934744331	-0.000346314509745787
281.8942	0.000699586799813892	-0.00030814442058878
251.20601	0.000694646464494362	-0.000273526194940561
223.92496	0.000696876681791354	-0.000240616884461811
199.55338	0.000693260575811768	-0.000214479641080695
177.78128	0.000693940622344597	-0.000186837529245881
158.52898	0.000693407282515054	-0.00016422084595611
141.21979	0.000691573935530613	-0.000141233243507786
125.92673	0.000694594033739551	-0.000122275776940526
112.19009	0.000699009772818414	-0.000107067568434158
99.968163	0.000695902802753367	-8.81168723086574e-05
89.115646	0.000698937510644193	-7.54807745355771e-05
79.415741	0.000700054885495561	-6.16389118697669e-05
70.793182	0.000703897715050098	-4.90833370674398e-05
63.082279	0.000707115053800953	-3.91401560798368e-05
56.241825	0.000710970733022769	-3.21288374573204e-05
50.112232	0.000711966406986409	-2.26595671450659e-05
44.671223	0.000713548182176331	-1.73877206942005e-05
39.808899	0.000718432062539812	-1.22895121416245e-05
35.488308	0.000721532543442442	-6.05034260420022e-06
31.629578	0.00072495583657765	-1.66986736032296e-06
28.187037	0.000726041765706248	7.70489533135746e-07
25.120602	0.000729969440959552	3.26573268095278e-06
22.385418	0.000733785371342631	8.32095229323267e-06
19.955338	0.000734732396356825	9.65749200386845e-06
17.775894	0.000739859081566348	1.15304666408011e-05
15.846864	0.000741467552900456	1.02386245488086e-05
14.127493	0.000744959243560609	1.2469268558512e-05
12.587309	0.000745280116058533	1.44843262735371e-05
11.216775	0.000747693314829327	1.55428074891054e-05
9.9968166	0.000748776330976584	1.46006094457781e-05
8.9082127	0.000750847745147185	1.61924405632882e-05
7.9395623	0.000753045096175777	1.36204300984718e-05
7.0765615	0.000755684020199346	1.82695972909964e-05
6.3105822	0.000758890468233908	1.74314833875184e-05
5.6245475	0.000757776535230512	1.6651401920987e-05
5.0112233	0.00075906134028354	1.60464637881222e-05
4.4642835	0.00076051357456194	1.66703084737009e-05
3.9819033	0.000761929675556268	1.6694273781733e-05
3.5479143	0.000763912478200514	1.68053376062313e-05
3.1629577	0.000764342946276416	1.75793367995639e-05
2.818361	0.000766665799067892	1.69281305426451e-05
2.5112481	0.000766970525870445	1.53031232098503e-05
2.2398233	0.000769396433095234	1.62627284421953e-05
1.9950197	0.000769031731778815	1.87748386121199e-05
1.7775893	0.000770761151013463	1.67359660504518e-05
1.5846864	0.000770913621476571	1.76820701349898e-05
1.4122353	0.000772371264776023	1.91266592596669e-05
1.2582541	0.000773588188375304	1.96057118548726e-05
1.1224822	0.000774937709682189	2.0207872115287e-05
1.0000616	0.000775568884660508	1.91492018513088e-05
0.89082122	0.0007763601633684	2.06924899414953e-05
0.79444051	0.000779185282699764	2.16921951964428e-05
0.70784986	0.00078043520422759	1.99726873467355e-05
0.63126236	0.000781767939039505	2.26871730885308e-05
0.562536	0.000782129789292605	2.3508215858022e-05
0.50118715	0.000783088513743149	2.3876936423154e-05
0.44642836	0.000787132715930913	2.48255191578292e-05
0.39821118	0.000787927660415228	2.41745812461475e-05
0.35475865	0.000787839655068787	2.5295564610726e-05
0.31619295	0.00079166144865453	2.57641176591403e-05
0.2819173	0.000790743921379547	3.02616036859474e-05
0.25117323	0.000791244629358458	3.04303488348491e-05
0.22391155	0.000797308289076193	3.13622556572463e-05
0.19957349	0.000797840284910744	3.25494029641256e-05
0.17779917	0.000799371262686712	3.38072370001904e-05
0.15846863	0.000801762121775552	3.52719632540711e-05
0.14123619	0.000800094102674462	3.6911682447819e-05
0.12590662	0.000804528756856814	3.64683398083149e-05
0.1122199	0.000809866151912208	4.11143852263591e-05
0.10002181	0.000809692123534321	4.21127021554972e-05
