10002.226	0.00118363480890941	-0.00950931110375402
8914.9326	0.00114115931190479	-0.00851226294023747
7943.9951	0.00110403449866697	-0.00761724481802927
7081.583	0.00106809697841516	-0.00682200313504113
6307.7358	0.00103763247265932	-0.00610227464297355
5622.5879	0.00100795286458027	-0.00546565954074542
5011.603	0.00097788489381489	-0.00489531561334272
4466.4292	0.000953224034630063	-0.00438181356318997
3981.2773	0.000929761196077298	-0.00392237366161659
3548.8679	0.000906629339379612	-0.00351195375451077
3163.0398	0.000887713317067616	-0.00314678146132098
2819.0986	0.000871058371288947	-0.00281675577754398
2512.4104	0.000854748615846902	-0.00252283137612934
2239.2869	0.000838757654447538	-0.00226177039934775
1995.6381	0.000827105385978348	-0.00202509821753761
1778.2897	0.000815582386792772	-0.0018146402591673
1584.4927	0.000802188851679119	-0.00162650245990351
1412.7418	0.000788475020719459	-0.00145653962702144
1258.7905	0.000780168873923192	-0.00130554666081299
1121.7966	0.000771151406505032	-0.00117227654467443
999.68164	0.000762645010406841	-0.00105036381045297
891.42474	0.000755217400879589	-0.000942111653853397
794.23932	0.000748793620772597	-0.000847021906718813
707.96161	0.000739424792282302	-0.000759407679251475
631.00977	0.000733585067364857	-0.000681292535492671
562.33929	0.000729443566314049	-0.000609729218687816
501.12231	0.000722471620086495	-0.000547526561448193
446.57214	0.00071616329971199	-0.00048918430350375
398.08899	0.000711739933581839	-0.000439491358194444
354.88681	0.000707779591193986	-0.000389848375152576
316.31589	0.000705713861994486	-0.000347178172738689
281.8942	0.000702291848023719	-0.000309244668014556
251.20601	0.000696627021105029	-0.000275159878033277
223.92496	0.000695728053523357	-0.000241875918179397
199.55338	0.000693956329496544	-0.000213699975214476
177.78128	0.000693734720050281	-0.000186137135492777
158.52898	0.000693284866913842	-0.000162348087002265
141.21979	0.000691345240065659	-0.000143516114955241
125.92673	0.000695079606902044	-0.000123344738570131
112.19009	0.000694076267391369	-0.000105615967780994
99.968163	0.000697400686784655	-8.90431777028904e-05
89.115646	0.000700767221049796	-7.50346812046382e-05
79.415741	0.000700078746121927	-6.35299193707163e-05
70.793182	0.000701979413190313	-5.05045001260847e-05
63.082279	0.000704871852131835	-4.16052158816699e-05
56.241825	0.000709391024099201	-3.07351196512624e-05
50.112232	0.000711333512270303	-2.38897741623383e-05
44.671223	0.000715670520394345	-1.94437734994582e-05
39.808899	0.000719310422359705	-1.2310405276072e-05
35.488308	0.000721038502740172	-8.16883932286336e-06
31.629578	0.000724387292838642	-6.74826222658161e-07
28.187037	0.000726005669952754	6.33135452267863e-07
25.120602	0.00072934344147528	3.4577206619502e-06
22.385418	0.00073270243656665	8.37962190190988e-06
19.955338	0.00073489463891927	7.53932866202176e-06
17.775894	0.000738736040851838	1.24072915478892e-05
15.846864	0.000743034397664789	1.17318699944394e-05
14.127493	0.000743932555463191	1.31988996782121e-05
12.587309	0.000745267016351136	1.32280797077513e-05
11.216775	0.000748967741354239	1.53948850252341e-05
9.9968166	0.000751310790789284	1.36864087751377e-05
8.9082127	0.00075299118554622	1.46887540780601e-05
7.9395623	0.000753200028836087	1.54944312683396e-05
7.0765615	0.000754782089885192	1.76971259288736e-05
6.3105822	0.000756311251089169	1.66197757509599e-05
5.6245475	0.000758603102481069	1.59727278985287e-05
5.0112233	0.000759996809946248	2.08847959603175e-05
4.4642835	0.000760807377412318	1.58319986931462e-05
3.9819033	0.000760923104916037	1.71089810582835e-05
3.5479143	0.000761592743940366	1.73102567748759e-05
3.1629577	0.000764260532469995	1.78763016506278e-05
2.818361	0.000765995879523095	1.6752370881071e-05
2.5112481	0.000766284534202043	1.41899953935732e-05
2.2398233	0.000768831328606891	1.71615180856064e-05
1.9950197	0.000770048917139632	1.63608259805662e-05
1.7775893	0.000770574663075156	1.60273287253675e-05
1.5846864	0.000772340053763615	1.80384542914521e-05
1.4122353	0.000773007722341558	1.82453819930262e-05
1.2582541	0.000771690676229618	1.85174724395696e-05
1.1224822	0.000772106072407245	1.9016801235672e-05
1.0000616	0.000774963446078447	1.96598769794395e-05
0.89082122	0.000778105914614191	2.06504312113941e-05
0.79444051	0.000778769837122663	1.88691372277942e-05
0.70784986	0.0007801058572508	2.24445737377841e-05
0.63126236	0.000780639529114089	2.1815151681382e-05
0.562536	0.000782524703450564	2.17066929062049e-05
0.50118715	0.000783830367005065	2.24553860781204e-05
0.44642836	0.000786350661391935	2.22819449661458e-05
0.39821118	0.00078682967356615	2.5521211947394e-05
0.35475865	0.000788069921254113	2.54656017668608e-05
0.31619295	0.000789070381394129	2.80528005460916e-05
0.2819173	0.00079164543130145	2.66812588077072e-05
0.25117323	0.000792131187371959	2.67226134291105e-05
0.22391155	0.000795578866431048	3.23055001690456e-05
0.19957349	0.000797596034933757	3.20858086889104e-05
0.17779917	0.000797241242235021	3.41680914665493e-05
0.15846863	0.000802337155800831	3.50689773015795e-05
0.14123619	0.000801862012051981	3.78549275504089e-05
0.12590662	0.000804949825770679	3.93164906999439e-05
0.1122199	0.000805459863179027	4.06164978262958e-05
0.10002181	0.000810637994291492	4.08353947323827e-05
