10002.226	0.00118566603059327	-0.00950766457500852
8914.9326	0.00114095569142223	-0.0085117944956429
7943.9951	0.00110403703758366	-0.00761775599116257
7081.583	0.00107009076401208	-0.00682145178283
6307.7358	0.00103785408584816	-0.00610339866296776
5622.5879	0.00100536202889877	-0.00546545775648689
5011.603	0.00097759299830611	-0.00489279895414184
4466.4292	0.000955763252222328	-0.00438013969156948
3981.2773	0.000928336152734076	-0.00391950630037758
3548.8679	0.000906546530718014	-0.00351108300184031
3163.0398	0.000890309317570794	-0.00314514858951508
2819.0986	0.000871882579225859	-0.00281730009483629
2512.4104	0.000854966208948398	-0.00252184837541091
2239.2869	0.000838046918145117	-0.00226041992457719
1995.6381	0.000827310910230637	-0.00202405006254645
1778.2897	0.000811901304884106	-0.00181163985927784
1584.4927	0.00080222327834367	-0.00162511739921472
1412.7418	0.000789678306510129	-0.00145668874009009
1258.7905	0.000782877318556957	-0.00130792265851597
1121.7966	0.000772777349653697	-0.00117234602117664
999.68164	0.000762478222675712	-0.00104959137545487
891.42474	0.000754955341600188	-0.000943359122258631
794.23932	0.000746148208506977	-0.000845988075701538
707.96161	0.000739949528248795	-0.000757642429839264
631.00977	0.000730770264896705	-0.000681510501634773
562.33929	0.000726591533098089	-0.000608232657287446
501.12231	0.000719794231763805	-0.000546287531175701
446.57214	0.000717086291493242	-0.000487845034333618
398.08899	0.000711400104749652	-0.00043755434538913
354.88681	0.000707348291950622	-0.000392866128982143
316.31589	0.000702370409112136	-0.000348102129825004
281.8942	0.000699386962950295	-0.000309237950768724
251.20601	0.000695639418481915	-0.000273646929107989
223.92496	0.000695547990645559	-0.000241648689589945
199.55338	0.000693084158128222	-0.000212931748635473
177.78128	0.000693978310880896	-0.000187530599540176
158.52898	0.000693596682909132	-0.000163719255132779
141.21979	0.000692083342784469	-0.000142106170765225
125.92673	0.000693213958062486	-0.000123859105207222
112.19009	0.000694883378070866	-0.000107616225932892
99.968163	0.000699020387674703	-8.95766365635642e-05
89.115646	0.00069915791639475	-7.43108562398501e-05
79.415741	0.000700419852401827	-6.30878580833046e-05
70.793182	0.000702708981301697	-5.01663112773325e-05
63.082279	0.000705918796629345	-4.20037339680543e-05
56.241825	0.00071103476421065	-3.0153647212319e-05
50.112232	0.00071193899154413	-2.40623119378165e-05
44.671223	0.00071573307551487	-1.77093531970791e-05
39.808899	0.000719732830594434	-1.2189119887666e-05
35.488308	0.000721422442967877	-9.04403228400728e-06
31.629578	0.000725539886812243	-1.83940805102047e-06
28.187037	0.000727345975305185	3.62998731966643e-07
25.120602	0.000730042391349719	4.29133082700054e-06
22.385418	0.000734184892188365	6.60163826898499e-06
19.955338	0.000736009402259036	6.97561804747626e-06
17.775894	0.000738879400180652	1.1516752002933e-05
15.846864	0.000742175808080814	1.15746364067739e-05
14.127493	0.000743478618068057	1.42748592087995e-05
12.587309	0.000744594678830222	1.24332684067532e-05
11.216775	0.000745601646424045	1.37571811767843e-05
9.9968166	0.000749542896844505	1.37065323159718e-05
8.9082127	0.000752425974751041	1.42984458383031e-05
7.9395623	0.000752687077350177	1.5127105282831e-05
7.0765615	0.000755763865106235	1.70076255501558e-05
6.3105822	0.000756581344507735	1.53781154503518e-05
5.6245475	0.000757179719548165	1.5702887817388e-05
5.0112233	0.000761249922286416	1.78708196364414e-05
4.4642835	0.000760095474392317	1.70417306803598e-05
3.9819033	0.000762695614044395	1.70381230230491e-05
3.5479143	0.000762935695804704	1.65267959279043e-05
3.1629577	0.000764265685508209	1.71524284755009e-05
2.818361	0.000767331693113296	1.63409827916137e-05
2.5112481	0.000766382424430865	1.63346404738892e-05
2.2398233	0.000766388344094144	1.81927999162041e-05
1.9950197	0.000768650058604704	1.74964159082901e-05
1.7775893	0.000769665551515521	1.77544059899583e-05
1.5846864	0.000770811162808083	1.83593364136649e-05
1.4122353	0.000771692633547189	1.81436970045692e-05
1.2582541	0.000771581065472975	2.02683797231588e-05
1.1224822	0.000775309124921515	1.96535626793293e-05
1.0000616	0.000776983588462022	2.06163254485285e-05
0.89082122	0.000775990026570107	1.91982680134472e-05
0.79444051	0.000778450658193248	1.9275055775317e-05
0.70784986	0.000779854377879264	2.3050063248807e-05
0.63126236	0.000781394458932618	2.11668945898008e-05
0.562536	0.000781387845676752	2.13284716214832e-05
0.50118715	0.000783563410013188	2.16313875705573e-05
0.44642836	0.000786623414484483	2.37009121409345e-05
0.39821118	0.000787175628036315	2.52632538636193e-05
0.35475865	0.000788442559790683	2.55983475329857e-05
0.31619295	0.000787447523925509	2.88321201966099e-05
0.2819173	0.000792902342250464	2.76848695872877e-05
0.25117323	0.000793332054117066	2.95020008683764e-05
0.22391155	0.000794090311174168	3.04463893003353e-05
0.19957349	0.000797599786461874	3.1706685505484e-05
0.17779917	0.000798647022989557	3.42761415555723e-05
0.15846863	0.000802693685742674	3.4006362825429e-05
0.14123619	0.000804296434396306	3.66950681675239e-05
0.12590662	0.000803177760334957	3.78061348706868e-05
0.1122199	0.000807425477712505	4.02964118967313e-05
0.10002181	0.000811084656994434	4.21047879732986e-05
