10002.226	0.00118337654336057	-0.00950716733482639
8914.9326	0.00114194990999195	-0.00851256805850792
7943.9951	0.00110450284121873	-0.00761923755874004
7081.583	0.00106848036067722	-0.00681979474477776
6307.7358	0.00103764296524001	-0.00610392333008167
5622.5879	0.00100710149126363	-0.00546410970879846
5011.603	0.000978378872285162	-0.00489196336865234
4466.4292	0.000954212264284552	-0.00437971647169491
3981.2773	0.00092910508312048	-0.00392182186153076
3548.8679	0.000909197110423235	-0.00351179886142823
3163.0398	0.000888276500099997	-0.0031463765433463
2819.0986	0.000869887291212583	-0.00281591899173139
2512.4104	0.000853176076064447	-0.00252333130384038
2239.2869	0.00083947558310735	-0.00226112443837273
1995.6381	0.00082705560447575	-0.00202470432111627
1778.2897	0.000814863740317375	-0.0018141705057361
1584.4927	0.000802016439800592	-0.00162495839686789
1412.7418	0.000789717842077506	-0.00145586228425196
1258.7905	0.000779693410834487	-0.00130727242358212
1121.7966	0.000773600107899871	-0.00117102572425754
999.68164	0.000763782585111558	-0.00105055574582512
891.42474	0.000754883914088505	-0.000942982805740112
794.23932	0.000749035580358813	-0.00084641300228019
707.96161	0.000741513190823016	-0.000758758245648739
631.00977	0.000731972758549452	-0.000681810737258929
562.33929	0.000726080478831008	-0.000610053897455983
501.12231	0.000722059974487721	-0.000544988740948657
446.57214	0.000715991893135586	-0.00048873018228989
398.08899	0.000710471875818457	-0.000437809283197833
354.88681	0.000706199969363036	-0.000390594970651611
316.31589	0.000705397913697695	-0.000346506584102607
281.8942	0.000699612844331293	-0.000308631348678935
251.20601	0.000694468087517164	-0.000273523494067264
223.92496	0.000695610813837753	-0.000242091424574912
199.55338	0.000693554260893052	-0.000213963681690333
177.78128	0.000692956543466349	-0.000185789047601454
158.52898	0.000692622819253051	-0.000163697095373235
141.21979	0.000693699341002023	-0.00014361792299706
125.92673	0.000691944068066367	-0.000121882024762648
112.19009	0.000697439963000402	-0.000106825178004101
99.968163	0.000698443220257095	-8.73097714274258e-05
89.115646	0.000701452693255496	-7.55871983404586e-05
79.415741	0.000703093814058515	-6.351415174632e-05
70.793182	0.000702104225185	-5.00900047656784e-05
63.082279	0.000705955623676508	-4.01539270737942e-05
56.241825	0.000710426698080588	-3.13961826130741e-05
50.112232	0.000712792763499108	-2.24207427030797e-05
44.671223	0.000714564144258136	-1.86218561118975e-05
39.808899	0.000718921163901013	-1.4748168001185e-05
35.488308	0.000722117593380548	-7.30174509833815e-06
31.629578	0.000723864116068192	-3.64852642383977e-06
28.187037	0.000726620803183076	-3.58812420259314e-07
25.120602	0.000730246757974224	3.43966228478723e-06
22.385418	0.000734765271788179	6.23347602111471e-06
19.955338	0.000734913147078722	7.85774358195185e-06
17.775894	0.000739380185858968	1.15879579699308e-05
15.846864	0.000740684394796879	1.13652450389955e-05
14.127493	0.000745113445799455	1.36547976324232e-05
12.587309	0.000743749746810491	1.33698198149295e-05
11.216775	0.000747398978558023	1.47537847551999e-05
9.9968166	0.000751222168406127	1.39748654592978e-05
8.9082127	0.000751382796111435	1.65069192752713e-05
7.9395623	0.000752508507076366	1.41157969541334e-05
7.0765615	0.00075538218185481	1.6305909295581e-05
6.3105822	0.000757139242523529	1.58250578307478e-05
5.6245475	0.000756371623784849	1.52290457108666e-05
5.0112233	0.000760564670931447	1.62972303833618e-05
4.4642835	0.000761150283657938	1.63026781646244e-05
3.9819033	0.000761610820543806	1.73107439976332e-05
3.5479143	0.000762211831060497	1.83804664181568e-05
3.1629577	0.00076317472614089	1.89452923541672e-05
2.818361	0.000767229668877939	1.53528555844169e-05
2.5112481	0.000767240133646483	1.52191866877427e-05
2.2398233	0.000767160997265791	1.62645716093397e-05
1.9950197	0.000768062488235756	1.75014900722515e-05
1.7775893	0.000769775220430607	1.91531519699051e-05
1.5846864	0.000770369647333505	1.79569547901568e-05
1.4122353	0.000772052480825951	1.85996965179497e-05
1.2582541	0.000773811837960474	1.77660259025822e-05
1.1224822	0.000774637789220808	1.85283119721936e-05
1.0000616	0.000775607861760132	1.99847528659945e-05
0.89082122	0.000778379720582504	1.98041886094635e-05
0.79444051	0.00077627455487355	2.0929542978261e-05
0.70784986	0.000781997262672509	2.33939785170012e-05
0.63126236	0.000780279597081059	2.19510602389693e-05
0.562536	0.000782389263454656	2.24379206415684e-05
0.50118715	0.000783740093170017	2.44027083615705e-05
0.44642836	0.000786654745011751	2.34821940935703e-05
0.39821118	0.000786091663774492	2.43022262125166e-05
0.35475865	0.000787516664346068	2.7858072389416e-05
0.31619295	0.000789706958333714	2.7192075980244e-05
0.2819173	0.000791372542919763	2.87942458413032e-05
0.25117323	0.000793027459213323	3.10820890772274e-05
0.22391155	0.000795754873045122	3.00406802863995e-05
0.19957349	0.000796035187600014	3.06298974928839e-05
0.17779917	0.000798765036239176	3.34582208488722e-05
0.15846863	0.000799858546423327	3.51871347105891e-05
0.14123619	0.000803672313532208	3.59423455250165e-05
0.12590662	0.000803982885704186	3.7754925806292e-05
0.1122199	0.000806754362021335	3.89979207220609e-05
0.10002181	0.000810285376926416	4.20022729224804e-05
