10002.226	0.00118581304059057	-0.00951241851961739
8914.9326	0.00114459619691896	-0.00851484724003645
7943.9951	0.00110774683136472	-0.00762442542365991
7081.583	0.00107183442834924	-0.00682501546061266
6307.7358	0.00104284329060902	-0.00610722009405599
5622.5879	0.00100787396306802	-0.00546732138561027
5011.603	0.000978185482466014	-0.00489686727333948
4466.4292	0.000955569131575747	-0.00438379275730522
3981.2773	0.000934668464283226	-0.00392371152841478
3548.8679	0.000909790275239362	-0.00351198671642724
3163.0398	0.000891375184975129	-0.00314859361919593
2819.0986	0.000873269832400453	-0.00281859626105963
2512.4104	0.000858819537025126	-0.00252411301365807
2239.2869	0.000842926906890714	-0.00226290336704233
1995.6381	0.000828568756452109	-0.00202582512588056
1778.2897	0.000817801065411869	-0.00181566358705834
1584.4927	0.000803885861672744	-0.00162742089299215
1412.7418	0.000792161884934891	-0.00145950878847118
1258.7905	0.000784587849591438	-0.00130673150198191
1121.7966	0.000773768738522709	-0.00117399052079838
999.68164	0.000765241927299419	-0.00105048451694992
891.42474	0.00075705350991892	-0.000944458860529675
794.23932	0.000748241160279799	-0.000847020603765498
707.96161	0.000740393903234753	-0.000761647696852767
631.00977	0.000733962567407976	-0.000682224836036302
562.33929	0.000729532312649014	-0.00061079956518602
501.12231	0.000723867298369422	-0.000547164616909612
446.57214	0.000718870397118654	-0.000487072713438263
398.08899	0.000712479265954724	-0.000437975134964262
354.88681	0.000708669629566184	-0.000391001942127503
316.31589	0.000707261862763962	-0.000346516961408118
281.8942	0.000702275570490416	-0.000309875059709108
251.20601	0.000698755237293479	-0.000274978410718487
223.92496	0.000696886947131062	-0.000239864590390077
199.55338	0.000697080844764925	-0.000215294655834787
177.78128	0.000694520539283894	-0.000187298156046062
158.52898	0.000696988121340361	-0.000163558616734394
141.21979	0.000694962509326656	-0.000141637355868137
125.92673	0.000697345642550939	-0.000122999363720033
112.19009	0.000699726745907509	-0.000107317320521145
99.968163	0.000700526019496138	-9.03081019640871e-05
89.115646	0.000701645125458969	-7.56193249279179e-05
79.415741	0.000704671218082187	-6.34609085525714e-05
70.793182	0.000707522197050968	-5.04284487467739e-05
63.082279	0.000707715759036644	-4.10610356692484e-05
56.241825	0.000712813789090936	-3.13617259772652e-05
50.112232	0.000713179685543034	-2.32947198100724e-05
44.671223	0.000716588875459255	-1.80632170115537e-05
39.808899	0.00072029029614732	-1.3419514311301e-05
35.488308	0.000725421649133945	-7.41075713296723e-06
31.629578	0.000725726205365143	-4.16852071148413e-06
28.187037	0.000729177580032935	-2.26853739258149e-08
25.120602	0.00073465830748247	2.49512420441226e-06
22.385418	0.00073422648962395	6.58903182149431e-06
19.955338	0.000737714149795015	1.07772179848183e-05
17.775894	0.000745206473279566	1.06532046777988e-05
15.846864	0.000744014776918532	1.09924707271563e-05
14.127493	0.000745922829196649	1.41522966567234e-05
12.587309	0.00074771279901745	1.33889788760143e-05
11.216775	0.000749911956779005	1.44013876740844e-05
9.9968166	0.000752908011511113	1.28723011929103e-05
8.9082127	0.000753927718572248	1.58932321396144e-05
7.9395623	0.000756950410087979	1.76243085110934e-05
7.0765615	0.000758159691239227	1.65582448834357e-05
6.3105822	0.000759464961699713	1.71826239334313e-05
5.6245475	0.000759222507494089	1.57154472670237e-05
5.0112233	0.000759942667821351	1.74911727891301e-05
4.4642835	0.000762217046421389	1.73803449816938e-05
3.9819033	0.000764491095036716	1.77752796210677e-05
3.5479143	0.000764686854568142	1.60199710632427e-05
3.1629577	0.000767829777907253	1.69167433387798e-05
2.818361	0.000767873908126675	1.68290070764969e-05
2.5112481	0.000768441558751042	1.61748677997326e-05
2.2398233	0.000768201268785019	1.76605064797626e-05
1.9950197	0.000771057618319599	1.74677985588554e-05
1.7775893	0.000770233829643092	1.63679038103259e-05
1.5846864	0.000773308665732143	1.6960610442423e-05
1.4122353	0.000775002033057358	1.70853404878564e-05
1.2582541	0.000777296111425894	1.76357426378319e-05
1.1224822	0.000777294456046563	1.79356957809685e-05
1.0000616	0.000778929339755071	2.26370374356403e-05
0.89082122	0.000778740331560192	2.0644689368209e-05
0.79444051	0.000778998204915758	2.23756826879084e-05
0.70784986	0.000782703175443741	2.17603398940726e-05
0.63126236	0.000783759646570608	2.34587166814124e-05
0.562536	0.000783005171800017	2.39365027672409e-05
0.50118715	0.000785314820216677	2.19553108231557e-05
0.44642836	0.000788490874954454	2.32208542833691e-05
0.39821118	0.000789813937686513	2.73542939252411e-05
0.35475865	0.000790868794962223	2.61296485321592e-05
0.31619295	0.000792816419643078	2.92694046915317e-05
0.2819173	0.000795130682987265	2.70225158217635e-05
0.25117323	0.000796278452940605	2.8628070483953e-05
0.22391155	0.000797345486511374	3.14495292775145e-05
0.19957349	0.000799575687573739	3.13089328205357e-05
0.17779917	0.000799983710656537	3.50477867065356e-05
0.15846863	0.000804333005143813	3.43827252439847e-05
0.14123619	0.000803874040827676	3.684157339919e-05
0.12590662	0.000807733026696285	4.02441218616532e-05
0.1122199	0.000810994119742995	3.98642221790144e-05
0.10002181	0.000810966766389902	4.07408503525717e-05
