10002.226	0.00118461841652991	-0.00951520928018112
8914.9326	0.0011431751879828	-0.00851561512239358
7943.9951	0.00110806193378498	-0.00762292458365643
7081.583	0.0010732823205489	-0.00682514312577512
6307.7358	0.00104095565752652	-0.00610606876216925
5622.5879	0.00100865535445563	-0.00546672032617404
5011.603	0.000978781279174249	-0.0048951403964094
4466.4292	0.000955383810868369	-0.00438160103456272
3981.2773	0.000932042246881531	-0.00392603981795782
3548.8679	0.000909262993764294	-0.00351355279391558
3163.0398	0.00089180967741922	-0.00314829108943049
2819.0986	0.000873597602206598	-0.00281725897059189
2512.4104	0.000857532022926282	-0.0025250144883646
2239.2869	0.000842473515495063	-0.00226196708769572
1995.6381	0.000829957081574075	-0.0020271121822554
1778.2897	0.000815380848595888	-0.00181574989507694
1584.4927	0.000802343796683861	-0.0016257948419419
1412.7418	0.000795253977248353	-0.0014594890423578
1258.7905	0.000782780354268833	-0.00130761030132714
1121.7966	0.00077418251088595	-0.00117387645058137
999.68164	0.000765251657627994	-0.00105001886315515
891.42474	0.000756944215019989	-0.00094062345077138
794.23932	0.00075108518912273	-0.00084638967198956
707.96161	0.000741702989586021	-0.000758525366134153
631.00977	0.000735152402082353	-0.000681850458498622
562.33929	0.000728490509053753	-0.00060991837450986
501.12231	0.00072425815596356	-0.000547314497864885
446.57214	0.000717772131631413	-0.0004884948957447
398.08899	0.000712634031057299	-0.000439322714014187
354.88681	0.000708563623822428	-0.000390290662049975
316.31589	0.000703365160130281	-0.000346599762973925
281.8942	0.000699470194818927	-0.000308331562728604
251.20601	0.000698500536137739	-0.000273711775645632
223.92496	0.000698366037118185	-0.000243894479083921
199.55338	0.000694952071469496	-0.000215828204949119
177.78128	0.000697475011115797	-0.00018794450127666
158.52898	0.000695417669699881	-0.00016233181223551
141.21979	0.000696509575792219	-0.000141600382807381
125.92673	0.00069548043722747	-0.000124511107714913
112.19009	0.000696471366003491	-0.000107538717851527
99.968163	0.000700239252272171	-8.67959554278006e-05
89.115646	0.000702189786199799	-7.47286660980157e-05
79.415741	0.000703619846318794	-6.24163432161323e-05
70.793182	0.000706018062057504	-5.04038802218569e-05
63.082279	0.000708270707141469	-3.99614719026174e-05
56.241825	0.000712536930217871	-3.29621369276035e-05
50.112232	0.00071255512668357	-2.34885786866664e-05
44.671223	0.000717893898685045	-1.98564028269023e-05
39.808899	0.000722482752437635	-1.395444249002e-05
35.488308	0.000722501986851988	-6.57621039071467e-06
31.629578	0.000727329629868367	-8.02152499074347e-07
28.187037	0.000730045263466148	-8.49666653480069e-07
25.120602	0.000731673404722177	2.44939198740256e-06
22.385418	0.000736502323417192	4.85004220464138e-06
19.955338	0.000737997162095873	8.05649236940351e-06
17.775894	0.000741335673509924	1.21778185154234e-05
15.846864	0.000742649414029219	1.07366828380385e-05
14.127493	0.00074678790916949	1.34334291101135e-05
12.587309	0.000747968616101421	1.1915531169074e-05
11.216775	0.000749103588895225	1.48970539575051e-05
9.9968166	0.000753923203320646	1.34687319234461e-05
8.9082127	0.000753591878462663	1.42225648263598e-05
7.9395623	0.000754721411148685	1.61875981056038e-05
7.0765615	0.000756667833364103	1.76924834353039e-05
6.3105822	0.000758827036117273	1.67903557060856e-05
5.6245475	0.000759446897849456	1.75436148152689e-05
5.0112233	0.000762432837100392	1.70664878788114e-05
4.4642835	0.000762571494250939	1.70344274532306e-05
3.9819033	0.000765221395490038	1.6273436548083e-05
3.5479143	0.000766338659331591	1.7183246794324e-05
3.1629577	0.000767350006368543	1.90863898226573e-05
2.818361	0.000768654398720416	1.64608240824896e-05
2.5112481	0.000769530844482256	1.68698071816948e-05
2.2398233	0.000769145196973393	1.70790447118264e-05
1.9950197	0.000770947610059394	1.6858330256238e-05
1.7775893	0.000772807128966534	1.68118696201168e-05
1.5846864	0.000772487847390852	1.75437547105429e-05
1.4122353	0.000773323693310272	1.8951506019294e-05
1.2582541	0.000774436615442827	2.13453466689659e-05
1.1224822	0.000775563953871555	1.85272443738987e-05
1.0000616	0.000777416998232249	1.85913914076097e-05
0.89082122	0.000779059010342396	2.14652402985616e-05
0.79444051	0.000780433033212546	2.04582576882744e-05
0.70784986	0.000784778597819789	2.09855564751182e-05
0.63126236	0.000782812825957827	2.27608313083128e-05
0.562536	0.000786042679523279	2.17584812412474e-05
0.50118715	0.000786157923534674	2.40026335430964e-05
0.44642836	0.00078823074498714	2.31464577766135e-05
0.39821118	0.000789232672251655	2.58181221300626e-05
0.35475865	0.000790787668481813	2.65517095706901e-05
0.31619295	0.000792067436845504	2.81086999374933e-05
0.2819173	0.000794692981817957	2.76429181612043e-05
0.25117323	0.000796925548281289	2.85634578283822e-05
0.22391155	0.000798276694267791	3.21840779193322e-05
0.19957349	0.000800334360846256	3.13242184146114e-05
0.17779917	0.000800424649737366	3.53976219265781e-05
0.15846863	0.000803419292640889	3.45431240237141e-05
0.14123619	0.000805098038138674	3.64980551353055e-05
0.12590662	0.000807380446357695	3.73444259030118e-05
0.1122199	0.000809758625464642	4.02003783787735e-05
0.10002181	0.000811962427884306	4.16304980729578e-05
