10002.226	0.00118405065014446	-0.00951315595809511
8914.9326	0.00114173770975912	-0.00851573480315102
7943.9951	0.00110688626198652	-0.00762232932112108
7081.583	0.00107229279854952	-0.00682368751218761
6307.7358	0.00103994925649195	-0.00610586883322815
5622.5879	0.00100863397186223	-0.0054688614199212
5011.603	0.000980132966121312	-0.00489605274185652
4466.4292	0.000955456114871978	-0.00438257789905152
3981.2773	0.000932145504965938	-0.00392458893348313
3548.8679	0.000908234633899948	-0.00351423517879776
3163.0398	0.000892493500426145	-0.00314720908263401
2819.0986	0.000875025038242518	-0.00281758418886382
2512.4104	0.000857524549710283	-0.00252312508595741
2239.2869	0.000843582414641412	-0.00226260378991864
1995.6381	0.000829807403999484	-0.00202640407158585
1778.2897	0.000814465455577087	-0.00181547711356091
1584.4927	0.000804018425561968	-0.00162641581110709
1412.7418	0.000790409529962936	-0.00145839825325129
1258.7905	0.000784562366021039	-0.00130849524241792
1121.7966	0.000773490067522262	-0.00117435644279935
999.68164	0.000764630952045647	-0.00105180324439874
891.42474	0.00075555021081687	-0.000944316180748946
794.23932	0.000750536434796342	-0.000847016282161932
707.96161	0.000743115271400173	-0.000758334269251421
631.00977	0.000734301030471098	-0.000682932555870497
562.33929	0.000729318656748362	-0.000611808127542108
501.12231	0.000724522989428492	-0.000547912838822289
446.57214	0.000717570396431244	-0.000491900019273026
398.08899	0.000713532995131399	-0.000437693150710248
354.88681	0.000709904754971436	-0.000390008359760153
316.31589	0.000706909614053057	-0.000347258269335328
281.8942	0.000704048396871462	-0.000310437135674399
251.20601	0.000698822333328692	-0.000273978350346503
223.92496	0.000697982569037179	-0.000242152368300157
199.55338	0.000694837551411125	-0.00021505202891889
177.78128	0.00069622434589571	-0.000188096987287873
158.52898	0.000695663020644258	-0.00016254107034732
141.21979	0.00069492026551717	-0.000143265839583367
125.92673	0.000693644315567056	-0.000123230403857351
112.19009	0.000698167189427986	-0.000108304211065908
99.968163	0.000696884725054477	-8.86655050557906e-05
89.115646	0.000701419395530336	-7.69453184604699e-05
79.415741	0.000703712513123769	-6.21135026369768e-05
70.793182	0.000706657131771932	-4.93909722677375e-05
63.082279	0.000707797576118566	-4.21894693145062e-05
56.241825	0.000712734359391615	-3.07740725973648e-05
50.112232	0.000713366245709089	-2.38908170138494e-05
44.671223	0.000718776489027024	-1.82993710998502e-05
39.808899	0.000721255497436398	-1.42724637206328e-05
35.488308	0.000725213113269878	-8.82950745106653e-06
31.629578	0.000727538789900502	-1.70870702340262e-06
28.187037	0.000728007408993797	-1.99938426849744e-06
25.120602	0.000733660761429181	3.09557877331756e-06
22.385418	0.000733764004459407	7.17390915878065e-06
19.955338	0.000739762126282574	9.58158022285341e-06
17.775894	0.000740768943540304	1.11450220726376e-05
15.846864	0.000743170829765917	1.00475706899869e-05
14.127493	0.000746801919426725	1.42931794744395e-05
12.587309	0.000748321481544937	1.47130232038495e-05
11.216775	0.00074934643836146	1.5091734746081e-05
9.9968166	0.000753493911049741	1.58040880168504e-05
8.9082127	0.000753562031667166	1.62873861230789e-05
7.9395623	0.000755152844496461	1.70633803170998e-05
7.0765615	0.000757628477295843	1.77299235003865e-05
6.3105822	0.000758016546323013	1.58866273477722e-05
5.6245475	0.000762047260661009	1.5483528191623e-05
5.0112233	0.000762339241937393	1.78505158407486e-05
4.4642835	0.000764207183109133	1.48738563819025e-05
3.9819033	0.000763576172760799	1.75035029515848e-05
3.5479143	0.000764907499756882	1.85491390458567e-05
3.1629577	0.000764882090309298	1.68989295124869e-05
2.818361	0.000769202244372093	1.74727587466921e-05
2.5112481	0.000767954555400503	1.69686672355149e-05
2.2398233	0.000769229065510748	1.67848668629053e-05
1.9950197	0.00077105194347897	1.92729828796957e-05
1.7775893	0.000772172544576142	1.88216582033811e-05
1.5846864	0.000772318094242838	1.82462701693724e-05
1.4122353	0.000773996450409972	2.08380894190108e-05
1.2582541	0.000774603382549569	1.88750142274035e-05
1.1224822	0.000776934573085613	1.99193843994834e-05
1.0000616	0.000778618069278525	2.00917012294906e-05
0.89082122	0.000779761850499341	1.90472116993627e-05
0.79444051	0.000779521943291452	2.14888305542824e-05
0.70784986	0.000781888278389151	2.17670860443548e-05
0.63126236	0.000784265025230315	2.26990767103769e-05
0.562536	0.000785968605892621	2.29645916339921e-05
0.50118715	0.00078697541510269	2.3647021360061e-05
0.44642836	0.000788671687039972	2.36863963193378e-05
0.39821118	0.000790451770507135	2.57417539967466e-05
0.35475865	0.000792584611851527	2.79677617056224e-05
0.31619295	0.000793315513390184	2.73309935425053e-05
0.2819173	0.000792062797088449	2.77981005249655e-05
0.25117323	0.000796522948263968	2.93489212675936e-05
0.22391155	0.000799309546858319	3.15733381839238e-05
0.19957349	0.000798908818159284	3.09759399452195e-05
0.17779917	0.000800851772527966	3.38820028588342e-05
0.15846863	0.000802171313380763	3.45821478210692e-05
0.14123619	0.000806921255028748	3.63523558320607e-05
0.12590662	0.00080744212035897	3.82761617311052e-05
0.1122199	0.000808829962297593	3.92334905811078e-05
0.10002181	0.000811366062028219	4.20052598960567e-05
