10002.226	0.00118610931339448	-0.00951487221012661
8914.9326	0.00114555687816808	-0.00851613071050401
7943.9951	0.00110663168737253	-0.00762404494245633
7081.583	0.00107251285795562	-0.00682658306211756
6307.7358	0.00103980860026819	-0.00610698303066225
5622.5879	0.00101048931880157	-0.00546662938775025
5011.603	0.000980323296169771	-0.00489410696908802
4466.4292	0.000956533810999068	-0.00438295636865345
3981.2773	0.000928768900069189	-0.00392356298396699
3548.8679	0.000907975872757089	-0.00351525953153555
3163.0398	0.000893195986591687	-0.00314883160268251
2819.0986	0.000874011030533112	-0.00281560525246132
2512.4104	0.000857386050732212	-0.00252285437798373
2239.2869	0.000841735050239582	-0.00226236160566947
1995.6381	0.000827881899718381	-0.0020264047608238
1778.2897	0.000815946230595882	-0.00181577788019169
1584.4927	0.000804118186567497	-0.00162761535046125
1412.7418	0.000789992846217356	-0.00145841246613977
1258.7905	0.000783455029524944	-0.00130737207809117
1121.7966	0.000771750493354691	-0.00117376624160589
999.68164	0.000764511023821519	-0.00105197698726978
891.42474	0.000755653020087457	-0.000944653256598651
794.23932	0.000750078488871026	-0.000849127795610008
707.96161	0.00074335237707035	-0.000759029398776082
631.00977	0.000736186756742174	-0.000681679464655514
562.33929	0.000730231148762679	-0.000610107432739752
501.12231	0.000722774280972145	-0.000548213511604633
446.57214	0.000717572381121151	-0.000486954260193795
398.08899	0.000714337113614761	-0.00043944026417203
354.88681	0.00070967435455795	-0.0003907869228587
316.31589	0.000705393618898514	-0.000347171870891996
281.8942	0.000701253340055087	-0.000310062450940594
251.20601	0.000698297972936939	-0.000275098057157218
223.92496	0.000696133322286014	-0.00024141551762864
199.55338	0.000697537166013683	-0.000213532531417455
177.78128	0.000696961233340429	-0.000185802339334333
158.52898	0.000697862134674238	-0.000161632962815251
141.21979	0.000695073883878211	-0.000143418656103616
125.92673	0.000697452363874574	-0.000123779896014064
112.19009	0.000698449980691786	-0.000107846435650084
99.968163	0.000698614843883939	-8.92593302069508e-05
89.115646	0.000701789160768397	-7.43429419711999e-05
79.415741	0.000704339699963417	-6.16940848066923e-05
70.793182	0.000704605720342202	-5.15267834590146e-05
63.082279	0.000709075856901065	-4.26449176765868e-05
56.241825	0.000712637704451267	-3.34164212918593e-05
50.112232	0.000714043828318943	-2.1576583091773e-05
44.671223	0.000717864963747686	-1.69323301385714e-05
39.808899	0.000721495243443436	-1.42392861064391e-05
35.488308	0.000725693056190688	-7.7153805227373e-06
31.629578	0.000726297566086248	-2.00863566342163e-06
28.187037	0.000729064635314489	-1.19030769483071e-06
25.120602	0.000732552011788339	3.96760207460634e-06
22.385418	0.000734254077699595	6.90713649206772e-06
19.955338	0.000740085156576949	8.1164168410426e-06
17.775894	0.000742827939634032	1.10082582494448e-05
15.846864	0.000742558836797844	1.16549018973466e-05
14.127493	0.000748048955495812	1.41874077760196e-05
12.587309	0.000748434420054221	1.33541529808354e-05
11.216775	0.000749032265118896	1.37990112814748e-05
9.9968166	0.000752545765450439	1.39684293044686e-05
8.9082127	0.000753591063925285	1.57156018001784e-05
7.9395623	0.000755839511991048	1.64241428098921e-05
7.0765615	0.000757691155895363	1.7442607649446e-05
6.3105822	0.000758307494383392	1.64182413415192e-05
5.6245475	0.00075987993876809	1.46245055737677e-05
5.0112233	0.000762849759050755	1.62942890062938e-05
4.4642835	0.000762495235137524	1.7194953146596e-05
3.9819033	0.000765172946272561	1.66330111856986e-05
3.5479143	0.000766165695509506	1.61650638758661e-05
3.1629577	0.000768328074014117	1.83132230809515e-05
2.818361	0.000768445642523327	1.60774904245541e-05
2.5112481	0.000768118863749862	1.62719381018191e-05
2.2398233	0.000769183713184638	1.69167843303475e-05
1.9950197	0.000770344585116916	1.70210934948885e-05
1.7775893	0.000771858800877203	1.86656074419272e-05
1.5846864	0.000773719480643977	1.85076621412564e-05
1.4122353	0.000773818514184118	1.77250745374958e-05
1.2582541	0.000775505534685154	1.88535660626881e-05
1.1224822	0.000775828539551622	1.94138625308726e-05
1.0000616	0.000777573179588045	1.98986588641112e-05
0.89082122	0.000779132732104945	2.02460770490289e-05
0.79444051	0.000779743007858935	1.93538300503835e-05
0.70784986	0.000782631177113968	2.10472995483916e-05
0.63126236	0.000783333841333084	2.15354410570733e-05
0.562536	0.000786186394250502	2.15218731182095e-05
0.50118715	0.000786894024257433	2.27603003182758e-05
0.44642836	0.000787676457480164	2.28906694313897e-05
0.39821118	0.000791487155305897	2.59025192781232e-05
0.35475865	0.000791378505381354	2.59049614223274e-05
0.31619295	0.000792759226643006	2.69109172339568e-05
0.2819173	0.000793518934439483	2.78298296413956e-05
0.25117323	0.000796127495865328	2.98559543067319e-05
0.22391155	0.000795314951361555	2.99783401311513e-05
0.19957349	0.000798020339148948	3.35741688796188e-05
0.17779917	0.00080164513280079	3.44802498672679e-05
0.15846863	0.000803935587419999	3.56595103765967e-05
0.14123619	0.000804951094290411	3.82377843676245e-05
0.12590662	0.000806768146683116	3.90955746025639e-05
0.1122199	0.000809587352569633	3.94316505328777e-05
0.10002181	0.000812261267172261	4.19241040861261e-05
