10002.226	0.00118556161888483	-0.00951330587031976
8914.9326	0.00114521630722844	-0.00851680095629591
7943.9951	0.00110503043495691	-0.00762417829842279
7081.583	0.00107108985590221	-0.00682497452628536
6307.7358	0.00104042527531121	-0.0061070872694909
5622.5879	0.0010099525929576	-0.00546903437691754
5011.603	0.000980001852778569	-0.0048956581551862
4466.4292	0.000954587315454784	-0.00438355345336885
3981.2773	0.000932024885771524	-0.0039251496184535
3548.8679	0.000908249772093435	-0.00351581067742145
3163.0398	0.000888997932665872	-0.00314781993297654
2819.0986	0.000874950110322251	-0.00281682800832234
2512.4104	0.000856465057899701	-0.00252351935541578
2239.2869	0.000841729316969768	-0.00226256009615744
1995.6381	0.000828847317727609	-0.00202564862995878
1778.2897	0.000817149726116796	-0.00181373220710771
1584.4927	0.000803541383020669	-0.00162832867322064
1412.7418	0.000791608099141834	-0.00145880277058691
1258.7905	0.000783152305389285	-0.00130709735696807
1121.7966	0.000774097555028818	-0.00117371899204844
999.68164	0.00076587215518982	-0.00105097485483184
891.42474	0.000757044586781926	-0.000944155880256715
794.23932	0.000749401151017357	-0.000847707494936161
707.96161	0.000743944571123459	-0.000758888650336924
631.00977	0.000735817571167345	-0.000681738253505909
562.33929	0.000729052119667161	-0.000611002210964931
501.12231	0.000724252523220751	-0.000548099597300156
446.57214	0.000719103154623475	-0.000488641775524401
398.08899	0.000711895395697983	-0.000438536561270939
354.88681	0.000707442685899051	-0.000390356918375849
316.31589	0.000704921180397921	-0.000348838748748791
281.8942	0.000702728330824691	-0.000308729123163005
251.20601	0.000697629781805397	-0.000274591667250048
223.92496	0.000697450518996465	-0.000242284330487025
199.55338	0.000695222380309433	-0.00021421685944934
177.78128	0.000695183096946897	-0.000186111683036488
158.52898	0.00069673514559173	-0.000163831498864162
141.21979	0.000694068392310608	-0.000142700625424796
125.92673	0.000694226099347247	-0.000122972680253038
112.19009	0.000698828453006987	-0.00010577716645123
99.968163	0.000699701607745864	-8.98013551246804e-05
89.115646	0.000702793672670349	-7.51797769616591e-05
79.415741	0.00070390709990867	-6.23946094335733e-05
70.793182	0.000705447898131681	-5.0501004046752e-05
63.082279	0.000709329698063372	-4.10925501792374e-05
56.241825	0.000713001224589605	-3.33260218347126e-05
50.112232	0.000712902308600029	-2.4433906184088e-05
44.671223	0.00071849068657364	-1.83627759228942e-05
39.808899	0.000722335487749561	-1.27262050748731e-05
35.488308	0.000725523229028125	-7.78329237372766e-06
31.629578	0.000727236231086785	-2.6118361760694e-06
28.187037	0.000728259633788226	9.5052006557207e-07
25.120602	0.000731648454443264	3.21395574880572e-06
22.385418	0.000735939114821788	6.42172623063342e-06
19.955338	0.000738161365279741	9.69426926423676e-06
17.775894	0.00074103591905397	1.02741757009172e-05
15.846864	0.000743593071542463	1.12613191208943e-05
14.127493	0.000746228435654569	1.35149419610023e-05
12.587309	0.000748232849401496	1.26486057830452e-05
11.216775	0.000749843452845833	1.3971751529584e-05
9.9968166	0.000752120343290758	1.54461315458674e-05
8.9082127	0.000753399282444954	1.62099064479686e-05
7.9395623	0.000754955048075849	1.49104785412959e-05
7.0765615	0.000756053944440574	1.61788142746159e-05
6.3105822	0.000759486152425931	1.62667459058301e-05
5.6245475	0.000760633427190454	1.50686248556486e-05
5.0112233	0.000761696371277311	1.73736703700407e-05
4.4642835	0.000763157741232681	1.62689342292735e-05
3.9819033	0.0007641739343599	1.89060412923917e-05
3.5479143	0.000766924891022369	1.4768528612158e-05
3.1629577	0.000767882168052882	1.72700340148396e-05
2.818361	0.000768830401297737	1.75811050166673e-05
2.5112481	0.000769271668788907	1.74810376136069e-05
2.2398233	0.000769980123579053	1.63336937116803e-05
1.9950197	0.000772196571477834	1.6998320208208e-05
1.7775893	0.000771988486119904	1.90503572568888e-05
1.5846864	0.00077341513730298	1.9219219480445e-05
1.4122353	0.000774604501022808	1.72004435400298e-05
1.2582541	0.00077570432903006	1.96493522358718e-05
1.1224822	0.000776935764109408	2.02481593951191e-05
1.0000616	0.000778011435987106	2.1287422404402e-05
0.89082122	0.00078037259743599	2.17369888175821e-05
0.79444051	0.000780787410343963	2.16735342214946e-05
0.70784986	0.000782387518909066	2.11148099386996e-05
0.63126236	0.000781953012143304	2.22420991429255e-05
0.562536	0.000785278028164247	1.95412699382658e-05
0.50118715	0.000785317448780488	2.42957534660721e-05
0.44642836	0.00078797026761983	2.43562210341438e-05
0.39821118	0.00079091812128511	2.62157338645434e-05
0.35475865	0.000790968699874537	2.66621977661054e-05
0.31619295	0.000791584410757625	2.82347632447879e-05
0.2819173	0.000793253659625599	2.81922365464942e-05
0.25117323	0.00079783911610121	2.96593167000145e-05
0.22391155	0.000797639410708781	2.88563671523223e-05
0.19957349	0.000797874229962125	3.27388337363042e-05
0.17779917	0.00080231388243059	3.25472615235373e-05
0.15846863	0.00080509500300019	3.48044917149071e-05
0.14123619	0.000803256867572728	3.78791177799079e-05
0.12590662	0.000807590884957974	3.74156829972189e-05
0.1122199	0.000810577002247749	3.86924644601374e-05
0.10002181	0.00081304920465604	4.40261630900266e-05
