10002.226	0.00118565468944616	-0.00951360220815549
8914.9326	0.00114404388826816	-0.00851520574097048
7943.9951	0.00110729439272176	-0.00762199928592558
7081.583	0.00107159813592475	-0.00682586263951082
6307.7358	0.0010408625437663	-0.00610685871914334
5622.5879	0.0010097102196439	-0.00546857800269215
5011.603	0.000979476636349873	-0.00489574193217004
4466.4292	0.000955324191405095	-0.00438219163499629
3981.2773	0.000932687332134915	-0.00392312435538835
3548.8679	0.000910008469789864	-0.0035141093739037
3163.0398	0.000890844977012695	-0.0031469618109419
2819.0986	0.000872759300095716	-0.002818448284401
2512.4104	0.000856014087504624	-0.00252489657424909
2239.2869	0.000840477830433248	-0.00226259362973448
1995.6381	0.000827948782972308	-0.00202564620194306
1778.2897	0.000817295919619314	-0.0018154134937437
1584.4927	0.000804875402056895	-0.00162540302138577
1412.7418	0.000791180898688668	-0.00145699275612005
1258.7905	0.000784201002438932	-0.00130774271136065
1121.7966	0.000774775950321488	-0.0011724069338042
999.68164	0.000766462205405069	-0.00104992207034463
891.42474	0.000758138744397765	-0.000944862587111914
794.23932	0.000748806333961989	-0.00084514346501978
707.96161	0.000740269913705988	-0.000760273952018509
631.00977	0.000735455099956826	-0.00068226061477592
562.33929	0.000729522306557135	-0.000609475612352535
501.12231	0.000724390136018716	-0.000547587222090074
446.57214	0.000719439772458467	-0.00048831525440976
398.08899	0.000713367875207909	-0.000437813814277534
354.88681	0.000707891957087399	-0.000389751411851953
316.31589	0.000706838590083428	-0.000346128300914063
281.8942	0.000701849931572863	-0.000309939098421441
251.20601	0.00069597991121401	-0.000273055340006483
223.92496	0.00069942911649378	-0.000242224455617427
199.55338	0.000696024557851429	-0.000215105818756423
177.78128	0.000694555171528348	-0.000187696118512869
158.52898	0.000694129053887651	-0.00016119543007474
141.21979	0.00069601847161863	-0.000141937936974488
125.92673	0.000694566948719735	-0.000122523667962627
112.19009	0.000699047099906704	-0.000106201388553043
99.968163	0.000699077789767898	-9.13963868984267e-05
89.115646	0.000701365448470448	-7.70880367341704e-05
79.415741	0.000703711306539026	-6.19533388701228e-05
70.793182	0.000705110276680531	-5.19218266550967e-05
63.082279	0.000707343035356633	-4.13994291018493e-05
56.241825	0.000711557618766841	-3.13745392600516e-05
50.112232	0.000714975636225498	-2.28275945660227e-05
44.671223	0.000717119937572441	-1.83240640502061e-05
39.808899	0.000721204002149368	-1.30930829989916e-05
35.488308	0.000722823693295748	-7.85260950191149e-06
31.629578	0.000727601525591733	-2.05177758310543e-06
28.187037	0.00072928246231986	5.43907223626983e-07
25.120602	0.000731635103489373	3.90302560206186e-06
22.385418	0.000735652871503954	6.28207400447977e-06
19.955338	0.000739725090989165	8.94860877571516e-06
17.775894	0.000741616305197137	1.06633499431972e-05
15.846864	0.000743262965893341	1.00458021287454e-05
14.127493	0.000746304328923074	1.36743281766653e-05
12.587309	0.000747957179089305	1.4246197081463e-05
11.216775	0.000748870051187135	1.34610443836706e-05
9.9968166	0.000751419810495729	1.32845158881536e-05
8.9082127	0.000754827687250819	1.48502601903371e-05
7.9395623	0.00075375093782005	1.70370974019683e-05
7.0765615	0.000757698345632918	1.64230574963638e-05
6.3105822	0.000757857604800201	1.75578200862318e-05
5.6245475	0.000760749441835829	1.68463688680637e-05
5.0112233	0.000764099769520898	1.88368339344045e-05
4.4642835	0.000761731905992903	1.61631056581604e-05
3.9819033	0.000764481641686136	1.74314167969087e-05
3.5479143	0.000765377980277386	1.75720994385864e-05
3.1629577	0.000768634611226513	1.88269255086396e-05
2.818361	0.00077040781058593	1.63851548184238e-05
2.5112481	0.000768331300479454	1.78371919433985e-05
2.2398233	0.000769132487104867	1.61647583027376e-05
1.9950197	0.000770914298431722	1.70565415663761e-05
1.7775893	0.000771272710427356	1.8116116549902e-05
1.5846864	0.000774282942195796	1.74732446069787e-05
1.4122353	0.000774300968140158	1.75869212189312e-05
1.2582541	0.000773553328048822	2.06844708553561e-05
1.1224822	0.000776449347627287	1.90870906212497e-05
1.0000616	0.000777045787592853	2.00233078692179e-05
0.89082122	0.000781807987969608	1.91444478065922e-05
0.79444051	0.000779306440376655	2.00166454293395e-05
0.70784986	0.000780496905040436	2.20323777811948e-05
0.63126236	0.000784231995123104	2.2261059683243e-05
0.562536	0.000784354040567694	2.114525147298e-05
0.50118715	0.000787381582750754	2.30760575574473e-05
0.44642836	0.000788814013272781	2.28359297617399e-05
0.39821118	0.000789572171141843	2.49888479465701e-05
0.35475865	0.000790153273627119	2.55664795494787e-05
0.31619295	0.000792887104372539	2.72019653997127e-05
0.2819173	0.000795363182828705	2.65015920841743e-05
0.25117323	0.000793921473145348	3.13617186051542e-05
0.22391155	0.000796846217448084	3.2119146751186e-05
0.19957349	0.000798335530263167	3.31667701417985e-05
0.17779917	0.000804725258193032	3.34218055027421e-05
0.15846863	0.0008025430610914	3.55877804239636e-05
0.14123619	0.000804306742639989	3.81606647794633e-05
0.12590662	0.000807513554313643	3.73304174071152e-05
0.1122199	0.000808686295771336	3.94757100035134e-05
0.10002181	0.000812582261944672	4.03100851600812e-05
