10002.226	0.00116953325763566	-0.00951414955643941
8914.9326	0.00112612162538448	-0.00851426113070987
7943.9951	0.00108934692059072	-0.00762276557004979
7081.583	0.00105479488987953	-0.0068241402742693
6307.7358	0.00102398434231348	-0.00610470457393546
5622.5879	0.000992242380813884	-0.00546776091836721
5011.603	0.000961096773191769	-0.00489455901862008
4466.4292	0.000938939530419101	-0.00438077817084092
3981.2773	0.000916104316413497	-0.00392526748585071
3548.8679	0.000891684161176665	-0.003512536266022
3163.0398	0.000875213704717882	-0.00314845332838832
2819.0986	0.000854865665811188	-0.0028175082545325
2512.4104	0.000840926313302462	-0.00252416767955208
2239.2869	0.000823673607716982	-0.0022592512158539
1995.6381	0.000812992256840607	-0.00202620814591549
1778.2897	0.000797931370693824	-0.00181578025020353
1584.4927	0.000787944808392855	-0.00162613326445123
1412.7418	0.000772935109218667	-0.00145723307693135
1258.7905	0.000765758197765651	-0.00130763364244754
1121.7966	0.000755476444554926	-0.00117325311558913
999.68164	0.000748509065489897	-0.00105155884213765
891.42474	0.000739531709462965	-0.000942835727512286
794.23932	0.000733586877904165	-0.000846295409077128
707.96161	0.000725188147382767	-0.000756894107394784
631.00977	0.000717637181394192	-0.000682399418453715
562.33929	0.000711239388449974	-0.000612389872516315
501.12231	0.000707432122160217	-0.000545244391027819
446.57214	0.000699523327035904	-0.000488539502340319
398.08899	0.000695794616822727	-0.000439073583044157
354.88681	0.000690864805129273	-0.000389715849903566
316.31589	0.00069014824570159	-0.00034532974514294
281.8942	0.000685632464675925	-0.000309868581650685
251.20601	0.000682257221226499	-0.000275367872015941
223.92496	0.000680259374278351	-0.000242382885504598
199.55338	0.000678756905823211	-0.000212348685696374
177.78128	0.000678321220162346	-0.000185387212096186
158.52898	0.000678671940003302	-0.000162982119148126
141.21979	0.000677412910641571	-0.000142336181152805
125.92673	0.000679608675321852	-0.000122213708065145
112.19009	0.000681441269764898	-0.00010570208384744
99.968163	0.000682901281661984	-8.76614445448853e-05
89.115646	0.000686531145969279	-7.56277719701394e-05
79.415741	0.000685718199360015	-6.37229765555658e-05
70.793182	0.000687594216865049	-4.89329852444219e-05
63.082279	0.000691784197565978	-4.18850179970799e-05
56.241825	0.000696072714402558	-3.28914858416367e-05
50.112232	0.000696852648019719	-2.23095049017431e-05
44.671223	0.000699134819082717	-1.77210210102385e-05
39.808899	0.000703213734096911	-1.35059272205628e-05
35.488308	0.000706944250429121	-7.43441744351408e-06
31.629578	0.000710419894111023	-2.4890492242642e-06
28.187037	0.000713753620361024	5.25325844073086e-07
25.120602	0.000716184677888689	4.2907940258882e-06
22.385418	0.000717275525491191	4.77578997120758e-06
19.955338	0.000721381494362835	9.21738393773355e-06
17.775894	0.000726116471324999	1.11005691499442e-05
15.846864	0.000726597847200283	1.0578261074884e-05
14.127493	0.000728560942628368	1.37604528405617e-05
12.587309	0.000731540471467714	1.2348765922655e-05
11.216775	0.000730512196211434	1.37217910693837e-05
9.9968166	0.000736183981414679	1.48683971219652e-05
8.9082127	0.000737652458767787	1.49487373431378e-05
7.9395623	0.000738684042488098	1.55335679063773e-05
7.0765615	0.000740023402774148	1.75560242465239e-05
6.3105822	0.000742400321762604	1.7493105090765e-05
5.6245475	0.000742598183580769	1.34007706387172e-05
5.0112233	0.000747215695912695	1.65979066812187e-05
4.4642835	0.000747064769232671	1.58574884411387e-05
3.9819033	0.000747497875355732	1.90866153502386e-05
3.5479143	0.000751235913389194	1.64703931220507e-05
3.1629577	0.000751566482288773	2.00450892605093e-05
2.818361	0.000750640354832118	1.88693372077797e-05
2.5112481	0.000752131322149744	1.5656584196026e-05
2.2398233	0.000750769217659734	1.64829991539025e-05
1.9950197	0.000753684604109244	1.70174048621865e-05
1.7775893	0.00075406031696239	1.76650909945267e-05
1.5846864	0.000758255086732165	1.93632203919214e-05
1.4122353	0.00075851826365018	1.9234773188641e-05
1.2582541	0.000757892025405403	1.84020338317695e-05
1.1224822	0.000758538175485543	1.93385525556807e-05
1.0000616	0.000761692063603492	2.12690730362451e-05
0.89082122	0.000763429416492217	1.94082222220073e-05
0.79444051	0.000763570682317292	2.06792483476376e-05
0.70784986	0.000765537812010101	2.2587553508029e-05
0.63126236	0.000767083015499798	2.33225582008443e-05
0.562536	0.000768385185100032	2.25490886658106e-05
0.50118715	0.000769908232149962	2.32708658445505e-05
0.44642836	0.000771060280889614	2.22312253731239e-05
0.39821118	0.000772573190666011	2.44178281393184e-05
0.35475865	0.000773145259553607	2.7076342412433e-05
0.31619295	0.000773589586715885	2.94193966005737e-05
0.2819173	0.000776997998980696	2.74542444459234e-05
0.25117323	0.000778287556905813	2.91141371561711e-05
0.22391155	0.000781043125592148	3.26130769236814e-05
0.19957349	0.000780830404301636	3.15051952066485e-05
0.17779917	0.000784126239807835	3.51372568662015e-05
0.15846863	0.00078543091055695	3.55726330932419e-05
0.14123619	0.000787742641486441	3.67194371265373e-05
0.12590662	0.000789992785995867	3.92489757837817e-05
0.1122199	0.000793098547268853	4.00420131493351e-05
0.10002181	0.000796453864367574	4.50412261362462e-05
