10002.226	0.00116954225097341	-0.00951158444307154
8914.9326	0.00112665419229604	-0.00851521496282782
7943.9951	0.00109037623255065	-0.00762301458690465
7081.583	0.0010550538809848	-0.00682493935991031
6307.7358	0.0010236810495643	-0.00610545707895011
5622.5879	0.00098882177671293	-0.00546678529183227
5011.603	0.000963311302383236	-0.00489323725346288
4466.4292	0.000939139582253301	-0.00438205768327807
3981.2773	0.000915402642623268	-0.00392322359707295
3548.8679	0.000892563215566055	-0.00351419245604715
3163.0398	0.000873970324372042	-0.00314779248980429
2819.0986	0.000856753228747005	-0.00281650657558929
2512.4104	0.000840978277135048	-0.00252476045857189
2239.2869	0.000825628559059682	-0.00226263202476023
1995.6381	0.00081228672666593	-0.00202661203966053
1778.2897	0.000799835729528962	-0.00181468449082488
1584.4927	0.000785841937217499	-0.00162476005025111
1412.7418	0.000775279156098881	-0.00145963062418551
1258.7905	0.000767582956439434	-0.00130899514394649
1121.7966	0.000756049200234232	-0.00117621720430295
999.68164	0.000748846795105822	-0.0010496372241502
891.42474	0.000739497202163876	-0.0009423530617748
794.23932	0.000732843003232523	-0.000847530433998587
707.96161	0.000723614242539902	-0.000757469148629135
631.00977	0.00071738662839506	-0.000681216434505292
562.33929	0.000712353554531929	-0.000610746706654627
501.12231	0.00070685413001538	-0.000547268947156214
446.57214	0.000704450480670812	-0.000487964786065079
398.08899	0.000695176872929228	-0.000439593985291709
354.88681	0.000691062814317769	-0.000391553568327251
316.31589	0.000689715404345624	-0.000346331078893263
281.8942	0.000684288411539113	-0.000310058221710454
251.20601	0.000681277702452593	-0.000275517946896678
223.92496	0.000680174869797809	-0.000243403860954944
199.55338	0.000680225458105508	-0.000214682093103764
177.78128	0.000677692161185595	-0.000188216720684768
158.52898	0.000678404350707619	-0.000162486942402578
141.21979	0.000678744119441943	-0.000141964740519871
125.92673	0.000679368007715425	-0.000122599483756059
112.19009	0.000681200515019369	-0.000106466172917708
99.968163	0.000682617819814257	-8.86399550057401e-05
89.115646	0.000685495380136747	-7.5341655154908e-05
79.415741	0.00068657245797482	-6.19304148443981e-05
70.793182	0.000687899475392213	-5.02473844638577e-05
63.082279	0.000690617284130851	-4.10802538917322e-05
56.241825	0.000695736153587323	-3.15684498790596e-05
50.112232	0.000697556546196951	-2.32233186486969e-05
44.671223	0.000701059607874932	-2.01675645002536e-05
39.808899	0.000703150169635305	-1.48085884834006e-05
35.488308	0.000707461468522389	-7.2560197299005e-06
31.629578	0.000709981608144732	-1.75400794549133e-06
28.187037	0.000712094197101717	-5.93243800624373e-07
25.120602	0.000715763560660844	4.97687326391819e-06
22.385418	0.000718583561860448	6.28451525502153e-06
19.955338	0.000720244162809184	8.65562124968366e-06
17.775894	0.000724828507636133	1.06743238838396e-05
15.846864	0.000726247174990213	1.03110667304772e-05
14.127493	0.000728968122010719	1.25416477519265e-05
12.587309	0.000731779273210089	1.42903522159932e-05
11.216775	0.000733261474253103	1.315929663215e-05
9.9968166	0.00073537518278175	1.28767629511222e-05
8.9082127	0.000735789557400075	1.56652580856207e-05
7.9395623	0.000738979594887812	1.6508224688466e-05
7.0765615	0.000741628065066955	1.7588788132143e-05
6.3105822	0.000742720037796552	1.70278635875661e-05
5.6245475	0.000743060830409396	1.59998102894309e-05
5.0112233	0.000743920628290342	1.69512970722881e-05
4.4642835	0.000745078070157241	1.81774208031367e-05
3.9819033	0.000746541140084308	1.61740714658045e-05
3.5479143	0.00074738349856516	1.89964115115634e-05
3.1629577	0.000750656910605892	1.92027829580908e-05
2.818361	0.000750604489023452	1.82492204380459e-05
2.5112481	0.000751829004706703	1.70428103425277e-05
2.2398233	0.000752132748538014	1.71021693448727e-05
1.9950197	0.000753985149047227	1.51209142263908e-05
1.7775893	0.000756083142882369	1.64833395412923e-05
1.5846864	0.00075689886065397	1.78983862613968e-05
1.4122353	0.00075824392062069	2.04768831495134e-05
1.2582541	0.000757379915420733	1.83807900474282e-05
1.1224822	0.000760398781134926	1.93237036057123e-05
1.0000616	0.00076076540699612	2.04559931817971e-05
0.89082122	0.000761316905538328	2.10456845786149e-05
0.79444051	0.000765293961130613	2.07828485416575e-05
0.70784986	0.000766281774104568	2.18924074468414e-05
0.63126236	0.000767231525140794	2.12758984614979e-05
0.562536	0.000768650406815895	2.35430093136734e-05
0.50118715	0.000768528038629334	2.33606823457102e-05
0.44642836	0.000770823692238484	2.27344563671874e-05
0.39821118	0.000773033390342831	2.48727839056007e-05
0.35475865	0.000773424519330453	2.65298617549549e-05
0.31619295	0.000777208236615295	2.93256761602298e-05
0.2819173	0.000777647554013359	2.75487042549728e-05
0.25117323	0.000778990802371211	2.79441968812578e-05
0.22391155	0.000780765846746786	3.16958350696053e-05
0.19957349	0.000782705551247458	3.30690272599912e-05
0.17779917	0.00078301911145067	3.34287206793528e-05
0.15846863	0.000787887699404443	3.52200923144934e-05
0.14123619	0.00078734743350437	3.66609329637339e-05
0.12590662	0.000791617897731234	3.85627726946e-05
0.1122199	0.000795075475652947	4.03296484362983e-05
0.10002181	0.000794817788733478	4.27691772473252e-05
