10002.226	0.00116764377988272	-0.00951338698363213
8914.9326	0.00112526686890923	-0.00851498035842239
7943.9951	0.00108979228433432	-0.00762004827651337
7081.583	0.00105389806959929	-0.00682512712404505
6307.7358	0.00102446234361553	-0.00610732667212831
5622.5879	0.000990599544410901	-0.00546632270829066
5011.603	0.000962677545582399	-0.0048960337094446
4466.4292	0.000939184274762349	-0.00438012941629396
3981.2773	0.000914496222913415	-0.00392393896349836
3548.8679	0.000894124108103229	-0.00351428374400918
3163.0398	0.000873462045103512	-0.00314601443092673
2819.0986	0.000857599774287833	-0.00281647414219692
2512.4104	0.000840712370916803	-0.00252489187290145
2239.2869	0.000823877139637499	-0.00226235884073586
1995.6381	0.000813492504642259	-0.00202540958048047
1778.2897	0.000800289265381664	-0.00181565540666888
1584.4927	0.000785801345525146	-0.00162609344838305
1412.7418	0.000772945272145703	-0.00145738907895078
1258.7905	0.000764620479292232	-0.00130696340442877
1121.7966	0.000758366236836662	-0.00117450750453833
999.68164	0.000748337162992308	-0.00105003117824516
891.42474	0.00073983214482644	-0.000944460656768414
794.23932	0.00073303830790672	-0.000849837141186241
707.96161	0.000724939796301853	-0.000759335938961509
631.00977	0.000719838662388571	-0.00068101643232623
562.33929	0.000712140674838394	-0.000608714819557963
501.12231	0.000706053007493005	-0.000545465894313164
446.57214	0.000699956547710892	-0.000489097958640981
398.08899	0.000695030069992915	-0.000437491575685716
354.88681	0.000691585892299205	-0.00039257894507
316.31589	0.000689535554175594	-0.00034613694753719
281.8942	0.000683301424049993	-0.000308336273545825
251.20601	0.000679800236779115	-0.00027469828664728
223.92496	0.000682057450247842	-0.000242224557735737
199.55338	0.000679987967369494	-0.000214898867651655
177.78128	0.000677632697694963	-0.000186335204955598
158.52898	0.000678950502637676	-0.000162677520012146
141.21979	0.000677776288335729	-0.000143409479259307
125.92673	0.000678885592364525	-0.000123694059207631
112.19009	0.000681534067524806	-0.000109020637559069
99.968163	0.000680856213718511	-8.71476566374467e-05
89.115646	0.000685253031262456	-7.63368975497961e-05
79.415741	0.000685311240698565	-6.19127952007898e-05
70.793182	0.000689579682144728	-5.30654192019152e-05
63.082279	0.000690546514980023	-4.22152073171417e-05
56.241825	0.000696530792415818	-3.16090009952757e-05
50.112232	0.000698874161627043	-2.43671643218079e-05
44.671223	0.000701044776483434	-1.79572701071767e-05
39.808899	0.000704741944163697	-1.31898022766128e-05
35.488308	0.000707394927216007	-9.48770795301133e-06
31.629578	0.000710769523259841	-2.83274665783627e-06
28.187037	0.00071195669058059	1.4771388538893e-06
25.120602	0.000715149725117587	5.10948225123279e-06
22.385418	0.000717582576833885	7.71012813951521e-06
19.955338	0.000720173081078782	6.98990262925576e-06
17.775894	0.000726082519868535	1.08726806044982e-05
15.846864	0.0007274023640761	1.11203687622997e-05
14.127493	0.000728357991062358	1.28887695656121e-05
12.587309	0.000730997176379459	1.45980355609914e-05
11.216775	0.000733161821866016	1.45776869082709e-05
9.9968166	0.000733993845676343	1.34440738807629e-05
8.9082127	0.000734915492995431	1.47887734586064e-05
7.9395623	0.000738069662784291	1.57051505514707e-05
7.0765615	0.000741958736466824	1.76015216668239e-05
6.3105822	0.000742405610677325	1.8154080592503e-05
5.6245475	0.000743268650650232	1.54465766432541e-05
5.0112233	0.000743700722644808	1.74952560188943e-05
4.4642835	0.00074604799835334	1.43039651318556e-05
3.9819033	0.000747556377672428	1.5718020351253e-05
3.5479143	0.000747565340571226	1.53430266907079e-05
3.1629577	0.000751874340480764	1.58179341988916e-05
2.818361	0.000750809795650388	1.74965253529667e-05
2.5112481	0.000752851223423313	1.58056047479753e-05
2.2398233	0.000752356634141793	1.80158722417588e-05
1.9950197	0.000753761985442625	1.72349694037458e-05
1.7775893	0.000754696703750462	1.6871888082645e-05
1.5846864	0.000756655421246145	1.62324404230127e-05
1.4122353	0.00075674161430573	1.84898456667329e-05
1.2582541	0.000758415977967276	1.9935379390035e-05
1.1224822	0.000759156074481722	2.02242576174787e-05
1.0000616	0.000762079853073497	2.16883905925388e-05
0.89082122	0.000762695237116362	1.98146488506587e-05
0.79444051	0.000763774243800704	2.03778444416267e-05
0.70784986	0.000764960227344	2.17846956500406e-05
0.63126236	0.000765126858514965	2.09998631546102e-05
0.562536	0.000768404068545634	2.38259659954265e-05
0.50118715	0.00077084191710396	2.17243743852769e-05
0.44642836	0.000770329229718932	2.4214968981569e-05
0.39821118	0.000773197050528214	2.50906318612088e-05
0.35475865	0.000773247271747642	2.41799472666744e-05
0.31619295	0.000775365263578131	2.82054787716412e-05
0.2819173	0.000776473052663285	2.74320962631244e-05
0.25117323	0.000778192340939753	2.97554511205521e-05
0.22391155	0.000781830752948518	3.10369859295979e-05
0.19957349	0.000783075125223478	3.34512679760311e-05
0.17779917	0.000783301813603809	3.49474044816671e-05
0.15846863	0.000786776241015195	3.41014229621125e-05
0.14123619	0.000788249392531885	3.62006366263065e-05
0.12590662	0.0007907210866304	3.67936581997542e-05
0.1122199	0.000792482549023142	4.15506579784196e-05
0.10002181	0.000797032457162422	4.30170793099818e-05
