10002.226	0.00116909088301021	-0.00951378164468041
8914.9326	0.00112714610240424	-0.00851389229910202
7943.9951	0.00109086810838973	-0.00761984589454986
7081.583	0.00105401020973268	-0.00682383466636531
6307.7358	0.00102427596134696	-0.0061037376249284
5622.5879	0.000991767373859048	-0.00546674477486759
5011.603	0.00096396475237283	-0.00489469218300033
4466.4292	0.000940564260031101	-0.00438209427643441
3981.2773	0.000914151710785574	-0.00392278163921206
3548.8679	0.000891854382593374	-0.00351434495636431
3163.0398	0.00087497851893538	-0.00314722557794531
2819.0986	0.00085764418114117	-0.00281569218971257
2512.4104	0.000841649322837155	-0.00252302241963613
2239.2869	0.000826920926290276	-0.00226132197947407
1995.6381	0.000811685198332741	-0.00202427890990727
1778.2897	0.000798448042339345	-0.00181379300919493
1584.4927	0.000789353870179005	-0.00162789044219666
1412.7418	0.000774541400272439	-0.00145817388419824
1258.7905	0.000765575714404758	-0.00130989502682856
1121.7966	0.00075725567920383	-0.0011737125606569
999.68164	0.00075000825932385	-0.00105087516754472
891.42474	0.000739707810635316	-0.000943420861129343
794.23932	0.000735174109482942	-0.000847633384046747
707.96161	0.000724947010307885	-0.000760475523916001
631.00977	0.000719138947878225	-0.00067866495102659
562.33929	0.000713081724217107	-0.000610861649123236
501.12231	0.00070690386648328	-0.000548447290752705
446.57214	0.000700272148516022	-0.000487418311192038
398.08899	0.000693754876072068	-0.00043758073914186
354.88681	0.000692755310960432	-0.000390561134557193
316.31589	0.00069004789544573	-0.000344913475737901
281.8942	0.000686348971545954	-0.000311324126095791
251.20601	0.000681178976613538	-0.000272845172474215
223.92496	0.000680072487728354	-0.000242560781370069
199.55338	0.000679208005571026	-0.00021532819201628
177.78128	0.000677644534851339	-0.000186871838741772
158.52898	0.00067775484498233	-0.000162562136469658
141.21979	0.000678290001044514	-0.000141936409640826
125.92673	0.000678581750899992	-0.000123297966781033
112.19009	0.000679824661574402	-0.000107191562150935
99.968163	0.0006805928948774	-8.92323523622045e-05
89.115646	0.000684606834282378	-7.64524963315814e-05
79.415741	0.000686979682430862	-6.35459889684566e-05
70.793182	0.000688486010494848	-4.93498297389849e-05
63.082279	0.000689949334899827	-4.05828572164376e-05
56.241825	0.000695971584499517	-3.10765332417907e-05
50.112232	0.000697093357011686	-2.41782659225797e-05
44.671223	0.000699419246795775	-1.91833854296154e-05
39.808899	0.000703376263383329	-1.20775071731278e-05
35.488308	0.000707439880618528	-8.54873400684347e-06
31.629578	0.000712054359503996	-2.98874687248563e-06
28.187037	0.000713317996743484	1.52292383704859e-06
25.120602	0.00071634449010369	3.77502462197489e-06
22.385418	0.000716013244855799	7.18059951194918e-06
19.955338	0.000722479767810469	8.31880044204947e-06
17.775894	0.000726901052491185	1.23941973451872e-05
15.846864	0.000726752641137757	1.14277573429612e-05
14.127493	0.000730165350193371	1.29904743480102e-05
12.587309	0.000730674614797857	1.277291368022e-05
11.216775	0.000733195833652642	1.48056094054417e-05
9.9968166	0.000734846992154075	1.50072669453693e-05
8.9082127	0.000738148701114683	1.33063711987276e-05
7.9395623	0.000738277991593517	1.79698824792045e-05
7.0765615	0.000740351548460103	1.69092531008583e-05
6.3105822	0.000743168436947884	1.62200145182011e-05
5.6245475	0.000744528502899514	1.48212812947149e-05
5.0112233	0.000745039287635934	1.6917009695344e-05
4.4642835	0.000746006599845497	1.50476225837969e-05
3.9819033	0.000747631771764507	1.57147747899159e-05
3.5479143	0.000746953791660167	1.71953324337474e-05
3.1629577	0.000750370818266621	1.7812523517773e-05
2.818361	0.000752022762692637	1.55581454660739e-05
2.5112481	0.000753295287342054	1.64329268583114e-05
2.2398233	0.000753952843261557	1.72819297961419e-05
1.9950197	0.000755352875562957	1.77920484106011e-05
1.7775893	0.000755947196826576	1.89584840548492e-05
1.5846864	0.000757552333612799	1.79034825026825e-05
1.4122353	0.000760528169739389	1.9737665297732e-05
1.2582541	0.000758133770786649	1.91782973493416e-05
1.1224822	0.000761088515677738	1.76451607225417e-05
1.0000616	0.000760632092893	1.98073610426703e-05
0.89082122	0.000765373860544781	1.94511248037501e-05
0.79444051	0.000764020480080622	1.90951550757657e-05
0.70784986	0.000764826082361521	2.14222049045387e-05
0.63126236	0.000767102885754282	2.22935353794293e-05
0.562536	0.000768500724228667	2.11064676617163e-05
0.50118715	0.000769327133656754	2.35468983988944e-05
0.44642836	0.000769788409884502	2.33732311635413e-05
0.39821118	0.000772784396455933	2.35433975718707e-05
0.35475865	0.000773853589980528	2.68159826115301e-05
0.31619295	0.000775453317037003	2.72444378297488e-05
0.2819173	0.000776020194097636	2.90156133810843e-05
0.25117323	0.000780481781558417	3.05150646029744e-05
0.22391155	0.000781166024630155	2.97927422357133e-05
0.19957349	0.000782956511815257	3.40678461944795e-05
0.17779917	0.000784407098865824	3.42674766667783e-05
0.15846863	0.000787381401721119	3.6297647100882e-05
0.14123619	0.000786928292134129	3.70799153597503e-05
0.12590662	0.000789995275324711	3.90327608899682e-05
0.1122199	0.000794400990468739	4.08960495983167e-05
0.10002181	0.000795448069359596	4.24955812266563e-05
