10002.226	0.00116934874070391	-0.00951222598767688
8914.9326	0.00112625302814057	-0.00851532999429159
7943.9951	0.00108929727453523	-0.00762121221165546
7081.583	0.00105477850749186	-0.00682546982845347
6307.7358	0.00102572016803445	-0.00610549495782112
5622.5879	0.000992960456573534	-0.00546790071607006
5011.603	0.000962488241937969	-0.00489495501449677
4466.4292	0.000938021260518173	-0.00438115714981794
3981.2773	0.000912742973230329	-0.00392429491522897
3548.8679	0.000892314037611007	-0.00351540586424975
3163.0398	0.000874324586934192	-0.00314620019450456
2819.0986	0.000857272521144366	-0.00281749539453543
2512.4104	0.000840169689097514	-0.00252265284434717
2239.2869	0.000824637430515641	-0.00226052493572244
1995.6381	0.000812299184881563	-0.00202575232221596
1778.2897	0.000800602791075987	-0.00181480000097454
1584.4927	0.000788756527412052	-0.00162523958089359
1412.7418	0.000775030485808084	-0.00145737864612362
1258.7905	0.000767682397121861	-0.00130703524824812
1121.7966	0.00075682486141692	-0.00117431496505484
999.68164	0.000748225697055754	-0.0010496335097619
891.42474	0.000740833445992249	-0.000943213131990123
794.23932	0.000733888825442127	-0.000847599907299848
707.96161	0.000725971221132331	-0.000757657428038166
631.00977	0.000718208975345704	-0.000681361172264028
562.33929	0.000712476733247241	-0.000610187135838708
501.12231	0.000705819651123109	-0.00054873923936118
446.57214	0.000701421438091256	-0.00048773491457368
398.08899	0.00069795728643303	-0.00043635217375752
354.88681	0.000693199819441178	-0.000389680045327131
316.31589	0.000690561663188536	-0.00034633326645209
281.8942	0.000685603243329943	-0.00031067503484179
251.20601	0.000683062878969864	-0.000273371794604163
223.92496	0.000680865024539757	-0.000241289459039432
199.55338	0.000682381333681744	-0.000213254194775309
177.78128	0.00067933441062322	-0.00018543567308269
158.52898	0.000679542522476752	-0.000162803384793132
141.21979	0.000677595541480661	-0.000142066516366959
125.92673	0.00067884133642531	-0.000122511511729481
112.19009	0.000681673281247925	-0.000105335935668497
99.968163	0.000682144064676746	-8.97362640871691e-05
89.115646	0.000685010922684388	-7.46527697228426e-05
79.415741	0.000686194908299728	-6.25627060812811e-05
70.793182	0.000687249382882661	-5.05009545937813e-05
63.082279	0.000689458064563417	-4.15477713352602e-05
56.241825	0.000695137595655063	-3.24463354095385e-05
50.112232	0.00069931777122779	-2.48144213876127e-05
44.671223	0.000700964884199426	-1.68665625931761e-05
39.808899	0.000703255853545614	-1.37312670284409e-05
35.488308	0.000707176635897726	-8.21510621601552e-06
31.629578	0.00070990142788664	-2.88040957460667e-06
28.187037	0.000713049297277047	-1.78899683989553e-07
25.120602	0.000715664819478793	4.82551605428416e-06
22.385418	0.000720893343296599	7.76218022441497e-06
19.955338	0.000721737337199134	9.43004084801615e-06
17.775894	0.000723150413540316	1.16929326279623e-05
15.846864	0.000726812064425333	1.08975063537839e-05
14.127493	0.000727649530514094	1.32625908979348e-05
12.587309	0.000730779333731266	1.45451641477808e-05
11.216775	0.000732879954552661	1.50198428489114e-05
9.9968166	0.000735604905543305	1.36903629827547e-05
8.9082127	0.000737252769150689	1.47090340713542e-05
7.9395623	0.000737759300989805	1.60777060795957e-05
7.0765615	0.000742368720274378	1.7871326141649e-05
6.3105822	0.000741576004623041	1.65496087651881e-05
5.6245475	0.00074444231163398	1.6119214579163e-05
5.0112233	0.000746158203005105	1.80576844366208e-05
4.4642835	0.000746829030279983	1.46773523906355e-05
3.9819033	0.000747373874334856	1.691242790349e-05
3.5479143	0.000747887947310094	1.38733187510179e-05
3.1629577	0.000749437605085568	1.77425797261444e-05
2.818361	0.00075243872270867	1.75856237227849e-05
2.5112481	0.000752694075526421	1.56258601219661e-05
2.2398233	0.000752635637816697	1.77081220875307e-05
1.9950197	0.000754103631928965	1.71455274890419e-05
1.7775893	0.000753913680783172	1.85016539568859e-05
1.5846864	0.000757453113221798	1.78938666599705e-05
1.4122353	0.000758633518236254	1.93938735955889e-05
1.2582541	0.000758949885384548	1.96852564091596e-05
1.1224822	0.000757632187897722	1.74515585006832e-05
1.0000616	0.000760728404656893	1.95137741647349e-05
0.89082122	0.000763017237141391	2.02496373612726e-05
0.79444051	0.000763812846131812	2.1572440255322e-05
0.70784986	0.000765687326303808	2.06054638470323e-05
0.63126236	0.000766183492202621	2.04195881644993e-05
0.562536	0.000768652626531252	2.19190609813477e-05
0.50118715	0.000769250743224036	2.46437440556486e-05
0.44642836	0.000771376662478763	2.2954583407012e-05
0.39821118	0.000773624178521662	2.47604390875893e-05
0.35475865	0.000773635152627637	2.7226461126068e-05
0.31619295	0.000774842160403334	2.82598150948937e-05
0.2819173	0.000775685005304076	2.79907794999748e-05
0.25117323	0.000777213880968852	2.91511205790653e-05
0.22391155	0.000782557351065056	3.18281470961142e-05
0.19957349	0.000781922019515751	3.31864624207655e-05
0.17779917	0.000784354870849429	3.49674923602762e-05
0.15846863	0.000787521321664379	3.35399527026207e-05
0.14123619	0.000786537501288133	3.58772475946255e-05
0.12590662	0.000791150741678975	3.91005808037707e-05
0.1122199	0.000793206804644242	3.93374038025017e-05
0.10002181	0.000796025821567074	4.18457180668028e-05
