10002.226	0.00116874175813121	-0.00951215421977209
8914.9326	0.00112666508718713	-0.00851483153435731
7943.9951	0.00108811429521939	-0.00762171968388634
7081.583	0.00105441868043169	-0.00682427757888256
6307.7358	0.00102264781369333	-0.00610436795075732
5622.5879	0.000993370671272472	-0.00546673633356901
5011.603	0.000962525967731566	-0.00489599685721578
4466.4292	0.000939596015274068	-0.00437967775709729
3981.2773	0.000913841483535801	-0.00392488072229164
3548.8679	0.000892157369053649	-0.00351404969305261
3163.0398	0.000873308757801336	-0.00314647659431933
2819.0986	0.000857059168742823	-0.00281686171660306
2512.4104	0.00084160278495407	-0.00252361897129902
2239.2869	0.0008261506512666	-0.00226186714844107
1995.6381	0.000812954907927446	-0.00202559137742015
1778.2897	0.000799500628504674	-0.00181423360456223
1584.4927	0.000787234544713486	-0.00162527726854273
1412.7418	0.000776968101232626	-0.00145621465222949
1258.7905	0.000767207689714107	-0.00130610055816604
1121.7966	0.000756802797882949	-0.00117403927730962
999.68164	0.00074861262919856	-0.00105088559840089
891.42474	0.000739710196742573	-0.000942239626321413
794.23932	0.000732683426620087	-0.000848804318833589
707.96161	0.000724003710508996	-0.000758314424195537
631.00977	0.000715727018023586	-0.000682095551630971
562.33929	0.000713566564338329	-0.000610865824421928
501.12231	0.000709227600904144	-0.000546600277338368
446.57214	0.000699469826590157	-0.000488730885168757
398.08899	0.000695780061737212	-0.000437528873615902
354.88681	0.000692244820041277	-0.000390814176870485
316.31589	0.000688408200082129	-0.000346841498385521
281.8942	0.000686879724491512	-0.000309454738214217
251.20601	0.000682018572087276	-0.000275026630201169
223.92496	0.00067910373805096	-0.000242214655719048
199.55338	0.000679921509309008	-0.000214229202856474
177.78128	0.000678630205262077	-0.000186667004177338
158.52898	0.000679032199397225	-0.00016290869029156
141.21979	0.000677789930139167	-0.000142409500799708
125.92673	0.000677860708079039	-0.000123248930487834
112.19009	0.000680596294067287	-0.000104927679115051
99.968163	0.00068118307581066	-9.02855152339578e-05
89.115646	0.000684022585711631	-7.60124716645195e-05
79.415741	0.000687016279083826	-6.30907790826825e-05
70.793182	0.000688661297699462	-5.15893490501181e-05
63.082279	0.000690604366078134	-4.25982897587273e-05
56.241825	0.000697400307911957	-2.93489247292273e-05
50.112232	0.000698624358884437	-2.35268315869718e-05
44.671223	0.00070082604805786	-1.76950490660278e-05
39.808899	0.000703987691219402	-1.23668148356866e-05
35.488308	0.000706577690331723	-8.54723267999299e-06
31.629578	0.000710210179648487	-1.75543348317861e-06
28.187037	0.000711899890461149	8.3710854333699e-07
25.120602	0.000714548019751708	2.53738270735665e-06
22.385418	0.000717366065461499	6.18998836099593e-06
19.955338	0.000721694672584805	7.73687056508552e-06
17.775894	0.000724525615161323	1.13634240952938e-05
15.846864	0.00072657094458409	1.20777052236665e-05
14.127493	0.000729068098650314	1.16327816743027e-05
12.587309	0.000730975069815298	1.16699355037625e-05
11.216775	0.00073284710290026	1.57497950547527e-05
9.9968166	0.000734366534356412	1.4199184963713e-05
8.9082127	0.000736570333118263	1.34454230168612e-05
7.9395623	0.000739408399529948	1.74061340215996e-05
7.0765615	0.000740875256528047	1.76153621543745e-05
6.3105822	0.000741579031620478	1.92120240548423e-05
5.6245475	0.000744564622595128	1.44143574148196e-05
5.0112233	0.000746704513510258	1.6484029293346e-05
4.4642835	0.000747088486185399	1.57831462662477e-05
3.9819033	0.000746478497927596	1.68328370285412e-05
3.5479143	0.00074988591793497	1.68839059889196e-05
3.1629577	0.00075079863275408	1.94812632760117e-05
2.818361	0.000752398605207891	1.64407420779522e-05
2.5112481	0.000751390766347543	1.67127426497078e-05
2.2398233	0.000751476980707073	1.92671582722022e-05
1.9950197	0.000753388821020769	1.75210367767052e-05
1.7775893	0.000755291030929658	1.76689088281364e-05
1.5846864	0.000758016652443122	1.99235130099717e-05
1.4122353	0.000757231089126286	1.76455085357992e-05
1.2582541	0.000758579818367013	1.79272166174241e-05
1.1224822	0.000761885052471127	1.89408379944139e-05
1.0000616	0.000761241658071953	1.95758731374733e-05
0.89082122	0.00076131930640097	1.97546713094095e-05
0.79444051	0.00076430179162437	2.28641155784843e-05
0.70784986	0.000765392264845391	2.2601658536491e-05
0.63126236	0.00076729936946599	2.34898360859255e-05
0.562536	0.000768123098180279	2.11360691208078e-05
0.50118715	0.000770880369860281	2.32636132880351e-05
0.44642836	0.000771040541174766	2.37620629437538e-05
0.39821118	0.000772770644485172	2.67802965736219e-05
0.35475865	0.000773975356096807	2.58762882100775e-05
0.31619295	0.000775671500259401	2.71942587735613e-05
0.2819173	0.000778114758220175	2.84463469587686e-05
0.25117323	0.000777536836368829	2.94574757818744e-05
0.22391155	0.000780502335824101	3.06626571520454e-05
0.19957349	0.000782903399339446	3.2082596556174e-05
0.17779917	0.000785541560417383	3.39051008815252e-05
0.15846863	0.000785642211903077	3.45448102031218e-05
0.14123619	0.000788288852368213	3.78412629168599e-05
0.12590662	0.000789991175447473	3.78885358271194e-05
0.1122199	0.00079345738670348	4.08258000189349e-05
0.10002181	0.00079631108212785	4.35261599376383e-05
