10002.226	0.0011675314355829	-0.00951283765860219
8914.9326	0.00112683413940373	-0.00851653309912917
7943.9951	0.0010891265041298	-0.00762150744000962
7081.583	0.00105512052873611	-0.00682212596699884
6307.7358	0.00102298067689188	-0.00610583131404
5622.5879	0.000990491951065083	-0.00546654805552463
5011.603	0.000962333427440682	-0.00489591179169465
4466.4292	0.000940128024150747	-0.00438146690835156
3981.2773	0.000914815493478151	-0.00392341335500748
3548.8679	0.000891077499184129	-0.00351385130013331
3163.0398	0.000874463009619062	-0.00314699034461298
2819.0986	0.000855562092214304	-0.00281613810658637
2512.4104	0.000839960078552472	-0.00252358155908371
2239.2869	0.000825133252228907	-0.00226411524069525
1995.6381	0.000812266539431763	-0.00202508591492857
1778.2897	0.000800691997777283	-0.00181429771108952
1584.4927	0.00078734296199865	-0.00162382756018702
1412.7418	0.000774945052424606	-0.00145907778754456
1258.7905	0.000766689011050338	-0.0013078960233653
1121.7966	0.000758364148293033	-0.00117307919146886
999.68164	0.000746731708433286	-0.00105142120973914
891.42474	0.000739259042366636	-0.00094238469943595
794.23932	0.000732220077738686	-0.000846662228901924
707.96161	0.000723268708260859	-0.000758380977315623
631.00977	0.000718696223714636	-0.000680992243762458
562.33929	0.000712328511159885	-0.000609937158394423
501.12231	0.000704714800173909	-0.000546450383224546
446.57214	0.000700830086921063	-0.000488021486494243
398.08899	0.000696266308437831	-0.00043768257532312
354.88681	0.000692882572939999	-0.000390357824150471
316.31589	0.000687553449937048	-0.000346088814427635
281.8942	0.000686522002536962	-0.000308199599401332
251.20601	0.000681228641270894	-0.000273479697317269
223.92496	0.000681553454257869	-0.000241187638446119
199.55338	0.000680500929254972	-0.000214098341971839
177.78128	0.000677129011727564	-0.00018636835608912
158.52898	0.000679068670628393	-0.000163657920664551
141.21979	0.000677925142526739	-0.000141582062232675
125.92673	0.00067785747905944	-0.000121698178435409
112.19009	0.000682016329955928	-0.000105329671147732
99.968163	0.000682434344280124	-8.89237142641902e-05
89.115646	0.000685051293190706	-7.32560915703051e-05
79.415741	0.000686378829398496	-6.20949728345088e-05
70.793182	0.000689953751305009	-5.16797692098528e-05
63.082279	0.000692543221802163	-4.15583015467602e-05
56.241825	0.000696750194605675	-3.20109503989268e-05
50.112232	0.000696060229640333	-2.33548930981456e-05
44.671223	0.000699164193387343	-1.85085016809492e-05
39.808899	0.000703260580121705	-1.48767159720141e-05
35.488308	0.000709646172582197	-9.03710639053419e-06
31.629578	0.000708673931333316	-3.09941475898989e-06
28.187037	0.00071285124537868	1.22399095518119e-07
25.120602	0.000715991059333425	2.06339954226227e-06
22.385418	0.000717758081298727	6.32718706630762e-06
19.955338	0.000721442237949798	7.89996411138551e-06
17.775894	0.000724251163609781	1.22538829876165e-05
15.846864	0.000727058430085248	1.15951531520672e-05
14.127493	0.000730910425844602	1.29241389062502e-05
12.587309	0.000729607767773577	1.27480680203117e-05
11.216775	0.000733155802617064	1.38632063210291e-05
9.9968166	0.000737753541128799	1.33535686701712e-05
8.9082127	0.0007367781018647	1.50274101247872e-05
7.9395623	0.00073866325322335	1.78674516259312e-05
7.0765615	0.000740334867573142	1.83080894838062e-05
6.3105822	0.000741926608267165	1.43278240327141e-05
5.6245475	0.000741805417606277	1.60298417579912e-05
5.0112233	0.00074597998039975	1.70584260506317e-05
4.4642835	0.000747265503793956	1.57151913338984e-05
3.9819033	0.00074689160533239	1.60897824240098e-05
3.5479143	0.000749482037858922	1.58365397919371e-05
3.1629577	0.000749508033324133	1.83844502761065e-05
2.818361	0.000751950438731273	1.65090711703206e-05
2.5112481	0.00075133947847003	1.59669981633827e-05
2.2398233	0.000750950666279447	1.65154880867879e-05
1.9950197	0.000754772144207339	1.59453261291849e-05
1.7775893	0.000755345252519214	1.75877892163734e-05
1.5846864	0.00075489324429317	1.73459967785375e-05
1.4122353	0.000756239464396303	1.94295273688843e-05
1.2582541	0.000758485344154003	1.9364888045885e-05
1.1224822	0.000757758358377547	1.81094015693852e-05
1.0000616	0.000761059831402664	2.17346727809723e-05
0.89082122	0.000763567915080689	2.0182588575659e-05
0.79444051	0.000764125732484861	1.87194223877336e-05
0.70784986	0.000764401621862111	2.08563515576272e-05
0.63126236	0.000767842106291722	2.20203948312559e-05
0.562536	0.000768519761882313	2.30247937562008e-05
0.50118715	0.000766452788052812	2.28282654984951e-05
0.44642836	0.000771765322085767	2.38215729771136e-05
0.39821118	0.000772293259707975	2.51395917213039e-05
0.35475865	0.000775006470333561	2.55573368660095e-05
0.31619295	0.000775603172565036	2.77841024978168e-05
0.2819173	0.000775863633570684	2.66057833509758e-05
0.25117323	0.000777470451613049	2.89868727943712e-05
0.22391155	0.000781710952119579	2.97355256408781e-05
0.19957349	0.000782773991164706	3.21529531358146e-05
0.17779917	0.000784851291849177	3.56859615294677e-05
0.15846863	0.000787916251805767	3.3350942453523e-05
0.14123619	0.000787770563099511	3.75034215676053e-05
0.12590662	0.000790078055369693	3.87705366577906e-05
0.1122199	0.000793763361548703	4.02342136831213e-05
0.10002181	0.000796388289620009	4.22238680474179e-05
