10002.226	0.00117568705233948	-0.00949666070159311
8914.9326	0.00113401315488321	-0.00849944786495702
7943.9951	0.0010977513003123	-0.00761055284341457
7081.583	0.00106410089882291	-0.00681264464244319
6307.7358	0.00103288638999758	-0.00609669935247273
5622.5879	0.000999726763482303	-0.00545797960035035
5011.603	0.000970351117770443	-0.00488679773933253
4466.4292	0.000947054469721811	-0.00437580746620532
3981.2773	0.000924841176196882	-0.00391734520343281
3548.8679	0.000900144276341859	-0.00350717130471634
3163.0398	0.000883942716433555	-0.00314146038790617
2819.0986	0.000864109671350494	-0.00281264178353665
2512.4104	0.000848416417015989	-0.00252064798553312
2239.2869	0.000833100578810199	-0.00225705311533198
1995.6381	0.000821584145007031	-0.00202430394950836
1778.2897	0.000807730117929002	-0.00181146593508612
1584.4927	0.000794763907904619	-0.00162240463619885
1412.7418	0.000782941447118377	-0.00145538525423113
1258.7905	0.000772915226455854	-0.00130527118055509
1121.7966	0.000764785616013095	-0.00117249275620663
999.68164	0.000756162600312973	-0.0010494665510041
891.42474	0.000748755391662051	-0.000941859807811286
794.23932	0.000741618784273872	-0.000845644630668629
707.96161	0.00073284955138787	-0.000757416978289946
631.00977	0.000725231912751317	-0.000682646263408357
562.33929	0.000719591713169232	-0.000609612363088456
501.12231	0.000712663296481735	-0.000546313288273977
446.57214	0.000711300854253979	-0.000487170607542183
398.08899	0.000702954688858129	-0.000438057614997454
354.88681	0.000699878637800981	-0.000388945185850008
316.31589	0.000697038152056362	-0.000346249828016945
281.8942	0.000694102241062111	-0.000308442741204968
251.20601	0.000689454351813	-0.000274412204942367
223.92496	0.00068899455988799	-0.00024108277582027
199.55338	0.000686932899101702	-0.000213282060199296
177.78128	0.000688256772604967	-0.000183983252139832
158.52898	0.000686215816304553	-0.000163159738652704
141.21979	0.000686183695093301	-0.00014144042652448
125.92673	0.000687138083924948	-0.000123108910283892
112.19009	0.000688236724271931	-0.000106442767804745
99.968163	0.000689689664975482	-8.86135383472963e-05
89.115646	0.000691695668303092	-7.5344469907959e-05
79.415741	0.000693749449510226	-6.11158974348789e-05
70.793182	0.000695562759769203	-5.34357545929126e-05
63.082279	0.000699115969069275	-3.9389056540367e-05
56.241825	0.000704378787733774	-3.18145846012428e-05
50.112232	0.000707043926747376	-2.26829450712018e-05
44.671223	0.000708594397558951	-1.75941113396428e-05
39.808899	0.000713306381840132	-1.37455190290777e-05
35.488308	0.000715388349329587	-9.51087284357742e-06
31.629578	0.000719156118644554	-2.97082120525433e-06
28.187037	0.000720592634761302	-6.67249629336721e-07
25.120602	0.000723932918766653	4.79855600831517e-06
22.385418	0.000726116238224241	7.38563680406545e-06
19.955338	0.000730448317119126	7.70835568526488e-06
17.775894	0.00073121616460011	1.2070716681836e-05
15.846864	0.000732372344552421	1.1440095006913e-05
14.127493	0.00073829479436455	1.43215167560801e-05
12.587309	0.000738491834822955	1.34367019023194e-05
11.216775	0.00074022187851121	1.27082974413879e-05
9.9968166	0.000744198757795105	1.43533563628868e-05
8.9082127	0.000745166443718797	1.58034523509991e-05
7.9395623	0.00074718448424001	1.52179984579289e-05
7.0765615	0.000747678166489107	1.91611924199856e-05
6.3105822	0.00074998353714444	1.68835570529746e-05
5.6245475	0.000751337540329139	1.63428537116875e-05
5.0112233	0.000752800670856801	1.72364728717603e-05
4.4642835	0.000754535145035557	1.67879860335775e-05
3.9819033	0.000756094737279158	1.86112203392974e-05
3.5479143	0.000756324241310664	1.68242335768745e-05
3.1629577	0.000758951350467049	1.75874963974055e-05
2.818361	0.000761326138863129	1.83544887777284e-05
2.5112481	0.000760593961286732	1.65969272291984e-05
2.2398233	0.00076042912417501	1.58257126499276e-05
1.9950197	0.000761284063807769	1.66303242725349e-05
1.7775893	0.000762101792385088	1.63717039354659e-05
1.5846864	0.000765428302041895	1.89197612481538e-05
1.4122353	0.0007645135790616	1.88716840527718e-05
1.2582541	0.000767705944671552	1.88765613831828e-05
1.1224822	0.000769242779424513	1.99439450504422e-05
1.0000616	0.000770138040882052	2.06300540662659e-05
0.89082122	0.000769706679874982	1.91166871160123e-05
0.79444051	0.000771708401729576	2.12235245190202e-05
0.70784986	0.000773206236997674	2.05295898471328e-05
0.63126236	0.000774439474277165	2.29335997336983e-05
0.562536	0.000775746688893802	2.31641799607677e-05
0.50118715	0.000776623703572132	2.21503593138585e-05
0.44642836	0.000780201083048435	2.28182580475747e-05
0.39821118	0.000781947582186853	2.7476636257696e-05
0.35475865	0.000780374483581585	2.54263741114918e-05
0.31619295	0.000783324091084313	2.82762713616856e-05
0.2819173	0.000785515034010607	2.7086905416991e-05
0.25117323	0.000787519161779252	2.85851059265773e-05
0.22391155	0.000789121003173631	3.05803728048382e-05
0.19957349	0.000790867608107863	3.21346796331227e-05
0.17779917	0.000789545127837824	3.35424230750741e-05
0.15846863	0.000794156702319934	3.46875245342202e-05
0.14123619	0.000794945354112919	3.5853230430639e-05
0.12590662	0.000799271893078243	3.80842186723556e-05
0.1122199	0.000801122630813148	3.99618108713659e-05
0.10002181	0.0008041373309939	4.39233377116512e-05
