10002.226	0.00117673742991117	-0.00949598423607541
8914.9326	0.00113373442967969	-0.00850270808805157
7943.9951	0.00109604772678606	-0.00760880643608024
7081.583	0.00106210421846918	-0.00681314234976927
6307.7358	0.00103142406510223	-0.00609663718550761
5622.5879	0.00099986892233791	-0.00545677882494714
5011.603	0.000970628273088772	-0.00488855055881062
4466.4292	0.000945770123749571	-0.00437370011639639
3981.2773	0.000923041316968456	-0.00391623790783897
3548.8679	0.000900776016976901	-0.0035069538536763
3163.0398	0.000883954252812662	-0.00314226332538648
2819.0986	0.000864929578423766	-0.00281194880407252
2512.4104	0.000848814855347077	-0.00251916630644893
2239.2869	0.000832961392167318	-0.00225862046368247
1995.6381	0.000820522516209843	-0.00202177038571588
1778.2897	0.000805965075747247	-0.00181234771752758
1584.4927	0.000794959761677999	-0.00162529868629886
1412.7418	0.000780783635796974	-0.00145668166272551
1258.7905	0.000773315666281201	-0.00130612699100137
1121.7966	0.000766958926390938	-0.00117259369853157
999.68164	0.000753681406459474	-0.0010499883705598
891.42474	0.000746586653770459	-0.000942021008589727
794.23932	0.000739240298707401	-0.000845310616639275
707.96161	0.000734488608299998	-0.000757749645235371
631.00977	0.000726541432688798	-0.000683025390930818
562.33929	0.000721944830719078	-0.000607978801701749
501.12231	0.000714457681425787	-0.000544166730587873
446.57214	0.000709366432035532	-0.000488267083717964
398.08899	0.000703427102916448	-0.000438174696323612
354.88681	0.000700702439793135	-0.000389893719415297
316.31589	0.000698860082454228	-0.000346139900641804
281.8942	0.000694434865016828	-0.000307196101024107
251.20601	0.000688808828467433	-0.000273755519556062
223.92496	0.000688433156378759	-0.000241757781178186
199.55338	0.00068922172752856	-0.000213031472766242
177.78128	0.000687082184390875	-0.000186741563791105
158.52898	0.000687376191836713	-0.000162798011895744
141.21979	0.000687270218080645	-0.000142046538964097
125.92673	0.000687582915027395	-0.000124038051653548
112.19009	0.000688185040182429	-0.000105101005528996
99.968163	0.000688645960973712	-8.65149741780877e-05
89.115646	0.000694124847785541	-7.57190418838303e-05
79.415741	0.000693282754646333	-6.32207113830369e-05
70.793182	0.000695970584004295	-5.12227249088705e-05
63.082279	0.000699623302312584	-4.31027433914423e-05
56.241825	0.00070321591885252	-2.99155318084605e-05
50.112232	0.000707124401231826	-2.10429480728123e-05
44.671223	0.000709100694857119	-1.68921023648672e-05
39.808899	0.000712262180374159	-1.30186070847308e-05
35.488308	0.00071418600932956	-9.47432014864697e-06
31.629578	0.000717776280594404	-4.48478732116979e-06
28.187037	0.000722443701658909	-9.85938115120628e-07
25.120602	0.000722383864405743	3.47262899825149e-06
22.385418	0.000726329064731008	6.37995055852849e-06
19.955338	0.000729747990508899	8.88948000250583e-06
17.775894	0.000734373137555971	1.34281192764248e-05
15.846864	0.00073479202247999	1.27579229266208e-05
14.127493	0.000739161402358949	1.38302001255533e-05
12.587309	0.000739139826706666	1.37403882277264e-05
11.216775	0.000739760851769802	1.50552672236365e-05
9.9968166	0.000742788837608331	1.4090783368233e-05
8.9082127	0.000745350768746989	1.68413757308158e-05
7.9395623	0.000746519571462419	1.56584470558929e-05
7.0765615	0.000748398943992247	1.69420127935335e-05
6.3105822	0.000749370797891501	1.79750473830027e-05
5.6245475	0.000750859318083004	1.56698564280294e-05
5.0112233	0.000753490861329959	1.84953905271437e-05
4.4642835	0.000755031611123357	1.68436992951011e-05
3.9819033	0.000756602899656092	1.8699387103587e-05
3.5479143	0.000754654344329169	1.74956908095505e-05
3.1629577	0.000759246413915569	1.92020287518326e-05
2.818361	0.000761328592320115	1.76391132108566e-05
2.5112481	0.000758937686854505	1.53353523655795e-05
2.2398233	0.000761225014996786	1.77882859275207e-05
1.9950197	0.00076092041693444	1.59867798202132e-05
1.7775893	0.000764446109415738	1.73609727650902e-05
1.5846864	0.000765068620312601	1.72234214751404e-05
1.4122353	0.000764162296019757	1.75772627126644e-05
1.2582541	0.000766993993795834	1.81105692674599e-05
1.1224822	0.000769550252910283	2.12001019464352e-05
1.0000616	0.000769790437963094	2.17079061451651e-05
0.89082122	0.000770881669942467	2.10485079457877e-05
0.79444051	0.000773094789490831	2.04732292172448e-05
0.70784986	0.000773346209963281	2.00906482754785e-05
0.63126236	0.000773970630394457	2.10504584115965e-05
0.562536	0.00077536853680924	2.02725302083277e-05
0.50118715	0.000775722730340106	2.30195268691469e-05
0.44642836	0.000779608146417335	2.54238905605265e-05
0.39821118	0.000780205989974317	2.77043111283472e-05
0.35475865	0.000781462563090498	2.71522534685553e-05
0.31619295	0.000783652951718339	2.68883560528384e-05
0.2819173	0.000784608749057183	2.79907573566246e-05
0.25117323	0.000786661107325701	2.80734139977527e-05
0.22391155	0.000788237725460826	3.09874035336179e-05
0.19957349	0.000791749839916691	3.21196786038643e-05
0.17779917	0.000793523550467727	3.35298289810006e-05
0.15846863	0.000793123597364068	3.55766421690359e-05
0.14123619	0.000796999966514442	3.84874279430899e-05
0.12590662	0.000798685918409031	3.69442244534421e-05
0.1122199	0.00080104350303957	3.99161827326531e-05
0.10002181	0.000802373182217215	4.08974668650771e-05
