10002.226	0.00117771677003096	-0.00949653997822148
8914.9326	0.00113487237436244	-0.00850105110400479
7943.9951	0.00109746595962729	-0.0076099692958706
7081.583	0.00106305909937026	-0.00681239702653589
6307.7358	0.00103106504256523	-0.00609316554618284
5622.5879	0.000998563633739727	-0.00545946658740513
5011.603	0.000971195160543024	-0.00488671844501716
4466.4292	0.000947107202677724	-0.00437296847589246
3981.2773	0.000924067608154103	-0.00391676073398176
3548.8679	0.000901710820740666	-0.00350905447817697
3163.0398	0.000881304040731268	-0.00314291124181203
2819.0986	0.000864395850750343	-0.00281241806476782
2512.4104	0.000847803552365457	-0.00251886215624229
2239.2869	0.000831483792073745	-0.00225784844108239
1995.6381	0.00082046954476533	-0.00202240472072913
1778.2897	0.000806151672023114	-0.00181074495298651
1584.4927	0.000794308787805935	-0.00162323234289472
1412.7418	0.000782991795003671	-0.00145617684279225
1258.7905	0.000774052660259997	-0.0013058436530447
1121.7966	0.000763399691362278	-0.00116952870205445
999.68164	0.000758924097992053	-0.00104908001478094
891.42474	0.000747618417577061	-0.000940588769302445
794.23932	0.000741696991844207	-0.000846061896007742
707.96161	0.000733793831905634	-0.000758919065340374
631.00977	0.000727116970556597	-0.000679820420514264
562.33929	0.000720145415148219	-0.000608517842952789
501.12231	0.000715596299590818	-0.00054605953304304
446.57214	0.000709588841611755	-0.000489265025093917
398.08899	0.000705049779584371	-0.000436467267872398
354.88681	0.000699759952203214	-0.000389799949287158
316.31589	0.000697816561233175	-0.00034550083183792
281.8942	0.000693047378695935	-0.000308641112549842
251.20601	0.000689024601727138	-0.000274352235410239
223.92496	0.000688528221812509	-0.000241483097003269
199.55338	0.000686763524221605	-0.000214432278286499
177.78128	0.000686359636552468	-0.000186481269693364
158.52898	0.000686350936312656	-0.000160352732031442
141.21979	0.000686720754102919	-0.000142032397523855
125.92673	0.000686497386809247	-0.000122252400201318
112.19009	0.000689533849485933	-0.00010739525298011
99.968163	0.00068800959552364	-8.83245934164814e-05
89.115646	0.000692816967747802	-7.50146038796347e-05
79.415741	0.000695222167328159	-6.31959169361243e-05
70.793182	0.000696463495617325	-5.14385186048154e-05
63.082279	0.000699018305028611	-4.18929047147483e-05
56.241825	0.000706203454255777	-3.02543425244801e-05
50.112232	0.000705897380968066	-2.23636811639526e-05
44.671223	0.000707075192929126	-1.47327529780722e-05
39.808899	0.000711583627157219	-1.14266792523672e-05
35.488308	0.000714506183891566	-7.70120100026738e-06
31.629578	0.000717046926427875	-3.22703999339784e-06
28.187037	0.00072176948075017	5.79855076914755e-07
25.120602	0.000721830113469515	3.95450889151828e-06
22.385418	0.000725616524203324	7.83006948031501e-06
19.955338	0.000729280648064882	9.12414058952054e-06
17.775894	0.00073387360910772	1.15984454217141e-05
15.846864	0.000734902505923444	1.08932236107524e-05
14.127493	0.000738222459156291	1.28610341736786e-05
12.587309	0.00073868710796563	1.42378820794944e-05
11.216775	0.000739323663131253	1.28335783264146e-05
9.9968166	0.000743137326807978	1.41523984842763e-05
8.9082127	0.000745529387388436	1.54272780742087e-05
7.9395623	0.0007443340232489	1.51212935257759e-05
7.0765615	0.000747716750244451	1.75485183619147e-05
6.3105822	0.000750609441494063	1.58880454564912e-05
5.6245475	0.000751624538504658	1.55467606275057e-05
5.0112233	0.000752974120741948	1.78802267753213e-05
4.4642835	0.000753828197121081	1.8959474016351e-05
3.9819033	0.000753877740687066	1.54536096447722e-05
3.5479143	0.000756855809639349	1.78182244801502e-05
3.1629577	0.000758072328782298	1.79655405331071e-05
2.818361	0.000760668668453194	1.86609128345141e-05
2.5112481	0.000759835611284798	1.69348788163319e-05
2.2398233	0.000761199392719063	1.5835033428294e-05
1.9950197	0.000762091391578882	1.57890687190904e-05
1.7775893	0.000762096460220123	1.87414096071021e-05
1.5846864	0.000764578390829878	1.81401773341229e-05
1.4122353	0.000767004593785902	1.76703651931406e-05
1.2582541	0.000767379513694076	1.91008257602885e-05
1.1224822	0.000768908634026976	1.86578538963341e-05
1.0000616	0.00076937779770273	2.01210582720397e-05
0.89082122	0.00077022991230867	2.01565492812621e-05
0.79444051	0.000773197107198901	2.19948352857645e-05
0.70784986	0.00077249091475945	2.23430684789005e-05
0.63126236	0.000774042711958295	2.38004076849371e-05
0.562536	0.000776611477504265	2.26991139443036e-05
0.50118715	0.000775688943271351	2.1953567790851e-05
0.44642836	0.000779905990770189	2.31193125591549e-05
0.39821118	0.000779732877039228	2.63739555495835e-05
0.35475865	0.00078183463973053	2.7104136265105e-05
0.31619295	0.000784565201639956	2.95378547560743e-05
0.2819173	0.000785420147889951	2.76416017684287e-05
0.25117323	0.00078436372336277	2.84128662345608e-05
0.22391155	0.000789697659130963	2.99422241315423e-05
0.19957349	0.000789707765146866	3.4672777564384e-05
0.17779917	0.000790654470483384	3.29481170621664e-05
0.15846863	0.00079480317011759	3.43503917729088e-05
0.14123619	0.000797924679079245	3.76080022839655e-05
0.12590662	0.000798098536783447	3.69001280615021e-05
0.1122199	0.000800873896502191	3.91449525138691e-05
0.10002181	0.000803900186150826	4.32893246516432e-05
