10002.226	0.00117697161357728	-0.00949513074213919
8914.9326	0.00113680627421353	-0.00850110096732121
7943.9951	0.00109644390083331	-0.00760921743312536
7081.583	0.00106228101879791	-0.00680970037531446
6307.7358	0.00103235643209389	-0.00609658230967204
5622.5879	0.000999808253266062	-0.00545633137018184
5011.603	0.000972148046666945	-0.00488532352318704
4466.4292	0.00094798105474795	-0.00437529688867499
3981.2773	0.000922400439194684	-0.00391568977466464
3548.8679	0.000900293513437553	-0.00350792641394429
3163.0398	0.000881749896008151	-0.00314152541687485
2819.0986	0.000863269140807819	-0.00281316475051089
2512.4104	0.000848469896548918	-0.00252070156463548
2239.2869	0.000831206296280979	-0.0022567253155482
1995.6381	0.000821111129134126	-0.00202237187886894
1778.2897	0.000808113107082858	-0.00181136890184299
1584.4927	0.000794108127339596	-0.00162442813322742
1412.7418	0.000783553988061238	-0.00145665810916977
1258.7905	0.000774950210385498	-0.00130519153795579
1121.7966	0.000765674296162579	-0.00117223088276137
999.68164	0.000756947810517478	-0.00104883077237468
891.42474	0.000747489437206876	-0.00094207121218519
794.23932	0.000740233098247881	-0.000846261508449064
707.96161	0.000732614504482789	-0.000758241003713515
631.00977	0.000726751122803179	-0.000681415616809643
562.33929	0.000719819498065231	-0.000611686506897583
501.12231	0.000714234445603598	-0.000547134184086063
446.57214	0.000707619398882426	-0.000486605351421781
398.08899	0.000702455950487643	-0.000438029228546944
354.88681	0.000699381605193075	-0.000388311169492846
316.31589	0.000697991779943271	-0.000345892817087443
281.8942	0.000692222569929074	-0.000308940224012075
251.20601	0.000688262408395251	-0.000271563822046189
223.92496	0.000687743074313645	-0.000241482365884564
199.55338	0.000688473974300947	-0.000214208594725365
177.78128	0.0006860597605403	-0.000184182428454588
158.52898	0.000685001422238756	-0.000162195685110115
141.21979	0.000687042003165155	-0.000142028207441617
125.92673	0.000687156907079371	-0.000121949800678026
112.19009	0.000689661272936961	-0.000107020048986707
99.968163	0.00068906536546004	-8.8175585458584e-05
89.115646	0.000693510764189168	-7.46866387799203e-05
79.415741	0.000693819772905374	-6.17538495023553e-05
70.793182	0.000696133047869998	-4.90610991342041e-05
63.082279	0.000699258946693651	-4.00212249925441e-05
56.241825	0.000703699403060217	-3.27365193152351e-05
50.112232	0.000705648487879766	-2.16557641979261e-05
44.671223	0.00070521844784881	-1.64676183587897e-05
39.808899	0.000712302857963532	-1.10238196190044e-05
35.488308	0.00071519881381438	-8.1228463075264e-06
31.629578	0.000719095047246324	-2.02155725135472e-06
28.187037	0.000719695793074253	1.25241594232286e-06
25.120602	0.000722952272155116	5.31428770563274e-06
22.385418	0.000726600084378033	6.07596721960622e-06
19.955338	0.000729042737744866	1.13031851571419e-05
17.775894	0.000732561374043291	1.11551174897195e-05
15.846864	0.000736301197801798	9.41411780924743e-06
14.127493	0.00073846315722044	1.19653692227247e-05
12.587309	0.000738582837288898	1.25692783595879e-05
11.216775	0.000737976564733228	1.41843462515494e-05
9.9968166	0.000744124449782608	1.44716266460205e-05
8.9082127	0.000743658813060877	1.60289927315123e-05
7.9395623	0.000745758594787069	1.54842962550295e-05
7.0765615	0.000750302401340196	1.9065690879444e-05
6.3105822	0.000751461042004151	1.59649430208129e-05
5.6245475	0.000751774116239874	1.74411269747855e-05
5.0112233	0.000752689358408766	1.78148268622147e-05
4.4642835	0.000755409254162826	1.54729726507445e-05
3.9819033	0.000754393371992622	1.5857067148098e-05
3.5479143	0.000756996907858075	1.7529359363693e-05
3.1629577	0.000757332955656946	1.94782422769823e-05
2.818361	0.000758251025547666	1.69772821157297e-05
2.5112481	0.000760134795896327	1.62587877844112e-05
2.2398233	0.000761786645416276	1.82337617231999e-05
1.9950197	0.000761990696669683	1.74611747990126e-05
1.7775893	0.000764742571279083	1.958545861115e-05
1.5846864	0.000766730681494714	1.77793774589361e-05
1.4122353	0.000765183057771407	1.89066274080415e-05
1.2582541	0.000767273238657271	1.89432575865857e-05
1.1224822	0.000767592856873002	2.07358293302194e-05
1.0000616	0.000768867843470095	1.96882605880198e-05
0.89082122	0.000770293092344781	2.01985410174969e-05
0.79444051	0.000772538022317548	2.02139134147441e-05
0.70784986	0.000774065016073277	2.08603674934399e-05
0.63126236	0.00077577462031196	2.22619919782646e-05
0.562536	0.000774813891272596	2.27436676440115e-05
0.50118715	0.000776726574890058	2.43590678908955e-05
0.44642836	0.000779538503542251	2.21449402002469e-05
0.39821118	0.00078168256308681	2.56118252768775e-05
0.35475865	0.000782402258640133	2.64143057043236e-05
0.31619295	0.000783554007447618	2.88319270996972e-05
0.2819173	0.000784960388340881	2.82553352123141e-05
0.25117323	0.000788403281866043	2.81469042661701e-05
0.22391155	0.000789479078708514	3.04913768951321e-05
0.19957349	0.00079060247127689	3.16371613396718e-05
0.17779917	0.000790717803685306	3.61057729047563e-05
0.15846863	0.000794232740205035	3.59721760925476e-05
0.14123619	0.00079561023726786	3.693736932045e-05
0.12590662	0.000799192890242786	3.99485317225613e-05
0.1122199	0.000799905084971894	3.86891434572336e-05
0.10002181	0.000803137704069063	4.35304354204426e-05
