10002.226	0.00117592565900253	-0.00949637427240791
8914.9326	0.00113459363142044	-0.00850047255181312
7943.9951	0.00109729348031214	-0.00760890395870646
7081.583	0.00106260268937108	-0.00681220229375697
6307.7358	0.00103100326138279	-0.00609476776420385
5622.5879	0.000998669572403121	-0.0054587682226198
5011.603	0.000969186141024998	-0.00488682005750011
4466.4292	0.00094797616112088	-0.00437275686524907
3981.2773	0.000922371859161273	-0.00391731160874694
3548.8679	0.00090099859898247	-0.0035067072479079
3163.0398	0.00088354050632687	-0.00314253669465808
2819.0986	0.000864079122791361	-0.00281335431381514
2512.4104	0.000848315958470901	-0.00251983455367322
2239.2869	0.000830521309417856	-0.00225937156254259
1995.6381	0.00081913702687405	-0.00202130924216565
1778.2897	0.000809746561176753	-0.00181308454246852
1584.4927	0.000794054469690435	-0.00162396022533877
1412.7418	0.000782853424987665	-0.00145444413254148
1258.7905	0.000774050467160789	-0.00130592398286956
1121.7966	0.000765910490145519	-0.00117169496781293
999.68164	0.000757194829532954	-0.0010488592802439
891.42474	0.000748885259717573	-0.000943741651466033
794.23932	0.000740145181819504	-0.000847210799285737
707.96161	0.000732787668716919	-0.000756741165934606
631.00977	0.000727471577460365	-0.00067982167580445
562.33929	0.000720014894147354	-0.000607972923468468
501.12231	0.000714499381812382	-0.00054706552349444
446.57214	0.000709942642686089	-0.000486590927499389
398.08899	0.000702799613852697	-0.000437328384848773
354.88681	0.00070164208971193	-0.000389512602745422
316.31589	0.000697229109762045	-0.000345577980711556
281.8942	0.000694458603517732	-0.000308609217651563
251.20601	0.000688266340662406	-0.000272294495223711
223.92496	0.000688435090786403	-0.000240853864569328
199.55338	0.000687115315267626	-0.000213942034641866
177.78128	0.000686629292597017	-0.000187884560328584
158.52898	0.000686781608245205	-0.000162858401597233
141.21979	0.000687000400807936	-0.000141524126751607
125.92673	0.000686435623348038	-0.000122885723568194
112.19009	0.000689641845043739	-0.000108018773188666
99.968163	0.000689349370306718	-9.08817191697618e-05
89.115646	0.000693633932556265	-7.70379190463996e-05
79.415741	0.000694918246582019	-6.36768326992665e-05
70.793182	0.000695110943151387	-5.22645507920666e-05
63.082279	0.000699677513269081	-4.20130638600674e-05
56.241825	0.000704099919108935	-3.12212035531093e-05
50.112232	0.00070456915601964	-2.32109635285695e-05
44.671223	0.000707959480739672	-1.84217648373658e-05
39.808899	0.000711551193905036	-1.24140408030841e-05
35.488308	0.000715829283533856	-9.41232349693094e-06
31.629578	0.000715196802315051	-1.16667121195193e-06
28.187037	0.000719649536898165	1.19081062097231e-06
25.120602	0.000720847812685611	3.57302001769007e-06
22.385418	0.000727105591086563	7.15774838572481e-06
19.955338	0.000730165909511443	7.23791197107525e-06
17.775894	0.000733037419580044	1.15091965911728e-05
15.846864	0.000732969956041981	1.0743797252031e-05
14.127493	0.000738010898500849	1.30713751529757e-05
12.587309	0.000738181720287786	1.38910313468445e-05
11.216775	0.000740652238053162	1.54179497125753e-05
9.9968166	0.000743311341783676	1.29786281119421e-05
8.9082127	0.000745883944367016	1.28591457249136e-05
7.9395623	0.000745332587888022	1.59857000967782e-05
7.0765615	0.000747344076992037	1.79220220735064e-05
6.3105822	0.000749442332717247	1.62830710126321e-05
5.6245475	0.00075029660573369	1.40369891946153e-05
5.0112233	0.000751602811216937	1.58115251407117e-05
4.4642835	0.00075598703210123	1.65969847655778e-05
3.9819033	0.00075561110244794	1.67825729231797e-05
3.5479143	0.000755743943851439	1.73372023693864e-05
3.1629577	0.000756871825784304	1.84960405055646e-05
2.818361	0.000758682977962053	1.53212673838425e-05
2.5112481	0.000758891496769511	1.64602287704411e-05
2.2398233	0.000761070980504098	1.53827983224096e-05
1.9950197	0.000762647283730651	1.57732925371263e-05
1.7775893	0.000762978155834972	1.79032675429563e-05
1.5846864	0.000762953990178773	1.75411127210506e-05
1.4122353	0.000765172516334162	1.80971902044428e-05
1.2582541	0.000765643222044969	1.86274516429352e-05
1.1224822	0.000767220342034153	1.79851020446929e-05
1.0000616	0.00077061887093228	1.83595619747744e-05
0.89082122	0.000769835120903272	2.16587898985467e-05
0.79444051	0.000773297692595057	1.94920002942815e-05
0.70784986	0.000773374727750409	2.1273742217911e-05
0.63126236	0.000773191998930365	2.17092491405502e-05
0.562536	0.000777967658442593	2.18025998396955e-05
0.50118715	0.000777779592906143	2.24929358113727e-05
0.44642836	0.000779321634859494	2.35931745175597e-05
0.39821118	0.000780374881427562	2.640411874987e-05
0.35475865	0.000780279652543914	2.80396059623082e-05
0.31619295	0.000783911422148143	2.81839749152764e-05
0.2819173	0.000785027247798821	2.87358298416019e-05
0.25117323	0.000785775547381294	2.9513074185897e-05
0.22391155	0.000788422335875479	3.21435809007065e-05
0.19957349	0.000790815566735669	3.23184128461184e-05
0.17779917	0.000793346362543234	3.54647876008435e-05
0.15846863	0.000794475698766177	3.66946920705496e-05
0.14123619	0.000795386967910033	3.64589217220357e-05
0.12590662	0.000798529988822493	3.97137637422529e-05
0.1122199	0.000801601857452949	3.9316885416602e-05
0.10002181	0.000804347118023983	4.36380123775408e-05
