10002.226	0.00117512339159417	-0.00959347416470044
8914.9326	0.00113497691785383	-0.00858689187504896
7943.9951	0.00109552603160791	-0.00768595466538332
7081.583	0.00106240175138342	-0.00688325746903915
6307.7358	0.00103028068973021	-0.00615657024477178
5622.5879	0.000997781386629398	-0.0055130216363633
5011.603	0.000969698097234973	-0.00493701161313233
4466.4292	0.000944931930849612	-0.00441600560026578
3981.2773	0.00092141983493527	-0.00395563799205498
3548.8679	0.000898365138179378	-0.00354387617781813
3163.0398	0.000880225331699491	-0.00317449242023917
2819.0986	0.000863769737885144	-0.00284098287754747
2512.4104	0.000848998733663454	-0.00254570134739853
2239.2869	0.00083293126513263	-0.00228135683608142
1995.6381	0.000818783446226429	-0.00204308834163856
1778.2897	0.000804550097805459	-0.00182954056706989
1584.4927	0.000794163556002616	-0.00163833989904859
1412.7418	0.000781853333034006	-0.00147034258174629
1258.7905	0.00077400185017215	-0.00131841728857354
1121.7966	0.000763766297545936	-0.00118338769996473
999.68164	0.000755260558404221	-0.00105934245378534
891.42474	0.00074587828170621	-0.000951512018205597
794.23932	0.000739941715578134	-0.000855308348235948
707.96161	0.00073289318429593	-0.000764635400013917
631.00977	0.000725933902212182	-0.000685320289860837
562.33929	0.000717875680845054	-0.000616050304446941
501.12231	0.000714342227164264	-0.000551399940384535
446.57214	0.000705702672237366	-0.000492353337991869
398.08899	0.000703413436130799	-0.000442447777426375
354.88681	0.000699038476258848	-0.000393192173025497
316.31589	0.00069481040982	-0.000347887195662543
281.8942	0.00069093906453797	-0.000311318977872194
251.20601	0.000689551918554333	-0.000276756525237864
223.92496	0.000686987570811094	-0.000246629169261187
199.55338	0.000688638181264274	-0.000216410146045865
177.78128	0.000686480748180631	-0.000187156212582834
158.52898	0.000686176490849531	-0.000165347298564192
141.21979	0.000685915841562127	-0.000144952258957276
125.92673	0.000685173179509538	-0.000123835863893812
112.19009	0.000689084379073419	-0.000107247413851224
99.968163	0.000687802614461603	-8.82739582514335e-05
89.115646	0.000690811350217379	-7.67764713808916e-05
79.415741	0.000694040440573106	-6.32913129928589e-05
70.793182	0.000694842011821355	-5.16618502898326e-05
63.082279	0.000696580397328801	-4.00949571093541e-05
56.241825	0.000701979230267615	-3.27710005000225e-05
50.112232	0.00070478648893544	-2.24678325788737e-05
44.671223	0.000708130850875284	-1.81825730636866e-05
39.808899	0.000710148985344599	-1.24568348423837e-05
35.488308	0.000712645410092452	-8.00428867920372e-06
31.629578	0.000717732083794059	-1.97844894281086e-06
28.187037	0.000719180407928693	5.24747524352317e-07
25.120602	0.000722298501353591	4.34153533528361e-06
22.385418	0.000726965144026778	7.52181334031407e-06
19.955338	0.000729245764242163	9.82600286437018e-06
17.775894	0.000731253552313302	1.06614138136833e-05
15.846864	0.000733768453178857	1.10362799252514e-05
14.127493	0.000736762645768566	1.21601770606818e-05
12.587309	0.000737788431413836	1.16332419140625e-05
11.216775	0.000741437270243556	1.45563235987724e-05
9.9968166	0.00074254475531593	1.57428946594162e-05
8.9082127	0.000742836432971174	1.60665376640675e-05
7.9395623	0.000743868745869684	1.47186611180101e-05
7.0765615	0.000747259625081182	1.73292072240743e-05
6.3105822	0.000749234536959534	1.84362958748848e-05
5.6245475	0.000749211899370346	1.63664402400473e-05
5.0112233	0.000753447322630548	1.60741784419539e-05
4.4642835	0.000753877122029449	1.53519461820396e-05
3.9819033	0.000752922333510695	1.60776142600708e-05
3.5479143	0.00075525266720448	1.76709963390444e-05
3.1629577	0.000758416517042628	1.91445522491977e-05
2.818361	0.000759217639938739	1.72815818672494e-05
2.5112481	0.000761397490323571	1.69024062967017e-05
2.2398233	0.000759301628858822	1.6798318165952e-05
1.9950197	0.000760459914301773	1.83804654209448e-05
1.7775893	0.000761139030852368	1.61546061101811e-05
1.5846864	0.000763581838593026	1.76917994714508e-05
1.4122353	0.000764440464406468	1.77963536769897e-05
1.2582541	0.000767074660728739	2.1259854473053e-05
1.1224822	0.000766407440928587	1.78991360665378e-05
1.0000616	0.000768865712743609	2.03054265758197e-05
0.89082122	0.000770922430258407	2.14498686113214e-05
0.79444051	0.000769385026639892	2.10987465320767e-05
0.70784986	0.000770532834240517	2.10265021211947e-05
0.63126236	0.000774342647483189	2.15907230138893e-05
0.562536	0.000774368752567514	2.2141853770704e-05
0.50118715	0.00077449152252122	2.24945339054005e-05
0.44642836	0.000778349200349253	2.55321888738505e-05
0.39821118	0.00078152039505263	2.51439307693092e-05
0.35475865	0.000781722219804565	2.67429894910275e-05
0.31619295	0.000784011403520286	2.71894145448709e-05
0.2819173	0.000783501410572072	2.98777035889755e-05
0.25117323	0.000786154681756819	3.03965832697155e-05
0.22391155	0.000787204008569968	3.10535281791544e-05
0.19957349	0.000790452238580469	3.20469085097261e-05
0.17779917	0.000791541666028936	3.46599411165936e-05
0.15846863	0.000793386739146547	3.51593433651168e-05
0.14123619	0.00079655684696145	3.79723301160668e-05
0.12590662	0.000796641641864184	3.84609711890037e-05
0.1122199	0.000799616045854315	4.11159194639005e-05
0.10002181	0.000802717012499883	4.26120347474333e-05
