10002.226	0.00117312660185096	-0.00959357714185373
8914.9326	0.0011349941211043	-0.00858748834264905
7943.9951	0.00109486769799305	-0.00768451163051625
7081.583	0.00106074436163068	-0.00688153223611604
6307.7358	0.00103148915783143	-0.0061574307284326
5622.5879	0.000998473833370279	-0.00551248430784105
5011.603	0.000969931795769987	-0.00493545727118012
4466.4292	0.000945566375409808	-0.00441887470405962
3981.2773	0.000922735613106377	-0.00395555303375029
3548.8679	0.000898887379554605	-0.00354328671155598
3163.0398	0.000881414187996018	-0.00317507257866523
2819.0986	0.000863428299658255	-0.00284246850894331
2512.4104	0.000846232721706722	-0.00254545472718101
2239.2869	0.000832273767446898	-0.00227935787877123
1995.6381	0.000817940107293945	-0.00204239613114201
1778.2897	0.000804635837088607	-0.00182989028188108
1584.4927	0.000792693029351858	-0.00163962812433598
1412.7418	0.000783276618431826	-0.00147040909521032
1258.7905	0.000774994107139548	-0.00131807333575285
1121.7966	0.000763641127818814	-0.00118204560530754
999.68164	0.000756851567320557	-0.0010589830602542
891.42474	0.000747187128459174	-0.000951736403294378
794.23932	0.000740851487653021	-0.000854298478506928
707.96161	0.000734325287919205	-0.000766903076650476
631.00977	0.000726978137470291	-0.000687007385722536
562.33929	0.000718077454578418	-0.000615597190610654
501.12231	0.000712596887314692	-0.000552154356046825
446.57214	0.000707488508788879	-0.000492300990745994
398.08899	0.000701664136129964	-0.000441663996741488
354.88681	0.000698451935075836	-0.000393158570314863
316.31589	0.000696637615571651	-0.000349769380840238
281.8942	0.000691758619075401	-0.000311090767520566
251.20601	0.000687913930392338	-0.000276393986979388
223.92496	0.000686302419769694	-0.000244256271506993
199.55338	0.00068826693346862	-0.000217400382883666
177.78128	0.00068574859447934	-0.000187686481489385
158.52898	0.000684213121466612	-0.000164108745468094
141.21979	0.000686283730189747	-0.000143920984893663
125.92673	0.000685880692231125	-0.000124592088058025
112.19009	0.000687248117443962	-0.000108178820736328
99.968163	0.000690390472458293	-8.94024104698116e-05
89.115646	0.000691556833325326	-7.45408540060277e-05
79.415741	0.000692791886728229	-6.2247759579229e-05
70.793182	0.000695367671891748	-4.95687317294707e-05
63.082279	0.000696421554628983	-4.07194652911671e-05
56.241825	0.000702923313537171	-3.24340463370209e-05
50.112232	0.000704815755481444	-2.22589119455202e-05
44.671223	0.000707891853084872	-1.97902136970551e-05
39.808899	0.000710198584379599	-1.65231695454581e-05
35.488308	0.000714107749458995	-7.69392450128867e-06
31.629578	0.000718235520220924	-1.09390948469926e-06
28.187037	0.000719184071623908	2.15226086867146e-07
25.120602	0.000722812174324579	3.97480047996672e-06
22.385418	0.000726214369730848	7.66049565500273e-06
19.955338	0.000729019567675287	8.2884967558839e-06
17.775894	0.000732109538437764	1.142069906518e-05
15.846864	0.000731197007221973	1.02293826670507e-05
14.127493	0.000736947792977882	1.19469620484255e-05
12.587309	0.000739316210666206	1.23371143161663e-05
11.216775	0.00073984722662682	1.3561266575594e-05
9.9968166	0.000743931416230089	1.30293305529293e-05
8.9082127	0.000743073147557467	1.70202201368007e-05
7.9395623	0.000744686087371008	1.69836644256145e-05
7.0765615	0.000748863602783275	1.6557829031434e-05
6.3105822	0.000748114494422582	1.70886633183118e-05
5.6245475	0.000750004096826882	1.68910559055773e-05
5.0112233	0.000753561098986703	1.88337963816508e-05
4.4642835	0.000752593891599937	1.6255687841802e-05
3.9819033	0.000754499105176715	1.83429034588518e-05
3.5479143	0.00075659773556607	1.83395791392192e-05
3.1629577	0.000756987134126867	1.76452090738746e-05
2.818361	0.000758342810818796	1.63050779446392e-05
2.5112481	0.000760039257995586	1.84219439864653e-05
2.2398233	0.000760388615591653	1.88261799612653e-05
1.9950197	0.000762100656677571	1.87492939772299e-05
1.7775893	0.00076298356637266	1.71498157937418e-05
1.5846864	0.000765400655447727	1.69838508387666e-05
1.4122353	0.000764724033993382	1.75114703785587e-05
1.2582541	0.000764794639343408	1.94811513345276e-05
1.1224822	0.00076716690165427	2.06861873700775e-05
1.0000616	0.000768386416890368	2.10047966486775e-05
0.89082122	0.00077040275721016	2.19456788529666e-05
0.79444051	0.000772783322839526	2.20560752949302e-05
0.70784986	0.00077362632727754	2.1444199430937e-05
0.63126236	0.000774387324246992	2.1570492336146e-05
0.562536	0.00077532799197586	2.34824538736461e-05
0.50118715	0.000774129965211223	2.38809637330932e-05
0.44642836	0.000776881551155327	2.33807526059532e-05
0.39821118	0.000779676743902794	2.73584862731169e-05
0.35475865	0.00078135744694603	2.68479963768319e-05
0.31619295	0.000782707417027029	2.86891267309513e-05
0.2819173	0.000783053590331703	2.90642196030657e-05
0.25117323	0.000786722418319751	2.88154893341746e-05
0.22391155	0.000786978412995986	3.02719854444881e-05
0.19957349	0.000790827731435864	3.13325465362554e-05
0.17779917	0.000790269873506668	3.46331222203545e-05
0.15846863	0.000790465303644577	3.457521418761e-05
0.14123619	0.000793072192581343	3.82259747937766e-05
0.12590662	0.000796753351341915	3.8775603479933e-05
0.1122199	0.000800846642413537	4.00434672820515e-05
0.10002181	0.00080205566184972	4.22040642285493e-05
