10002.226	0.00117604185468138	-0.00959451072700437
8914.9326	0.0011354129484648	-0.00858764728884156
7943.9951	0.00109923233196589	-0.00768662540155586
7081.583	0.0010606594723064	-0.0068805854251628
6307.7358	0.0010315249934429	-0.00615533041098789
5622.5879	0.000999585970941669	-0.00551221888108645
5011.603	0.000969652479365632	-0.00493586996963089
4466.4292	0.000945377889734727	-0.00441779746966867
3981.2773	0.000923668157588447	-0.00395395273386677
3548.8679	0.000899949494556154	-0.00354346782408835
3163.0398	0.00088048860656939	-0.00317485901831019
2819.0986	0.000862789766260982	-0.00284228618793745
2512.4104	0.000848407292391885	-0.00254481001616275
2239.2869	0.000832500645617219	-0.00228129413182377
1995.6381	0.000817428098004307	-0.00204380827657404
1778.2897	0.000806225434391586	-0.00183114170273476
1584.4927	0.000793636165710626	-0.0016414618170617
1412.7418	0.000781727474366142	-0.00147048530880224
1258.7905	0.000773360220611399	-0.00131862722238678
1121.7966	0.000765044166349176	-0.00118367078091047
999.68164	0.000753759699331972	-0.0010605247062169
891.42474	0.000747278419339317	-0.000951395975461848
794.23932	0.000740751473911585	-0.000852799946353653
707.96161	0.000732554376245598	-0.000766553408557602
631.00977	0.000725632383564038	-0.000687310349819297
562.33929	0.000719507613652826	-0.000615398325068106
501.12231	0.000713814051305459	-0.000552663182478989
446.57214	0.000707745376638102	-0.000493286285946529
398.08899	0.00070393601298943	-0.000441586515730194
354.88681	0.000699609228160163	-0.000393588612675255
316.31589	0.000697323433239356	-0.000350203226032558
281.8942	0.000691705308880082	-0.000312841128578085
251.20601	0.0006887380149402	-0.000276828973774749
223.92496	0.000689004027099127	-0.000244085806277648
199.55338	0.000687170362827735	-0.000217686011794838
177.78128	0.000686584657740324	-0.000189549623397252
158.52898	0.000685423290709083	-0.000164778304366004
141.21979	0.000686582792900973	-0.000144494847998057
125.92673	0.000687331690829824	-0.000123279733062801
112.19009	0.000687444129655706	-0.000108696693192754
99.968163	0.000688930289056635	-9.10543732777227e-05
89.115646	0.000690434109529281	-7.56138476159274e-05
79.415741	0.000694731874406433	-6.41012729535044e-05
70.793182	0.000695646213020235	-5.09852169871747e-05
63.082279	0.000697570720426452	-4.27653056418445e-05
56.241825	0.000701673298144147	-3.25204832967736e-05
50.112232	0.000702510510872675	-2.28542947617755e-05
44.671223	0.000707193995230011	-2.01769946830994e-05
39.808899	0.000709497885635865	-1.20815006856948e-05
35.488308	0.000712238528779775	-6.81043152619274e-06
31.629578	0.000715762291235387	-8.96821734380954e-07
28.187037	0.00071868044971957	1.55860705165735e-07
25.120602	0.000723672873178399	4.17848663131948e-06
22.385418	0.000725754059451884	8.04155467762868e-06
19.955338	0.000729620779826301	1.03996529805982e-05
17.775894	0.000733769940470632	1.25205922522478e-05
15.846864	0.000732228143177105	1.14690335903009e-05
14.127493	0.000735792563332075	1.39744265028843e-05
12.587309	0.000738098250987902	1.51617956801996e-05
11.216775	0.000741069007184837	1.41874917589683e-05
9.9968166	0.000742419185837262	1.48521344771196e-05
8.9082127	0.000743388729129098	1.33468001082195e-05
7.9395623	0.000746552879266008	1.6331327176608e-05
7.0765615	0.000746325984345664	1.70128461642157e-05
6.3105822	0.000750790008997572	1.89494272778653e-05
5.6245475	0.000751764861245948	1.56648681855109e-05
5.0112233	0.000753330770865323	1.58011708816654e-05
4.4642835	0.000753254633198731	1.73911225450063e-05
3.9819033	0.0007535554928084	1.59387279155391e-05
3.5479143	0.000756066377288926	1.79740482041531e-05
3.1629577	0.00075825960715393	1.88759152177535e-05
2.818361	0.00075865383418924	1.76472657241125e-05
2.5112481	0.000759866195156228	1.57833959032127e-05
2.2398233	0.000758469482345354	1.75433123540964e-05
1.9950197	0.000760408193384255	1.70534773130121e-05
1.7775893	0.000763925118513623	1.6334835755579e-05
1.5846864	0.000765732467913457	1.80176397651648e-05
1.4122353	0.000764737447747283	2.01637252232976e-05
1.2582541	0.000765491093105161	2.09382268867694e-05
1.1224822	0.000765696437227315	1.9947102879693e-05
1.0000616	0.000769461803150064	1.93506172123557e-05
0.89082122	0.000769196251050004	2.06375865012747e-05
0.79444051	0.000771962508378782	2.07138938199858e-05
0.70784986	0.000772306116827573	2.20034167388773e-05
0.63126236	0.000772118160419246	2.19903987950298e-05
0.562536	0.000774617153801152	2.32115458958303e-05
0.50118715	0.000777388655399393	2.28866072729863e-05
0.44642836	0.000776330204588749	2.51226682188698e-05
0.39821118	0.000779802324318509	2.66101231405607e-05
0.35475865	0.000779536335264315	2.45284030665428e-05
0.31619295	0.000780645296875162	2.88988285532711e-05
0.2819173	0.000783929375100171	2.86929726298714e-05
0.25117323	0.000785578902800111	3.12886155909868e-05
0.22391155	0.000787564900827533	2.98201270491714e-05
0.19957349	0.000788150731073681	3.19709447263465e-05
0.17779917	0.000791512851948529	3.51472864746135e-05
0.15846863	0.000793005861625794	3.54789318650486e-05
0.14123619	0.000796611165915779	3.64345629890478e-05
0.12590662	0.000798162913671855	3.98015635117787e-05
0.1122199	0.000799638621204162	4.33754078782603e-05
0.10002181	0.000801017071249061	4.31353984677257e-05
