10002.226	0.00117595466096987	-0.00959133681677358
8914.9326	0.00113411046834178	-0.00858736634305869
7943.9951	0.00109752708278182	-0.00768663465347403
7081.583	0.00106120848780118	-0.00687996871112814
6307.7358	0.00103006175153947	-0.00615608899739167
5622.5879	0.000996868681731489	-0.005514995163961
5011.603	0.000970245952908361	-0.00493670785406641
4466.4292	0.000946182533185912	-0.00441867683415985
3981.2773	0.000921084133764542	-0.00395645867632634
3548.8679	0.000898586755125179	-0.0035452711919345
3163.0398	0.000880489358224493	-0.00317407045177612
2819.0986	0.000862754484986264	-0.00284039710539948
2512.4104	0.000847460658504918	-0.00254368799818386
2239.2869	0.000829748243485034	-0.00228157082751472
1995.6381	0.000819204360909827	-0.00204290368481889
1778.2897	0.000807602900991685	-0.00182964480452392
1584.4927	0.000791071208441205	-0.00163865079362409
1412.7418	0.000783082100044084	-0.00147195535420108
1258.7905	0.000775050045365278	-0.00131912983844612
1121.7966	0.000764469545700149	-0.00118395274991359
999.68164	0.000754956462850364	-0.00105865752970951
891.42474	0.000747648130755128	-0.000950170414651012
794.23932	0.000739824596613829	-0.000855690028108359
707.96161	0.000734117645101821	-0.000764010256803974
631.00977	0.000725045076685668	-0.000688104300922299
562.33929	0.000717738404712559	-0.000616696522295148
501.12231	0.000713564364043593	-0.000552413975432622
446.57214	0.000706729417554069	-0.000492607142006232
398.08899	0.000704437706570308	-0.000442586032067717
354.88681	0.000699087695385503	-0.000395652210788329
316.31589	0.000697572834442868	-0.000349318111977057
281.8942	0.00069069652595413	-0.000313601937709291
251.20601	0.000689137351684856	-0.000277325799511873
223.92496	0.000687809010978131	-0.000244114437910849
199.55338	0.000686720745094097	-0.00021643594895611
177.78128	0.000685631476008812	-0.000187050135385393
158.52898	0.000688481565632421	-0.00016375759297072
141.21979	0.00068503384242797	-0.000144906291275089
125.92673	0.000686744851600419	-0.000124699418971966
112.19009	0.000689445664023822	-0.00010731749710468
99.968163	0.000688738702592494	-9.08721172289693e-05
89.115646	0.00069163820850711	-7.69875836699788e-05
79.415741	0.00069393605955781	-6.22997872171193e-05
70.793182	0.000697538911712058	-5.05437183992514e-05
63.082279	0.000698414109410109	-4.23182252610106e-05
56.241825	0.000702925366260655	-3.19767715269188e-05
50.112232	0.000704249100735195	-2.32296648728271e-05
44.671223	0.000710239920981509	-2.03562958089731e-05
39.808899	0.000710349039905625	-1.2381226947944e-05
35.488308	0.000716108397563679	-8.11791961724237e-06
31.629578	0.000717398905481156	-2.60726002818798e-06
28.187037	0.000719469521360609	-1.91098219505971e-07
25.120602	0.000722775697686877	4.26709893793865e-06
22.385418	0.000724171309753003	9.0655585716487e-06
19.955338	0.000729178785119379	8.07548417102735e-06
17.775894	0.000731919717149652	1.06400918904134e-05
15.846864	0.000733730346009416	1.13975020104349e-05
14.127493	0.000735622535755889	1.40254116467942e-05
12.587309	0.000737328785934936	1.23765179340848e-05
11.216775	0.000740190526302604	1.38261566481711e-05
9.9968166	0.000744460966540652	1.59920508704273e-05
8.9082127	0.000745124006548547	1.48092759409453e-05
7.9395623	0.000746849211222626	1.64259751043033e-05
7.0765615	0.000747524918644436	1.7652708442487e-05
6.3105822	0.000749096914235468	1.86093360278649e-05
5.6245475	0.000750074298406829	1.6271991129775e-05
5.0112233	0.000749928385208941	1.80389082915567e-05
4.4642835	0.000754410372189334	1.70522512986636e-05
3.9819033	0.000754581558539745	1.62453386761085e-05
3.5479143	0.000756251108457998	1.80353287990593e-05
3.1629577	0.000756900642800918	1.78238467455277e-05
2.818361	0.000758813839023038	1.72612996178182e-05
2.5112481	0.000758011173793629	1.50801996653985e-05
2.2398233	0.000760523328880149	1.74624147982518e-05
1.9950197	0.000760893570953012	1.79127210027045e-05
1.7775893	0.000761729280076496	1.70433139549346e-05
1.5846864	0.00076309140077685	1.7260075049391e-05
1.4122353	0.000764735375456411	1.83929481068528e-05
1.2582541	0.000765875007281214	1.84521724985036e-05
1.1224822	0.000768101182734695	2.01922471266193e-05
1.0000616	0.00076813200526526	1.98009345570318e-05
0.89082122	0.000768166917278239	2.02039775792353e-05
0.79444051	0.000772425575631301	2.10055952454741e-05
0.70784986	0.000773157757490285	2.1970819292115e-05
0.63126236	0.000771859535423405	2.15673389590827e-05
0.562536	0.000774924596871399	2.1712619448822e-05
0.50118715	0.000772843209404727	2.43867507473633e-05
0.44642836	0.000778075523826968	2.61006855114725e-05
0.39821118	0.000778533344337192	2.56525706850344e-05
0.35475865	0.000777972020835859	2.69971286339076e-05
0.31619295	0.000783380912799799	2.65714365207539e-05
0.2819173	0.000784021725447238	2.91056708479178e-05
0.25117323	0.000783171517894311	2.93238637233252e-05
0.22391155	0.000787321545853711	3.32303696508124e-05
0.19957349	0.000787917790081468	3.25194501995479e-05
0.17779917	0.000791729231463854	3.37111043726671e-05
0.15846863	0.000792081747333982	3.40800147459547e-05
0.14123619	0.000795267849288648	3.81208358071278e-05
0.12590662	0.000797577138806131	4.05210634479218e-05
0.1122199	0.000799992620695797	4.19469448828649e-05
0.10002181	0.000800993508097639	4.29510169132362e-05
