10002.226	0.00118610493925262	-0.00955370302613712
8914.9326	0.00114686409306715	-0.00855425524719462
7943.9951	0.00110786748954822	-0.00765451300500419
7081.583	0.0010719696779491	-0.00685239007668866
6307.7358	0.00104125037880744	-0.00613324175027754
5622.5879	0.00101023810723873	-0.00549055172622771
5011.603	0.00098177725692672	-0.00491657094754283
4466.4292	0.000958100344300342	-0.0044002810978976
3981.2773	0.000933777696909345	-0.00394196519882194
3548.8679	0.000911007853343721	-0.00352821464613966
3163.0398	0.000893577398389707	-0.00316013035054322
2819.0986	0.000874014063888874	-0.00282884004457536
2512.4104	0.000859276033988191	-0.00253428170369488
2239.2869	0.000842835466742267	-0.00227035480044444
1995.6381	0.000831222102718436	-0.00203492300915971
1778.2897	0.000818653211483526	-0.00182184055369778
1584.4927	0.000806380395044909	-0.00163335543653415
1412.7418	0.000794778522147817	-0.00146432844828405
1258.7905	0.000785637993638911	-0.00131155627896466
1121.7966	0.000776320709914072	-0.00117782765829034
999.68164	0.000765678844762776	-0.00105636191907033
891.42474	0.000759036382595548	-0.000946326165935316
794.23932	0.000751419384859381	-0.000852097270530299
707.96161	0.00074247972125598	-0.000762045374655038
631.00977	0.000737683609944865	-0.000685180562843294
562.33929	0.000730146374594999	-0.000614058576806158
501.12231	0.000725866279656969	-0.000548732230159338
446.57214	0.000721153968711676	-0.000487785869546384
398.08899	0.00071329887979557	-0.000440830183608329
354.88681	0.000710347145741771	-0.000391053000343609
316.31589	0.000707358628192281	-0.000349757924711129
281.8942	0.000702463463245343	-0.000312695876601504
251.20601	0.000700780108143599	-0.000275890326204305
223.92496	0.000698302660953554	-0.000245717806384056
199.55338	0.000698649239391004	-0.000216696208093538
177.78128	0.000697190494628845	-0.000186024085727889
158.52898	0.000698420649563104	-0.000161757448781123
141.21979	0.000696511647175146	-0.000142987463171195
125.92673	0.00069687200194133	-0.00012355433309513
112.19009	0.000698380168634632	-0.000107749233873618
99.968163	0.000703139014982843	-8.85276180074983e-05
89.115646	0.000705325388988121	-7.33720313529513e-05
79.415741	0.000707699337806818	-6.30323741388946e-05
70.793182	0.000707047791755462	-4.98179275140919e-05
63.082279	0.00071071789361006	-4.1930345996122e-05
56.241825	0.000715729549435422	-3.11482844296862e-05
50.112232	0.000714985526402603	-2.27064141418261e-05
44.671223	0.000719351232650921	-1.59306913655105e-05
39.808899	0.000722395750563083	-1.36649698420057e-05
35.488308	0.00072636373379527	-8.93718595647049e-06
31.629578	0.000728074270897591	-3.79104745811903e-06
28.187037	0.000730987298989844	5.31795143775839e-07
25.120602	0.000736547365170175	3.64882510517807e-06
22.385418	0.000737026451349553	6.31480938114157e-06
19.955338	0.000740584188295303	9.17805095479008e-06
17.775894	0.000742148126004578	1.04130987209117e-05
15.846864	0.000746518115603622	1.1429578685511e-05
14.127493	0.000748369891601743	1.25722050390884e-05
12.587309	0.000747829159097095	1.44429119790006e-05
11.216775	0.000753115136630149	1.49176207443554e-05
9.9968166	0.00075457165915138	1.41268750149848e-05
8.9082127	0.000753987296413796	1.67721257981346e-05
7.9395623	0.00075614449944105	1.64316572798773e-05
7.0765615	0.000760405704753289	1.82010018078291e-05
6.3105822	0.000760472944799586	1.61222457455345e-05
5.6245475	0.000761566060899315	1.41698288373777e-05
5.0112233	0.000764500667559186	1.93015805738466e-05
4.4642835	0.000764805758292303	1.57419707634884e-05
3.9819033	0.00076631477402367	1.7673951527227e-05
3.5479143	0.000768250964492526	1.54264254894431e-05
3.1629577	0.000769015847936484	1.76206788746169e-05
2.818361	0.000770304281128468	1.64929697802353e-05
2.5112481	0.000771176922074096	1.56295896044749e-05
2.2398233	0.000770832836244167	1.71420543363937e-05
1.9950197	0.00077213980792535	1.8786786633799e-05
1.7775893	0.000774580171658385	1.72225910604655e-05
1.5846864	0.000776026375076932	1.72012100823607e-05
1.4122353	0.000775576154739972	1.58579588494053e-05
1.2582541	0.000775705438432151	1.82615199171187e-05
1.1224822	0.00077926105278683	1.90641803600627e-05
1.0000616	0.000780036931807378	1.95478890936916e-05
0.89082122	0.000781030491962124	2.21943389120962e-05
0.79444051	0.000782365184636736	2.02430877288136e-05
0.70784986	0.000783326931422403	2.13674072717881e-05
0.63126236	0.000785472924662689	2.19118227736328e-05
0.562536	0.000787079858960549	2.14910184795792e-05
0.50118715	0.000786869592019636	2.45719043383302e-05
0.44642836	0.000790130092151924	2.37135812824075e-05
0.39821118	0.00079253785063343	2.46636499204591e-05
0.35475865	0.000790830976833177	2.53438341429572e-05
0.31619295	0.000794480179661184	2.93138772388966e-05
0.2819173	0.000795786578027299	2.91289022581018e-05
0.25117323	0.000798031635437589	2.98421995323212e-05
0.22391155	0.000798072552497412	3.13415301524233e-05
0.19957349	0.000800912986772663	3.1751459111191e-05
0.17779917	0.000803384686619466	3.50407949332405e-05
0.15846863	0.000804207630317317	3.70091445956816e-05
0.14123619	0.000807624757031226	3.59465868520137e-05
0.12590662	0.000808597041191251	3.81349222640703e-05
0.1122199	0.000812102712795053	4.16044897487159e-05
0.10002181	0.000814075649420124	4.16796848772324e-05
