10002.226	0.00118598859888397	-0.00955387092656479
8914.9326	0.00114569463715095	-0.00855296290750262
7943.9951	0.00110961468586665	-0.00765483691559841
7081.583	0.00107243487237012	-0.00685340139448311
6307.7358	0.00104126730183213	-0.00613400466519548
5622.5879	0.00101137898048661	-0.00549023982206215
5011.603	0.000982653137699708	-0.00491673507024665
4466.4292	0.000957864006011708	-0.00440008146995357
3981.2773	0.00093250245898762	-0.00394054796384228
3548.8679	0.000911334352917899	-0.00352905168151332
3163.0398	0.000892463542183379	-0.00316039748327834
2819.0986	0.0008733849378422	-0.00282817285258836
2512.4104	0.000857019972305881	-0.00253503663556474
2239.2869	0.000844298551109528	-0.00227246001481988
1995.6381	0.00083141137828705	-0.00203519039941039
1778.2897	0.000820587956103278	-0.00182168586063375
1584.4927	0.00080586752386283	-0.0016336551280294
1412.7418	0.000795367871240833	-0.00146412071977994
1258.7905	0.000785169781690345	-0.00131219128881612
1121.7966	0.000776251083561491	-0.0011767196695018
999.68164	0.00076843975876969	-0.00105582364035867
891.42474	0.00075918358763164	-0.000948584746767127
794.23932	0.000752542088872548	-0.000850089832800717
707.96161	0.000745595744348776	-0.000762237538767854
631.00977	0.000736075555275623	-0.000683747237678536
562.33929	0.000731946549908404	-0.00061255582879254
501.12231	0.000726080484711436	-0.000551033716935268
446.57214	0.000721822272402325	-0.000491504712392853
398.08899	0.000714042959045178	-0.000439899196879988
354.88681	0.000711232776032885	-0.000392827736980942
316.31589	0.000710438098639082	-0.000346827868818277
281.8942	0.0007043116783068	-0.000310647644879642
251.20601	0.000700667140055587	-0.000277583716082147
223.92496	0.000699561998208569	-0.000243732483020921
199.55338	0.000699855056076152	-0.000214107477205531
177.78128	0.000698264469802103	-0.000185471917973121
158.52898	0.00069917697355314	-0.000163010039382004
141.21979	0.000698582688135635	-0.000143238476989762
125.92673	0.000697496666649354	-0.000121485024673495
112.19009	0.000699622142409815	-0.000107220089096207
99.968163	0.000702359559614438	-8.9752731278949e-05
89.115646	0.00070313202683483	-7.68051078882751e-05
79.415741	0.000705696494002241	-6.41266139774177e-05
70.793182	0.000708756411018116	-5.1497412945978e-05
63.082279	0.000708522773568279	-4.0674293449865e-05
56.241825	0.000713792176075689	-3.22229992969158e-05
50.112232	0.000715251915387782	-2.20637892828476e-05
44.671223	0.000718889219578564	-1.75979121142598e-05
39.808899	0.000722214338011878	-1.29824214583653e-05
35.488308	0.000724385744932235	-5.00216620920485e-06
31.629578	0.000727730036767695	-1.40518289159172e-06
28.187037	0.000731520067547003	4.94640243596422e-07
25.120602	0.000735728393295753	3.5235178820069e-06
22.385418	0.00073937321933151	6.48358055925899e-06
19.955338	0.000742839713324272	8.53715572096798e-06
17.775894	0.000742790803298946	1.10506171339997e-05
15.846864	0.000743265368507575	1.01137305400916e-05
14.127493	0.000747663117595435	1.20956776733854e-05
12.587309	0.000751379179255467	1.47774039767257e-05
11.216775	0.000751648069733213	1.47432380703869e-05
9.9968166	0.000754056126536029	1.5319845483673e-05
8.9082127	0.000754423815573375	1.35264662913898e-05
7.9395623	0.000756571415856353	1.66269463726107e-05
7.0765615	0.000761195270732	1.62995841549743e-05
6.3105822	0.000761350395132637	1.53532372156238e-05
5.6245475	0.000762493371570052	1.62913456904468e-05
5.0112233	0.000765779341912844	1.60930482813531e-05
4.4642835	0.000763796744985112	1.79253804712299e-05
3.9819033	0.000766594816930638	1.55291976703246e-05
3.5479143	0.000766544180909366	1.61690919754377e-05
3.1629577	0.000768668246143603	1.75141361656912e-05
2.818361	0.00077046823605214	1.87055983017961e-05
2.5112481	0.000771138078390912	1.58189985728403e-05
2.2398233	0.000769990616904061	1.70569798021155e-05
1.9950197	0.00077370007320148	1.69699979225124e-05
1.7775893	0.000774033474539456	1.90668038634278e-05
1.5846864	0.000773951338913609	1.65548965534554e-05
1.4122353	0.000775013238238946	1.83174213114895e-05
1.2582541	0.000775680841395698	1.82952497734291e-05
1.1224822	0.000777546044172661	1.94906515350934e-05
1.0000616	0.000780140920783595	1.93542870839639e-05
0.89082122	0.000779640205654656	2.03862739481262e-05
0.79444051	0.000782890881505328	1.96615937187131e-05
0.70784986	0.000782674744442001	2.1013652878986e-05
0.63126236	0.000783595080866751	2.34638580854975e-05
0.562536	0.00078597216050716	2.38136720052359e-05
0.50118715	0.000786972850356154	2.36001926474598e-05
0.44642836	0.000791101792527939	2.29862952500083e-05
0.39821118	0.000792823446162232	2.56017538085448e-05
0.35475865	0.000791755215786158	2.82621214160617e-05
0.31619295	0.000793869299855695	2.67079577137797e-05
0.2819173	0.000794042599600718	2.77062931715321e-05
0.25117323	0.000797383634904425	2.8940890253496e-05
0.22391155	0.000799798155407311	2.92425605743853e-05
0.19957349	0.000800678034709187	3.06541351197232e-05
0.17779917	0.00080224391340916	3.246403711692e-05
0.15846863	0.000806840750938175	3.53627520769118e-05
0.14123619	0.000808478909762728	3.9182358857853e-05
0.12590662	0.000808602000268869	3.73189024534497e-05
0.1122199	0.000811698176462888	4.07408083739652e-05
0.10002181	0.000814472053747438	4.25915584265743e-05
