10002.226	0.00118743171774175	-0.00955207447913723
8914.9326	0.00114531424169204	-0.00855256133205819
7943.9951	0.0011087703748482	-0.00765463984663091
7081.583	0.00107225826889182	-0.00685077366138228
6307.7358	0.00104313113036029	-0.00613166799703418
5622.5879	0.00101060575063914	-0.00549043292610849
5011.603	0.000982739702337687	-0.0049176804005084
4466.4292	0.000957173838778991	-0.00440104788960687
3981.2773	0.000933706540935278	-0.00394001630190054
3548.8679	0.000911908821378874	-0.00352975728889785
3163.0398	0.000891771667399434	-0.00316067807869612
2819.0986	0.000873908378698378	-0.00282935570934476
2512.4104	0.000858836884123633	-0.00253439441852897
2239.2869	0.000844359153411998	-0.00227099001047097
1995.6381	0.00083279343178445	-0.00203540200900064
1778.2897	0.000819667086548329	-0.00182319706256609
1584.4927	0.00080742353937917	-0.00163175246250477
1412.7418	0.000793135247900609	-0.00146531860238388
1258.7905	0.00078660885843708	-0.00131479722209848
1121.7966	0.000775342709801297	-0.00117583717739395
999.68164	0.000766143458779315	-0.00105677494576097
891.42474	0.000758901568023928	-0.000947541458131741
794.23932	0.000750289711039219	-0.000850663941907097
707.96161	0.000744783922566761	-0.000762363804961973
631.00977	0.000736818162020724	-0.000685513403121639
562.33929	0.000731007131881743	-0.00061360850782144
501.12231	0.000724206801070732	-0.000550584611898387
446.57214	0.000719382825140404	-0.000492094572251437
398.08899	0.000714442003946472	-0.000439400848892438
354.88681	0.00071032147019152	-0.000393453674890054
316.31589	0.000706799393486566	-0.000349580932553128
281.8942	0.00070507679607922	-0.000310902637860164
251.20601	0.000700310102447989	-0.000276673049207489
223.92496	0.000699244400237252	-0.000240710401461625
199.55338	0.000698845324131159	-0.000217203304653812
177.78128	0.000696376474185175	-0.000185415640552751
158.52898	0.000698014621484763	-0.000164043731303158
141.21979	0.000696083923049275	-0.000144011449298815
125.92673	0.000699296271430161	-0.000123672688478589
112.19009	0.000701004840630015	-0.000106992757649403
99.968163	0.000701433690667272	-8.84085417504575e-05
89.115646	0.000703470276699389	-7.56426976780144e-05
79.415741	0.000708821223166037	-6.36658331767871e-05
70.793182	0.000706621918290827	-5.11527549236749e-05
63.082279	0.000709893697126112	-4.10597241051208e-05
56.241825	0.000715757134061211	-3.24951619812913e-05
50.112232	0.000715559930060875	-2.11140190278792e-05
44.671223	0.000719423209695457	-1.85880370115975e-05
39.808899	0.000721006147871687	-1.22772048245338e-05
35.488308	0.000726526993707313	-6.73711760847327e-06
31.629578	0.000727889739104032	-7.79285920661162e-07
28.187037	0.000731447842346147	-4.53101968528611e-07
25.120602	0.000735311279262803	5.49411471274713e-06
22.385418	0.000736534996029147	5.69238388660005e-06
19.955338	0.000740285300649218	8.86314769647075e-06
17.775894	0.000742606455716854	1.15936044866757e-05
15.846864	0.000746047874030954	1.03735347042286e-05
14.127493	0.000748255496745618	1.34567139607592e-05
12.587309	0.000749322272353861	1.49683056535048e-05
11.216775	0.000752755866382444	1.45755433121953e-05
9.9968166	0.000752851855939886	1.4867528501221e-05
8.9082127	0.000756089421797109	1.39553882630908e-05
7.9395623	0.000755874274652025	1.64758589345431e-05
7.0765615	0.000758325311491256	1.77705600191528e-05
6.3105822	0.000760713604043625	1.67111812624991e-05
5.6245475	0.000761911067776589	1.4102397543774e-05
5.0112233	0.00076430647927534	1.5656253227077e-05
4.4642835	0.000764692794523798	1.69626891345564e-05
3.9819033	0.000765555907335548	1.72240441453007e-05
3.5479143	0.000768081006307193	1.55543910081308e-05
3.1629577	0.000765810812256009	1.58437611682152e-05
2.818361	0.000771562797417456	1.82959919475505e-05
2.5112481	0.000771410269209808	1.75367810876905e-05
2.2398233	0.00077220966883549	1.80437087612023e-05
1.9950197	0.000774864853047646	1.71729291995107e-05
1.7775893	0.000772514104781374	1.69193726902782e-05
1.5846864	0.000775518697345386	1.66668246424997e-05
1.4122353	0.000777018804166449	1.67008562809009e-05
1.2582541	0.000776637097057811	1.86516694204144e-05
1.1224822	0.000778681903666051	2.09229983873275e-05
1.0000616	0.000780268369042954	2.15900380888839e-05
0.89082122	0.000781539517691776	2.2114815092987e-05
0.79444051	0.000781664219617519	2.07592446431663e-05
0.70784986	0.000783068928492047	2.12340401451622e-05
0.63126236	0.00078487605952189	2.30724313724739e-05
0.562536	0.000786120826469568	2.19287417186798e-05
0.50118715	0.000787150071391289	2.49072621053483e-05
0.44642836	0.000789563691523401	2.43436266803154e-05
0.39821118	0.000791763664436669	2.60353660402404e-05
0.35475865	0.000791525797470465	2.70058387874594e-05
0.31619295	0.00079366419031868	2.8701195273623e-05
0.2819173	0.000795713703018994	2.75385431387739e-05
0.25117323	0.000796990219179675	3.00897569991365e-05
0.22391155	0.000799206309685081	3.19985828307766e-05
0.19957349	0.000802163255755061	3.21636896059509e-05
0.17779917	0.000802690978414681	3.29861683054108e-05
0.15846863	0.00080404559743466	3.54916531673454e-05
0.14123619	0.000804981379652635	3.80996510359767e-05
0.12590662	0.000809513909364016	3.77684428961054e-05
0.1122199	0.000810161870033285	3.81189078694112e-05
0.10002181	0.00081459963276872	4.20228761719681e-05
