10002.226	0.00118646763354196	-0.00955318522565718
8914.9326	0.0011454385085594	-0.00855080292880609
7943.9951	0.00110884703815871	-0.00765508023959606
7081.583	0.00107285977331199	-0.00685307759686634
6307.7358	0.00104401002738009	-0.00613007884265365
5622.5879	0.0010095597881081	-0.00549149430949385
5011.603	0.000980393244904519	-0.004915849156406
4466.4292	0.000957246881654241	-0.00440006182615362
3981.2773	0.000931809597845828	-0.00393888740273448
3548.8679	0.000911668572765862	-0.00352990327784908
3163.0398	0.000891930440860814	-0.00316016758939093
2819.0986	0.000875603797461034	-0.00282968563138248
2512.4104	0.000858413140838633	-0.00253471976949536
2239.2869	0.000842342091631787	-0.00227140474477525
1995.6381	0.000830124315922209	-0.00203484914419776
1778.2897	0.000817683255365839	-0.00182383817050714
1584.4927	0.000806137440430107	-0.0016313068328911
1412.7418	0.000794489507453819	-0.00146503431727482
1258.7905	0.000786246841832288	-0.00131305184305947
1121.7966	0.000776600237307925	-0.00117832694763457
999.68164	0.00076746442220233	-0.0010559523949016
891.42474	0.000758049369657478	-0.00094823582181838
794.23932	0.000754197042840245	-0.000849277729817706
707.96161	0.000742748739916782	-0.000762927355837721
631.00977	0.000739879603827447	-0.000684152538839766
562.33929	0.000728915980525778	-0.000612315497973935
501.12231	0.000723684804030967	-0.000549506992575147
446.57214	0.00072150576972366	-0.000491542342801501
398.08899	0.00071604778256619	-0.000439691090754556
354.88681	0.000711627966670482	-0.000393811718128055
316.31589	0.000708502364493615	-0.000346446606683727
281.8942	0.000706313626525591	-0.000311789902318169
251.20601	0.00069813356711824	-0.000275586715987704
223.92496	0.000700307285159262	-0.000245390844504773
199.55338	0.000699553626542749	-0.000214952559546443
177.78128	0.000696093271186532	-0.000187995647197479
158.52898	0.000696385621679686	-0.000161971088896916
141.21979	0.00069775033677667	-0.000142820176318115
125.92673	0.000696586809321332	-0.000124102977278805
112.19009	0.00070056687114993	-0.000108344303628263
99.968163	0.000700789351249064	-8.93875613386187e-05
89.115646	0.000704044198997829	-7.63730273450796e-05
79.415741	0.000705450352506221	-6.18198650384507e-05
70.793182	0.000707495762600532	-5.2559266739466e-05
63.082279	0.000710364862890909	-4.10109688233996e-05
56.241825	0.000712810417893963	-3.19564947991009e-05
50.112232	0.000716766551305166	-2.45524241922173e-05
44.671223	0.000718901700389964	-1.89696590131809e-05
39.808899	0.000721314531420443	-1.2146622155774e-05
35.488308	0.000726275388773887	-7.5449925992233e-06
31.629578	0.000727876797603117	-1.20450394380208e-06
28.187037	0.000730810197298137	-4.91353605977669e-07
25.120602	0.000734504488309867	3.5260414674465e-06
22.385418	0.000739063503675417	7.06782409802569e-06
19.955338	0.000740658814113456	8.54176039046991e-06
17.775894	0.00074287667375318	1.04924037957815e-05
15.846864	0.000746219062117083	1.23330348993461e-05
14.127493	0.000747830105920538	1.28524871860782e-05
12.587309	0.000750496431763839	1.4187233780241e-05
11.216775	0.000750892138661879	1.35840159395901e-05
9.9968166	0.000756727747889967	1.33572499949744e-05
8.9082127	0.000755812286732744	1.59264986528731e-05
7.9395623	0.000754729722046045	1.65325260162734e-05
7.0765615	0.000759062313282684	1.60946060411444e-05
6.3105822	0.000761240987894642	1.59088396828728e-05
5.6245475	0.000760537759012274	1.5909038002878e-05
5.0112233	0.000764262891980831	1.83691008544301e-05
4.4642835	0.00076629723575963	1.70480210662021e-05
3.9819033	0.000768103534370628	1.70586994547262e-05
3.5479143	0.000767894108710341	1.80564900290621e-05
3.1629577	0.000768338963131836	1.78529569434735e-05
2.818361	0.000770460794408924	1.71432467663614e-05
2.5112481	0.000773379012019288	1.55661163645148e-05
2.2398233	0.000771092445019864	1.68129768874258e-05
1.9950197	0.000774329601343089	1.84435377003247e-05
1.7775893	0.000773813588586412	1.54233906669168e-05
1.5846864	0.000776346762813002	1.69842572402605e-05
1.4122353	0.000776071021456899	1.85338430458537e-05
1.2582541	0.000777786947256234	2.11021144732145e-05
1.1224822	0.000778590350777947	1.87629471777832e-05
1.0000616	0.000779696274029546	2.07663021680678e-05
0.89082122	0.000780349394937777	1.81048060708834e-05
0.79444051	0.000782414261809619	1.9177674489091e-05
0.70784986	0.000784135219452205	2.22620891474162e-05
0.63126236	0.000783386844762024	2.12107224005307e-05
0.562536	0.000786777069024518	2.33474859728929e-05
0.50118715	0.000789842373378898	2.42471643315856e-05
0.44642836	0.000788144256871667	2.53123331472511e-05
0.39821118	0.000793319932507923	2.60212484802364e-05
0.35475865	0.000792871376397277	2.73606616695679e-05
0.31619295	0.000793277925963593	2.7489209577544e-05
0.2819173	0.000795178031073474	2.84551419914953e-05
0.25117323	0.000797153428771486	3.07465463876932e-05
0.22391155	0.000799409966153604	3.18965088327668e-05
0.19957349	0.000800595095077585	3.35392728249867e-05
0.17779917	0.000803420491790285	3.37433976643014e-05
0.15846863	0.00080668418867811	3.6454139847713e-05
0.14123619	0.000806002957115312	3.77216827186679e-05
0.12590662	0.000808621981552177	4.04884079591439e-05
0.1122199	0.000811195435472816	4.12635470735485e-05
0.10002181	0.000814805615676041	4.18783547696517e-05
