10002.226	0.00118781886413566	-0.00955452887031076
8914.9326	0.00114551897918534	-0.00855266208221661
7943.9951	0.00110914230679831	-0.0076555619062995
7081.583	0.00107361389326284	-0.00685147556728085
6307.7358	0.00104309355770426	-0.00613152249933314
5622.5879	0.00100890306907495	-0.00549185125586691
5011.603	0.000982196785195038	-0.00491546597724876
4466.4292	0.000957956754621628	-0.00440129381652442
3981.2773	0.0009314521319672	-0.00394152398868663
3548.8679	0.000909829198926402	-0.00353001088698397
3163.0398	0.000891542323952032	-0.00316064359403513
2819.0986	0.000875282665089485	-0.0028306061662046
2512.4104	0.000859147328518184	-0.0025325493303949
2239.2869	0.000841840726277598	-0.00227188416548615
1995.6381	0.000831421410808103	-0.00203424662519937
1778.2897	0.000817841682958291	-0.00182226208155662
1584.4927	0.000806380503619063	-0.00163390769879554
1412.7418	0.000793523717411768	-0.00146394425250482
1258.7905	0.000784550900789314	-0.0013126424059317
1121.7966	0.000773563765236643	-0.0011781915159831
999.68164	0.000768212970568414	-0.00105614700308104
891.42474	0.000759032746517716	-0.000948239260658751
794.23932	0.000750543127348305	-0.000850871034344859
707.96161	0.000744507779344084	-0.000761234136750102
631.00977	0.000737552303235817	-0.00068590094443949
562.33929	0.000731420338012614	-0.000613532360676757
501.12231	0.000726192379106081	-0.000551009875891015
446.57214	0.000719737655093019	-0.000490458198595366
398.08899	0.000715620083995621	-0.000440679097914104
354.88681	0.000709927876021588	-0.000391803224149954
316.31589	0.000708826702188832	-0.000348081273828201
281.8942	0.000703985986159628	-0.000310865355080623
251.20601	0.00069952933530122	-0.00027502120340994
223.92496	0.000701042160369028	-0.000242881707960986
199.55338	0.000697566707371534	-0.000215967247220997
177.78128	0.000697588532849428	-0.000187440919351505
158.52898	0.000697933389141496	-0.000163383596115117
141.21979	0.000697787198306132	-0.000141632059367913
125.92673	0.000696721406785507	-0.000121947258607819
112.19009	0.000698545270328402	-0.000109630964470252
99.968163	0.000701903790188344	-8.87992316594813e-05
89.115646	0.000702784783002019	-7.73033345573756e-05
79.415741	0.000704534702368529	-6.32756768862761e-05
70.793182	0.000707138141536051	-5.07576833097376e-05
63.082279	0.000709581188047546	-4.08219663168305e-05
56.241825	0.000713601980747081	-3.25038904121163e-05
50.112232	0.000714737520692594	-2.17018029858947e-05
44.671223	0.000719713295539069	-1.75014118704762e-05
39.808899	0.000721981307285032	-1.32382924731318e-05
35.488308	0.000727707096610238	-8.46703711153581e-06
31.629578	0.000728888713186855	-3.53258952823134e-06
28.187037	0.000731931486498855	2.99334954890358e-07
25.120602	0.000732672235678649	4.82893188194171e-06
22.385418	0.000736330182427299	7.31943150098945e-06
19.955338	0.000741876894852097	8.05401635791195e-06
17.775894	0.000742187042080779	1.2222671638073e-05
15.846864	0.000745355329283264	9.67850766125926e-06
14.127493	0.000747495400212063	1.37280433013941e-05
12.587309	0.000748825144831323	1.37320476019355e-05
11.216775	0.00075159375989508	1.37549652146218e-05
9.9968166	0.000753527988201956	1.34757102908384e-05
8.9082127	0.000755299671720697	1.4963497927254e-05
7.9395623	0.000756579737193398	1.72430980838173e-05
7.0765615	0.00075841607048016	1.87736408061047e-05
6.3105822	0.000761060323093266	1.47889562725364e-05
5.6245475	0.000761767048711148	1.50399042519853e-05
5.0112233	0.000763577511859614	1.61797783512853e-05
4.4642835	0.000765554676609231	1.58078870049087e-05
3.9819033	0.000764302907129286	1.70797912920638e-05
3.5479143	0.000768242079846303	1.69043409620433e-05
3.1629577	0.000769811099626398	1.7421626511145e-05
2.818361	0.000770870323254071	1.7852968064661e-05
2.5112481	0.000768416403549036	1.41177635669356e-05
2.2398233	0.000769599089947365	1.80869042884577e-05
1.9950197	0.000771705254779257	1.61579589705792e-05
1.7775893	0.000774753607593018	1.55062231583074e-05
1.5846864	0.000773745895147425	1.85811457718075e-05
1.4122353	0.000776685092528352	1.8816239271838e-05
1.2582541	0.00077780923247008	1.96571382149931e-05
1.1224822	0.000780002266459094	1.88757003098758e-05
1.0000616	0.000779991823954123	1.97823592152463e-05
0.89082122	0.000781499227818177	2.14298430062495e-05
0.79444051	0.000782916221289801	2.0957016202202e-05
0.70784986	0.00078462834467968	2.05905843599958e-05
0.63126236	0.000784744730988503	1.98161616782461e-05
0.562536	0.00078795998470889	2.34837860305289e-05
0.50118715	0.000786145569904155	2.41633959937479e-05
0.44642836	0.000790341486226646	2.44320272329705e-05
0.39821118	0.000791788748194009	2.44837833362302e-05
0.35475865	0.000792786002735044	2.64340428731265e-05
0.31619295	0.000795519042147907	2.69360253582946e-05
0.2819173	0.000795372649054614	2.87911901876376e-05
0.25117323	0.000796444277742365	2.85743541974482e-05
0.22391155	0.000799348851304965	3.31315322394229e-05
0.19957349	0.000801367543159432	3.1330647764864e-05
0.17779917	0.000801142328000243	3.27308734862528e-05
0.15846863	0.000805768345998031	3.54759203261447e-05
0.14123619	0.000808194301255334	3.58189169950003e-05
0.12590662	0.0008087191787794	4.03991031124664e-05
0.1122199	0.000812876787387188	3.97896309697853e-05
0.10002181	0.000814591911572163	4.37954132303658e-05
