10002.226	0.00117771936544046	-0.00951777841445164
8914.9326	0.00113828616438945	-0.00852014257830534
7943.9951	0.00109910600455596	-0.00762463279580792
7081.583	0.00106714589605332	-0.00682818958752214
6307.7358	0.00103474793705739	-0.00610901596221269
5622.5879	0.00100198918017429	-0.00547041248397364
5011.603	0.00097268084497341	-0.00489934838737663
4466.4292	0.000948590064742336	-0.00438402225897533
3981.2773	0.000925173090292976	-0.00392470575438318
3548.8679	0.000905473224259251	-0.00351603490363858
3163.0398	0.000883031122931423	-0.00314991492588122
2819.0986	0.00086564538503479	-0.00281898431949808
2512.4104	0.000850391649819257	-0.00252523021576342
2239.2869	0.000834579197580985	-0.00226213683048593
1995.6381	0.00082009386214032	-0.00202665455672045
1778.2897	0.000808033355386023	-0.00181639378778709
1584.4927	0.000798740592859563	-0.00162727419929539
1412.7418	0.000786037948418109	-0.00145948377768251
1258.7905	0.00077722470463996	-0.00130851044997329
1121.7966	0.000767815143833127	-0.00117551846501096
999.68164	0.000758346140943427	-0.00105243700235421
891.42474	0.000750508776349414	-0.000945211015452044
794.23932	0.000742299996570699	-0.000848428099919976
707.96161	0.000734962405962381	-0.000757444650106252
631.00977	0.000726820803981866	-0.000684197150350587
562.33929	0.000722031972826122	-0.00061217404825891
501.12231	0.000714094354444676	-0.000547270992226399
446.57214	0.000710836434813141	-0.000488562055681107
398.08899	0.000705454881931508	-0.000437262658880306
354.88681	0.000704027416571087	-0.000390233501922631
316.31589	0.000698177848117064	-0.000347642590704629
281.8942	0.000695259483674532	-0.000309811907207962
251.20601	0.000691976536331858	-0.000273583171082137
223.92496	0.000691229985793108	-0.000241187299702226
199.55338	0.000690607543375918	-0.000215111157671126
177.78128	0.000688227485073678	-0.000188098153403458
158.52898	0.000688391574309715	-0.00016356366988439
141.21979	0.00068936843624193	-0.000142530111576991
125.92673	0.000687656762479543	-0.000122913863642874
112.19009	0.000692575392690539	-0.000106774897387885
99.968163	0.000693793139239694	-8.85659131192437e-05
89.115646	0.000695725310479857	-7.64972107954747e-05
79.415741	0.000697434091322524	-6.28687972672611e-05
70.793182	0.000698120159518571	-5.02022294723369e-05
63.082279	0.000700263003271492	-4.18778662207836e-05
56.241825	0.000707217845124235	-3.09870478823304e-05
50.112232	0.000708678860310492	-2.27045448856851e-05
44.671223	0.00071034914451483	-1.80070315631791e-05
39.808899	0.00071383167823832	-1.33008319913728e-05
35.488308	0.000716495522513366	-7.25239574985745e-06
31.629578	0.000718070968613706	-1.68947946412814e-06
28.187037	0.000721446447410254	8.22098697014153e-07
25.120602	0.000725210879230983	3.78769257709011e-06
22.385418	0.000729643071537631	6.63003098939546e-06
19.955338	0.0007321428521981	7.32700045725109e-06
17.775894	0.000734495965874022	1.02740029633438e-05
15.846864	0.000735896429561191	1.0445169151411e-05
14.127493	0.000741274032064746	1.18553006001961e-05
12.587309	0.000741712763552983	1.22032650057805e-05
11.216775	0.000742268904211083	1.35804759178688e-05
9.9968166	0.000745259323313335	1.36238223793145e-05
8.9082127	0.000746716854573016	1.55514398671419e-05
7.9395623	0.000749533868264506	1.41883522193334e-05
7.0765615	0.00075085673808252	1.87789278484866e-05
6.3105822	0.000754541676598754	1.59920767230154e-05
5.6245475	0.000752905133896684	1.60900490562423e-05
5.0112233	0.00075555900322759	1.75976127139408e-05
4.4642835	0.000757544860750516	1.7833660831498e-05
3.9819033	0.000758453011006097	1.79616028027931e-05
3.5479143	0.000758142993398309	1.856612945326e-05
3.1629577	0.000761977090634174	1.94483035411116e-05
2.818361	0.000761806489364219	1.80566262929939e-05
2.5112481	0.000761886411479436	1.68713512294256e-05
2.2398233	0.000762386847757723	1.59903658842238e-05
1.9950197	0.000764858891821502	1.69280210322979e-05
1.7775893	0.000765022060981629	1.76756644305448e-05
1.5846864	0.00076831370474995	1.90248790072513e-05
1.4122353	0.000766811786770939	1.90705875549093e-05
1.2582541	0.000769042356009597	1.84581875462224e-05
1.1224822	0.000769002401342555	1.94487188997117e-05
1.0000616	0.000770165800317179	2.07114153446553e-05
0.89082122	0.000771491681582975	1.88008095838972e-05
0.79444051	0.00077256960841723	1.97312682927418e-05
0.70784986	0.000775210422074287	2.16941792954796e-05
0.63126236	0.000776930121842346	2.14277405171141e-05
0.562536	0.000778299330063486	2.26764802034279e-05
0.50118715	0.00078022408721592	2.43753824662034e-05
0.44642836	0.000780924371118631	2.51006005693856e-05
0.39821118	0.000781751110538467	2.43721575339267e-05
0.35475865	0.00078218382596423	2.57778855289601e-05
0.31619295	0.000785407748128625	2.76750997528361e-05
0.2819173	0.000787118786214608	2.8886998597662e-05
0.25117323	0.00078952451011048	2.78271042318123e-05
0.22391155	0.000789858092076419	2.99763130160114e-05
0.19957349	0.00079276028733109	3.2536306982521e-05
0.17779917	0.000793909554000336	3.31311875866889e-05
0.15846863	0.000795394660059563	3.62355909940703e-05
0.14123619	0.00079892896133234	3.63271274664147e-05
0.12590662	0.000802044190057419	3.86222989605878e-05
0.1122199	0.000802311820304406	4.0493347556643e-05
0.10002181	0.000806782276233443	4.17156262078934e-05
