10002.226	0.00116296163785199	-0.00961979632725031
8914.9326	0.00112119738650455	-0.008611777750893
7943.9951	0.00108326569484355	-0.00770685204964643
7081.583	0.00104939405467303	-0.0069017901719986
6307.7358	0.00101833550911727	-0.00617487711423987
5622.5879	0.000987402674874405	-0.00552984307058136
5011.603	0.000958237821448294	-0.00495089254733156
4466.4292	0.000932234541717711	-0.00443146878740315
3981.2773	0.000909188512263019	-0.00396986192322313
3548.8679	0.000886136846878524	-0.00355177492690663
3163.0398	0.000868708822311913	-0.00318168953487992
2819.0986	0.000850105059021905	-0.00284842038309948
2512.4104	0.000833806541234817	-0.00255199288789897
2239.2869	0.000818857045234594	-0.00228792583083027
1995.6381	0.000806934507375046	-0.002047436486236
1778.2897	0.000794375064814567	-0.00183583422863688
1584.4927	0.000784390778645348	-0.00164528838415001
1412.7418	0.000770640050938806	-0.00147472630724184
1258.7905	0.00076134920315418	-0.00132199564771765
1121.7966	0.000751331126126477	-0.00118574267810907
999.68164	0.000743128185031868	-0.00106319547566292
891.42474	0.000734768724454547	-0.000954853319178965
794.23932	0.000727195474520026	-0.000857023472741383
707.96161	0.000719430609386741	-0.000766812921031095
631.00977	0.000712647042511725	-0.000689519258060904
562.33929	0.000707364491396577	-0.000616420008307482
501.12231	0.000701192253012554	-0.000552989391627784
446.57214	0.000693366393026465	-0.000495598556869911
398.08899	0.000691170135945943	-0.000442496225265369
354.88681	0.000683703601463863	-0.000393527033715971
316.31589	0.000685120796535397	-0.000350474772821833
281.8942	0.000680172269757318	-0.000311605766100757
251.20601	0.000675077930757874	-0.000276347480576861
223.92496	0.000675652800569213	-0.000246620216260113
199.55338	0.000674527669969682	-0.000217198188184883
177.78128	0.000672097232449173	-0.000189917475736382
158.52898	0.000673165621786865	-0.000165403393907631
141.21979	0.000673796213834758	-0.000143752591863984
125.92673	0.000672224229162638	-0.000125244293219971
112.19009	0.000675010340443113	-0.000108890272311023
99.968163	0.000677104536615556	-8.91282465111399e-05
89.115646	0.000677934712206418	-7.83199136131012e-05
79.415741	0.000680239303566456	-6.38018705827587e-05
70.793182	0.00068429011879534	-5.06395258664935e-05
63.082279	0.000685688873810503	-4.13178295596823e-05
56.241825	0.000690054704448147	-2.90168845402876e-05
50.112232	0.000689846864757154	-2.37203421610065e-05
44.671223	0.000695096051611311	-2.02142690191057e-05
39.808899	0.000697133840527657	-1.30786071103455e-05
35.488308	0.000702589712758161	-9.30432982569964e-06
31.629578	0.000702475983860478	-3.00106975402351e-06
28.187037	0.000707214669252513	4.48103567696446e-07
25.120602	0.00071198678872806	3.053742356471e-06
22.385418	0.000712947165271061	6.58977071316723e-06
19.955338	0.000716637537367351	8.18784957307831e-06
17.775894	0.000718349979936653	1.11576100503527e-05
15.846864	0.000721270684159224	1.15337260140846e-05
14.127493	0.000722409440077924	1.39966462941218e-05
12.587309	0.000725868703047286	1.33059163877573e-05
11.216775	0.000726061096374037	1.26464141907719e-05
9.9968166	0.000729391476528543	1.16637910890668e-05
8.9082127	0.000732186588143788	1.50154762145528e-05
7.9395623	0.000733787462798201	1.59748267783839e-05
7.0765615	0.000735994060214077	1.66935055014088e-05
6.3105822	0.000736831325926415	1.46243326565414e-05
5.6245475	0.0007359423368079	1.46875514389387e-05
5.0112233	0.000738820671757386	1.69133274572593e-05
4.4642835	0.00074125689585968	1.7204819897675e-05
3.9819033	0.00074000638780477	1.70663685917605e-05
3.5479143	0.000742553806800626	1.66975781102199e-05
3.1629577	0.0007419952287109	1.88230634607628e-05
2.818361	0.000744690855906102	2.00111876037746e-05
2.5112481	0.000745406826119405	1.49691722715786e-05
2.2398233	0.000747787743035267	1.95290148871478e-05
1.9950197	0.000746579102603079	1.78007765856287e-05
1.7775893	0.000749623607736433	1.64922257345097e-05
1.5846864	0.000747834374604168	1.64958716970617e-05
1.4122353	0.000750878853104837	1.87602689612842e-05
1.2582541	0.000752645207542674	2.00955370337686e-05
1.1224822	0.000753343008210669	2.01355438388488e-05
1.0000616	0.000755587027683896	2.04544781592774e-05
0.89082122	0.000756906350354469	2.11671747040728e-05
0.79444051	0.000759591331903308	2.1319256131652e-05
0.70784986	0.000759003444123258	2.21937995792375e-05
0.63126236	0.000759778780507871	2.14246217091801e-05
0.562536	0.000762075678069419	2.05934281751014e-05
0.50118715	0.000764202014192874	2.40741580133518e-05
0.44642836	0.000764378638699061	2.30804776541499e-05
0.39821118	0.000767346398056599	2.59566857037298e-05
0.35475865	0.000768631189158676	2.68553519232331e-05
0.31619295	0.000769838578093555	2.65984099951175e-05
0.2819173	0.000771985039994392	2.72610286569722e-05
0.25117323	0.000771380317368393	3.13095682747132e-05
0.22391155	0.000774648725634334	3.16406394432126e-05
0.19957349	0.00077536468056214	3.13098922896427e-05
0.17779917	0.000779137516798181	3.38932561898816e-05
0.15846863	0.000780265861821069	3.4243836435826e-05
0.14123619	0.0007833238632863	3.90706011922644e-05
0.12590662	0.000784877653495396	3.73104438361458e-05
0.1122199	0.00078782987630103	4.24875146676419e-05
0.10002181	0.00079033531199545	4.18738977231222e-05
