10002.226	0.00118344057169675	-0.0095675248559393
8914.9326	0.00113956549223864	-0.00856066420252172
7943.9951	0.00110318279190314	-0.0076632162710577
7081.583	0.00106769096115773	-0.00686071895422366
6307.7358	0.00103579217445485	-0.0061399842451808
5622.5879	0.00100530497577152	-0.00549729914953855
5011.603	0.00097681459989325	-0.00492319502288492
4466.4292	0.00095174282561194	-0.00440584745510909
3981.2773	0.000928638100967259	-0.00394449316961336
3548.8679	0.000906063394102641	-0.00353200926005898
3163.0398	0.00088871025059522	-0.00316285455565544
2819.0986	0.000870514162239551	-0.00283236599478
2512.4104	0.000854469776447551	-0.00253648479039826
2239.2869	0.000837181202781626	-0.0022742845811552
1995.6381	0.00082429677955461	-0.00203745228745152
1778.2897	0.000814375853962968	-0.00182537947016403
1584.4927	0.000801336458646755	-0.0016345666130723
1412.7418	0.000786565828926225	-0.00146602317262575
1258.7905	0.00077973156867568	-0.00131203282661869
1121.7966	0.000770022249074766	-0.00118143540482565
999.68164	0.00076218391276874	-0.00105622850374919
891.42474	0.000753874681553721	-0.000949294711346613
794.23932	0.000746663112412311	-0.000852578350345324
707.96161	0.000738159948053718	-0.000765135490543
631.00977	0.000730580918898623	-0.000684754937293115
562.33929	0.000725932139797874	-0.000613956203298167
501.12231	0.000720166145468698	-0.000551128728405397
446.57214	0.000714957770864122	-0.000491223539318286
398.08899	0.000710707070579482	-0.000440765795093146
354.88681	0.000704573301096432	-0.000393443544867383
316.31589	0.000703115916707153	-0.000347348679472537
281.8942	0.000699207077201764	-0.000311458431262152
251.20601	0.000695457890664089	-0.000275002842867615
223.92496	0.000694016817875472	-0.00024317448988326
199.55338	0.00069415528729039	-0.00021684537885911
177.78128	0.000691511704540488	-0.000187401557601065
158.52898	0.000691248329961093	-0.000161663249016724
141.21979	0.000690957065099521	-0.000141036808944085
125.92673	0.000691267176753124	-0.00012511893015537
112.19009	0.000694188487261707	-0.0001072423852911
99.968163	0.00069359893392488	-8.85914818158924e-05
89.115646	0.000699116525226005	-7.45314768345869e-05
79.415741	0.000698619753389814	-6.32144549024754e-05
70.793182	0.00070195690370318	-5.05774165597889e-05
63.082279	0.000705610799654712	-4.1803451030559e-05
56.241825	0.000707559693825343	-3.17409519849654e-05
50.112232	0.000710060285915406	-2.21690777189334e-05
44.671223	0.00071373750778889	-1.66064158829302e-05
39.808899	0.000716169582437029	-1.26332958447844e-05
35.488308	0.000721782031703896	-5.57130268210613e-06
31.629578	0.000723765072037277	-1.84320895892002e-06
28.187037	0.000724593214272632	4.48578513583615e-07
25.120602	0.000731382696956018	2.09017589214103e-06
22.385418	0.000732168341589368	6.88633298928375e-06
19.955338	0.000734223276076912	1.01901399589619e-05
17.775894	0.000737654040369339	1.04597554371058e-05
15.846864	0.000740215572201191	1.07789725825921e-05
14.127493	0.000743161664119144	1.29543272293002e-05
12.587309	0.000743641411384757	1.24343349238528e-05
11.216775	0.000745494778124645	1.40247951135088e-05
9.9968166	0.000750225485965926	1.46929687304248e-05
8.9082127	0.000749995776433469	1.47015465664684e-05
7.9395623	0.000750666043499059	1.52548781460835e-05
7.0765615	0.000752296602248941	1.90650790953487e-05
6.3105822	0.000755547222761952	1.82178453925887e-05
5.6245475	0.000755712946020588	1.64426638139e-05
5.0112233	0.000759843185742017	1.70610778423716e-05
4.4642835	0.000760832391376732	1.71549600729456e-05
3.9819033	0.000760453030755176	1.69509432416207e-05
3.5479143	0.000761097759832863	1.77150790870703e-05
3.1629577	0.000763160484689757	1.72133339047365e-05
2.818361	0.000763439734518874	1.76606034127567e-05
2.5112481	0.000763727809607086	1.87049766009063e-05
2.2398233	0.000765120328816929	1.72189716234557e-05
1.9950197	0.000766818358739468	1.79213069899583e-05
1.7775893	0.000767848341688671	1.64654087717997e-05
1.5846864	0.000768316584527371	1.83751689886852e-05
1.4122353	0.000769265972914119	1.83869102984813e-05
1.2582541	0.000771155616341801	2.00662207005109e-05
1.1224822	0.000772926563386527	1.85166712986227e-05
1.0000616	0.000774729392908267	2.04808333438094e-05
0.89082122	0.00077499351649822	2.05272003194438e-05
0.79444051	0.000777025542534772	2.0461586432407e-05
0.70784986	0.000776337145850437	2.12985990519481e-05
0.63126236	0.000780052599909895	2.32840197916677e-05
0.562536	0.000781613567640711	2.31212555946651e-05
0.50118715	0.00078148517376793	2.30603746711261e-05
0.44642836	0.000784147914723826	2.40992785959143e-05
0.39821118	0.000786395790556269	2.62274485970948e-05
0.35475865	0.000788692554188161	2.57773295086358e-05
0.31619295	0.000788500700523189	2.773464696468e-05
0.2819173	0.000789168608095728	2.99734008244569e-05
0.25117323	0.000791294683079748	2.97551544971259e-05
0.22391155	0.00079587331548345	2.98642706082318e-05
0.19957349	0.00079520240854425	3.26236387810066e-05
0.17779917	0.000796753416353602	3.51355307111498e-05
0.15846863	0.000801420128736356	3.61104938843909e-05
0.14123619	0.000801256065705743	3.63704283139435e-05
0.12590662	0.000804507457572964	3.78441568067919e-05
0.1122199	0.000806617369201746	3.92454772874116e-05
0.10002181	0.000810688443435381	4.34220321230305e-05
