10002.226	0.00118141264238498	-0.00956345679004842
8914.9326	0.0011411264060331	-0.00856264449689126
7943.9951	0.00110234162460234	-0.007665845965033
7081.583	0.00107045622433823	-0.00686138259841775
6307.7358	0.00103635588135359	-0.00613997997119947
5622.5879	0.00100446226253126	-0.00549638331228804
5011.603	0.000977439339855039	-0.00492220351908112
4466.4292	0.000953154707412811	-0.00440578499242545
3981.2773	0.000929257593059428	-0.00394411809881075
3548.8679	0.000905280701204322	-0.00353230878682817
3163.0398	0.000887392103737924	-0.00316280554232465
2819.0986	0.0008703906930529	-0.00283311459454825
2512.4104	0.000852922012975823	-0.00253610069257253
2239.2869	0.000836178159080772	-0.00227451665258325
1995.6381	0.000825339601794905	-0.00203794482426229
1778.2897	0.000813904099315764	-0.00182558708570645
1584.4927	0.000799862077184125	-0.00163334488475514
1412.7418	0.000789052012505639	-0.00146477187403917
1258.7905	0.000778808608087918	-0.00131402998666382
1121.7966	0.000769902887471315	-0.00117920991639913
999.68164	0.000761410883810595	-0.00105540001226388
891.42474	0.0007550529591904	-0.000949488746180258
794.23932	0.000745253052825688	-0.000851268191999315
707.96161	0.000738093074326103	-0.000762963546392499
631.00977	0.00073127976454941	-0.000685516743116686
562.33929	0.000725105579442971	-0.000612457691609641
501.12231	0.000720674586551324	-0.000550504128715193
446.57214	0.000714328332857292	-0.000490286196191227
398.08899	0.00071059078005905	-0.000439811011738028
354.88681	0.000705867872771047	-0.000391138188072997
316.31589	0.000702234309326172	-0.000349219475526989
281.8942	0.000698629553056493	-0.000312365506406394
251.20601	0.000694472395119941	-0.000274985774618596
223.92496	0.000695339832161741	-0.000242473500963484
199.55338	0.000692900011605644	-0.000218037577525654
177.78128	0.00069149709588968	-0.000186468025669574
158.52898	0.000694118332842287	-0.000163862715409419
141.21979	0.000691785850750009	-0.000143962035758068
125.92673	0.000692772453275213	-0.000123181983873924
112.19009	0.000694954051787914	-0.000107726182262193
99.968163	0.000695967890937792	-8.9109383557337e-05
89.115646	0.000696043985754089	-7.65944998092449e-05
79.415741	0.000699821126444262	-6.23338115187202e-05
70.793182	0.000701229721601869	-5.27664869723571e-05
63.082279	0.000704347264701732	-4.18605555282661e-05
56.241825	0.000707462328439238	-3.30201171381068e-05
50.112232	0.000709300232194718	-2.30504949044981e-05
44.671223	0.000712729986421719	-1.76968959400076e-05
39.808899	0.000717503654359959	-1.35050263825216e-05
35.488308	0.000721794509146774	-8.59046057656263e-06
31.629578	0.000722390854849042	-1.88786081473347e-06
28.187037	0.000726270591153421	5.06609874055125e-07
25.120602	0.000730159334284633	4.59224800570565e-06
22.385418	0.000732268437090429	6.3465910773316e-06
19.955338	0.000735656182878799	8.05758582862089e-06
17.775894	0.000738523678280772	1.24337625303596e-05
15.846864	0.00074007691230387	1.02837129865864e-05
14.127493	0.000744140253054141	1.32500160895416e-05
12.587309	0.000744702406856492	1.45953188254657e-05
11.216775	0.000744349727465362	1.30915035586467e-05
9.9968166	0.000746994467838914	1.33496603884483e-05
8.9082127	0.000749207804013792	1.54164470609917e-05
7.9395623	0.000750538388617952	1.71612801375475e-05
7.0765615	0.000753526723106987	1.90030692035092e-05
6.3105822	0.000755412429348015	1.64652749325745e-05
5.6245475	0.00075518096390386	1.4965951861439e-05
5.0112233	0.000756860989932029	1.76819062080212e-05
4.4642835	0.000759660148455292	1.60010970589238e-05
3.9819033	0.000759758310121834	1.58783616184624e-05
3.5479143	0.000764455010059505	1.6979611884021e-05
3.1629577	0.000763281097481138	1.89718976428985e-05
2.818361	0.000764938324163569	1.86762285092092e-05
2.5112481	0.000764601652735073	1.87639585029983e-05
2.2398233	0.000766761347139773	1.93583618278886e-05
1.9950197	0.000766490572523331	1.78480032943142e-05
1.7775893	0.000767275067151143	1.88807668504671e-05
1.5846864	0.000769900161154594	1.80669917129578e-05
1.4122353	0.000769381422817327	1.72647365393954e-05
1.2582541	0.000772887514673139	2.01048567638274e-05
1.1224822	0.00077408825355033	1.8756323304389e-05
1.0000616	0.000774533913027387	1.87374216720223e-05
0.89082122	0.00077526432027336	1.98523031306346e-05
0.79444051	0.000777405179596385	2.21726048924318e-05
0.70784986	0.000777913334911692	2.28909347722881e-05
0.63126236	0.000780161231557309	2.14830938869957e-05
0.562536	0.000782394039974756	2.24651358380952e-05
0.50118715	0.000779693755429487	2.23251926336315e-05
0.44642836	0.000783576074759943	2.45418335533003e-05
0.39821118	0.000786733898685674	2.44646013274647e-05
0.35475865	0.000786972460913495	2.55346010762376e-05
0.31619295	0.000788205098169548	2.77373365715068e-05
0.2819173	0.000791407133042831	2.84849463170853e-05
0.25117323	0.000789849765856199	2.92793345822515e-05
0.22391155	0.000794438239580918	3.11734565609917e-05
0.19957349	0.000795887335881278	3.21631544930651e-05
0.17779917	0.000796122902953978	3.39515613655367e-05
0.15846863	0.000799511637535451	3.58855775635394e-05
0.14123619	0.000800205495870965	3.62485057759763e-05
0.12590662	0.000801557598640474	3.94952106542065e-05
0.1122199	0.000807324599214855	3.94146502625336e-05
0.10002181	0.000808943768382767	4.39988537522807e-05
