10002.226	0.00118097770609959	-0.00956255067019206
8914.9326	0.00114238901012175	-0.00856155635477041
7943.9951	0.00110476551460601	-0.0076636868641559
7081.583	0.00106906305715902	-0.00686198141090175
6307.7358	0.00103784409092113	-0.00614072193291741
5622.5879	0.0010058181146942	-0.00549542820960432
5011.603	0.0009772434974941	-0.00492118631548438
4466.4292	0.000952070814572425	-0.0044057707560433
3981.2773	0.000929294342673352	-0.003944304034818
3548.8679	0.000906524542562005	-0.0035308745918615
3163.0398	0.000888490310073899	-0.00316377140122224
2819.0986	0.000868795709167564	-0.00283434992527384
2512.4104	0.000854914123763141	-0.00253659676215785
2239.2869	0.00083939741941063	-0.00227488053702758
1995.6381	0.000824260075710523	-0.00203441103732446
1778.2897	0.00081132100844211	-0.00182525028559821
1584.4927	0.000799974618066509	-0.001634953154807
1412.7418	0.000788250332749685	-0.00146636203931309
1258.7905	0.000779694705477271	-0.00131426069639972
1121.7966	0.000770033190747396	-0.00117930220395949
999.68164	0.000760580998488362	-0.00105618121233515
891.42474	0.00075446900214056	-0.000948844223013054
794.23932	0.000745601620854494	-0.000853001321067853
707.96161	0.00073574467255624	-0.000761207224241724
631.00977	0.000730643983611315	-0.000685721971840377
562.33929	0.00072649129454956	-0.000613832024422417
501.12231	0.000717989338189682	-0.000550125301274083
446.57214	0.000715152414783915	-0.000490903406880951
398.08899	0.00070947285957713	-0.000440218715479163
354.88681	0.0007046313667656	-0.000393818183246349
316.31589	0.000703783638547141	-0.00034933227890081
281.8942	0.000697816133325241	-0.000313364840945981
251.20601	0.000693095914587828	-0.000274776915611902
223.92496	0.00069352468884472	-0.000243126661986502
199.55338	0.000691342379141816	-0.000216331484147373
177.78128	0.00069244054270686	-0.000187812599518844
158.52898	0.000691304632868288	-0.000167239302853618
141.21979	0.000692567369860662	-0.000143468772541409
125.92673	0.000692381210305539	-0.00012375970365587
112.19009	0.000693850726788061	-0.000107163706342561
99.968163	0.000695821553039413	-8.84444839775391e-05
89.115646	0.000699216194183895	-7.53410587077434e-05
79.415741	0.000699890870204271	-6.29336851494413e-05
70.793182	0.00070318147863316	-4.96901727493191e-05
63.082279	0.000704457084336585	-4.2496797943351e-05
56.241825	0.000707306273499444	-3.20524308025521e-05
50.112232	0.000708286198068236	-2.46235251189279e-05
44.671223	0.000713192876453954	-1.94252996832352e-05
39.808899	0.000718000286315813	-1.03189454767142e-05
35.488308	0.000720821326782771	-8.0199161616585e-06
31.629578	0.000724090329247203	-1.91558384687836e-06
28.187037	0.000726457675861155	-8.76770030866312e-07
25.120602	0.000727176425024558	4.02060973297071e-06
22.385418	0.000729976935936825	8.95785831255627e-06
19.955338	0.000734252103292132	8.14059863396989e-06
17.775894	0.000737000859074727	1.3943855998009e-05
15.846864	0.000739930918625805	1.17296647786801e-05
14.127493	0.000742008711356604	1.27513566965868e-05
12.587309	0.000744083445666868	1.30988035355582e-05
11.216775	0.000747705891983853	1.30136935192982e-05
9.9968166	0.000748884373824565	1.42610533749321e-05
8.9082127	0.000750158466322026	1.57085341076424e-05
7.9395623	0.000748982819848997	1.6722121814603e-05
7.0765615	0.000752600861057402	1.79153207080085e-05
6.3105822	0.000755638621569927	1.65110945677428e-05
5.6245475	0.000757490604521301	1.66187928508513e-05
5.0112233	0.000758261029947218	1.52417216872667e-05
4.4642835	0.000758301819019669	1.69879794546892e-05
3.9819033	0.000760577325760805	1.83174391295395e-05
3.5479143	0.000761713337927404	1.86595148808416e-05
3.1629577	0.000764294239942186	1.69484516178835e-05
2.818361	0.000764920579563895	1.81475563639044e-05
2.5112481	0.000765445174035513	1.63525895647581e-05
2.2398233	0.000765020199101097	1.87373223886085e-05
1.9950197	0.000766339513886456	1.90658916869476e-05
1.7775893	0.000768645073987247	1.63948525664036e-05
1.5846864	0.000768990067960841	1.80556831468444e-05
1.4122353	0.000769935949992651	1.80043306610925e-05
1.2582541	0.000771663288441471	1.88132322160667e-05
1.1224822	0.000773300919509372	1.73536034400524e-05
1.0000616	0.000774520344482279	1.89772627518543e-05
0.89082122	0.0007759866244206	2.06225205593091e-05
0.79444051	0.000776668003643947	2.14417440641894e-05
0.70784986	0.00078001774843721	2.33970376481289e-05
0.63126236	0.000778784024039548	2.16043726389143e-05
0.562536	0.000781040159095741	2.17208125309989e-05
0.50118715	0.000782467839127312	2.15783865660014e-05
0.44642836	0.000784475142170029	2.53962916870251e-05
0.39821118	0.000784199552623698	2.63624223079418e-05
0.35475865	0.000786444618399273	2.6154422477326e-05
0.31619295	0.00078727012505355	2.855274345336e-05
0.2819173	0.000792103649280725	2.76318096669361e-05
0.25117323	0.000792941934247417	3.00794196459806e-05
0.22391155	0.000792685116759658	3.02152128871604e-05
0.19957349	0.000795440666005085	3.46211260620248e-05
0.17779917	0.000798084936502773	3.24288948472054e-05
0.15846863	0.000800242012952427	3.56447548001594e-05
0.14123619	0.000800752627553056	3.71034421067672e-05
0.12590662	0.000804110924153943	3.84211732065351e-05
0.1122199	0.000805766816169521	3.98343768472645e-05
0.10002181	0.000809338455805645	4.14335378842271e-05
