10002.226	0.00118295319134282	-0.00956683042946755
8914.9326	0.00114176719997797	-0.00856092421041337
7943.9951	0.00110249088581544	-0.00766444997278635
7081.583	0.00106959156703201	-0.00686212272992591
6307.7358	0.00103438774728362	-0.00613928550962164
5622.5879	0.0010054033151583	-0.00549659093184057
5011.603	0.00097674823445543	-0.00492171817530682
4466.4292	0.000954309071101575	-0.00440411451428929
3981.2773	0.000928760109150611	-0.0039439515221153
3548.8679	0.000903568530801714	-0.00353374282694091
3163.0398	0.000888069668412029	-0.00316417348560119
2819.0986	0.000869824020926047	-0.00283179137703148
2512.4104	0.000855851204650367	-0.00253760454413775
2239.2869	0.000836187900871376	-0.00227401809726978
1995.6381	0.000824369799975699	-0.00203561868870135
1778.2897	0.000813110181122285	-0.00182430261303911
1584.4927	0.000799834007237805	-0.00163614304732283
1412.7418	0.000787979641192582	-0.00146754286520175
1258.7905	0.000780912811907497	-0.00131348325297907
1121.7966	0.000771470343063175	-0.00118102133219728
999.68164	0.000760300070289628	-0.00105700918629717
891.42474	0.000752989171694348	-0.000948176593655092
794.23932	0.000746383645142378	-0.000852482250291063
707.96161	0.000737587827624378	-0.000763387878772739
631.00977	0.000733128382713423	-0.000686098137060234
562.33929	0.0007244922695269	-0.000614280263587209
501.12231	0.000718935078120384	-0.000550194713474534
446.57214	0.000714998598120498	-0.000490671408534832
398.08899	0.000708933540580793	-0.000440981623790759
354.88681	0.000705012510456857	-0.000393386864708758
316.31589	0.000700840920034556	-0.000348700668431904
281.8942	0.000698485368410801	-0.000311362099823689
251.20601	0.000692982114636623	-0.000275847463292098
223.92496	0.00069514018200213	-0.000242083288952564
199.55338	0.000694604174208662	-0.000214808301910109
177.78128	0.000692135834338598	-0.000186999824316329
158.52898	0.000691898256600449	-0.000165071979625537
141.21979	0.000691228702305523	-0.000143222340051636
125.92673	0.000691311349988063	-0.00012358289411892
112.19009	0.000694818614654543	-0.000107088530670572
99.968163	0.000694980410962685	-8.96320919194149e-05
89.115646	0.000699158873548693	-7.46702241193187e-05
79.415741	0.000700562391226041	-6.31161174740872e-05
70.793182	0.000701979840537016	-5.33077030241602e-05
63.082279	0.000703079553937405	-4.16180675950446e-05
56.241825	0.000708200703336698	-3.1950204510046e-05
50.112232	0.000711459569018478	-2.29322027699504e-05
44.671223	0.000712908244298793	-1.59727096925749e-05
39.808899	0.000716741610524516	-1.51754872693453e-05
35.488308	0.000719983543886127	-8.62945558154438e-06
31.629578	0.000723866021280463	-3.17595711148895e-06
28.187037	0.000726479243355826	2.53731631141057e-06
25.120602	0.000729449909844864	3.48091519253898e-06
22.385418	0.000731937928323484	6.55671269499483e-06
19.955338	0.000735131942132194	7.74629159546823e-06
17.775894	0.000739508282807239	1.20305198302057e-05
15.846864	0.00073975001258847	1.1231532675303e-05
14.127493	0.000742872633578564	1.2661909747474e-05
12.587309	0.000744800361087209	1.31006981397629e-05
11.216775	0.000745712046953366	1.41138444530335e-05
9.9968166	0.000749772036298839	1.44190803865084e-05
8.9082127	0.000750396610371232	1.59008287585217e-05
7.9395623	0.000751706557422669	1.59878587959405e-05
7.0765615	0.000754510839299493	1.94260810485855e-05
6.3105822	0.000753751058247134	1.67010692980479e-05
5.6245475	0.000758354709145668	1.74485992955228e-05
5.0112233	0.000758529520392472	1.64783710966161e-05
4.4642835	0.000761294418585067	1.63715237260311e-05
3.9819033	0.000762515628391384	1.60578120793942e-05
3.5479143	0.00076091498397044	1.65855145741243e-05
3.1629577	0.000761811157506862	1.82460136981045e-05
2.818361	0.000765013257047866	1.8292509840475e-05
2.5112481	0.00076560772769289	1.61732457310264e-05
2.2398233	0.000765328477498648	1.61927504873742e-05
1.9950197	0.000766995009643675	1.84419130987312e-05
1.7775893	0.000768276508503388	1.62911650255823e-05
1.5846864	0.00077249013794784	2.00377238630674e-05
1.4122353	0.000771577011849083	1.84711683391915e-05
1.2582541	0.000771449304136298	2.0341553807636e-05
1.1224822	0.000771463972651642	1.94289963447965e-05
1.0000616	0.000775195317479356	1.89298679974516e-05
0.89082122	0.000775024719895881	2.09330671996686e-05
0.79444051	0.000775694428966185	2.07265130160594e-05
0.70784986	0.000778973681978009	2.21926652441845e-05
0.63126236	0.000780788623573385	2.02464451382573e-05
0.562536	0.000780292551561178	2.24890112383986e-05
0.50118715	0.000782898713187439	2.31250814278864e-05
0.44642836	0.000785127180457518	2.53744332664079e-05
0.39821118	0.000785133626079885	2.37691776922639e-05
0.35475865	0.000788029919582672	2.85500617362352e-05
0.31619295	0.000786281548909838	2.88667751560627e-05
0.2819173	0.000790075090507507	2.95665812584955e-05
0.25117323	0.00079189949881465	3.00979344617608e-05
0.22391155	0.000795008026348257	3.13363185893186e-05
0.19957349	0.000796656873412635	3.43854646304323e-05
0.17779917	0.000796945874948094	3.28445248629594e-05
0.15846863	0.00079848586783554	3.42718712133803e-05
0.14123619	0.000800854494919108	3.72908610417494e-05
0.12590662	0.000805711508328507	3.7686180899433e-05
0.1122199	0.000807212037135934	3.98878664159298e-05
0.10002181	0.000808327589290607	4.3120863468582e-05
