10002.226	0.00118183452191282	-0.00956348166783839
8914.9326	0.00114116616824768	-0.00856120856130117
7943.9951	0.00110428208290845	-0.00766351427400516
7081.583	0.00106703727966953	-0.00686164519342061
6307.7358	0.00103786352366734	-0.00614032894797056
5622.5879	0.00100388242447731	-0.00549600039607142
5011.603	0.000975928401761574	-0.00492202704927988
4466.4292	0.000952378205585419	-0.00440538059442302
3981.2773	0.000929626013707093	-0.00394401449585775
3548.8679	0.000906428406652975	-0.00353263798760617
3163.0398	0.000885071017168638	-0.00316464202537921
2819.0986	0.000870740857543306	-0.00283234867606969
2512.4104	0.000853031519004057	-0.00253718111723341
2239.2869	0.000837742829776937	-0.00227406810748632
1995.6381	0.000824415122421256	-0.00203538852100745
1778.2897	0.000812895020784218	-0.00182441456331943
1584.4927	0.000800576721185375	-0.0016333854122678
1412.7418	0.000786973224593931	-0.00146577519608242
1258.7905	0.000778149785686679	-0.00131608436135424
1121.7966	0.000771279785340873	-0.00117929467106203
999.68164	0.000761119929221123	-0.00105509291203562
891.42474	0.000751482973070767	-0.000949247325859134
794.23932	0.000747613395123987	-0.000852778060425737
707.96161	0.000737123102882113	-0.00076312840234744
631.00977	0.00073239338388141	-0.00068714944940151
562.33929	0.000726413956951976	-0.000614170253291858
501.12231	0.000721096418619677	-0.000549405501273552
446.57214	0.000713900122053485	-0.000491524238042355
398.08899	0.000709532209044566	-0.000440816368591535
354.88681	0.00070501557347642	-0.000391306715078811
316.31589	0.000704176706925076	-0.000348624204243492
281.8942	0.000696929610977024	-0.000312334663538708
251.20601	0.000692427345974133	-0.000275535546130807
223.92496	0.000695256740681764	-0.000244860961635929
199.55338	0.000696279209798737	-0.000215252628275034
177.78128	0.000693003133964999	-0.000188662655499633
158.52898	0.000692193308531475	-0.000165612530591321
141.21979	0.000690394420216901	-0.00014384063165681
125.92673	0.000691587824349356	-0.000122671716157887
112.19009	0.000692708724286419	-0.00010676264433195
99.968163	0.00069619665439132	-9.11333514080774e-05
89.115646	0.000697487960796975	-7.49289840459231e-05
79.415741	0.000699867530708097	-6.33048265408382e-05
70.793182	0.000701976961324066	-5.01831630151238e-05
63.082279	0.000706001845280687	-4.12583918620862e-05
56.241825	0.000710154133421267	-3.28201311919125e-05
50.112232	0.000710430065424041	-2.3016475473824e-05
44.671223	0.000715233805742301	-1.88976295743503e-05
39.808899	0.000717159220489158	-1.30724700061408e-05
35.488308	0.000720232630430403	-6.12100511348855e-06
31.629578	0.000722218360767494	-1.04369447398254e-06
28.187037	0.000726819112983517	6.7360916474482e-07
25.120602	0.000730867587047347	4.00268101248306e-06
22.385418	0.000733057522455343	5.56304249844456e-06
19.955338	0.000734626283010877	9.45297200276038e-06
17.775894	0.000739166824595055	1.12271651994627e-05
15.846864	0.000740630793486518	9.75133970296216e-06
14.127493	0.000741037540585865	1.17415601468767e-05
12.587309	0.000742955097956304	1.23760935165353e-05
11.216775	0.000745945071347784	1.41429230076011e-05
9.9968166	0.000747449171633681	1.26208101221828e-05
8.9082127	0.000750563245440092	1.63956833690634e-05
7.9395623	0.00075162552743925	1.62231180620996e-05
7.0765615	0.000752066810912572	1.87731140653867e-05
6.3105822	0.000754016568533508	1.64645233166374e-05
5.6245475	0.000757157238447878	1.71338644647057e-05
5.0112233	0.000759606959846527	1.77349285677718e-05
4.4642835	0.000760151570487133	1.5997340091709e-05
3.9819033	0.000761110083055657	1.58684109361809e-05
3.5479143	0.000762979507048397	1.69059501714682e-05
3.1629577	0.000765235228501551	1.87974686267805e-05
2.818361	0.000765225724305061	1.71076556988183e-05
2.5112481	0.000766540463985957	1.83734191287748e-05
2.2398233	0.000765751080737723	1.70650918626916e-05
1.9950197	0.000768695173173613	1.76594483800831e-05
1.7775893	0.000766622481540349	1.882225224514e-05
1.5846864	0.000771642461734236	1.87927206195599e-05
1.4122353	0.000769274939359059	1.85567661472191e-05
1.2582541	0.000771199194965051	1.91356941585059e-05
1.1224822	0.000771170429189081	1.82734900888573e-05
1.0000616	0.00077476037126493	2.11051787539729e-05
0.89082122	0.000775907875499182	2.23574462336412e-05
0.79444051	0.000777459913199115	2.20815984958839e-05
0.70784986	0.000776797140239067	2.02415069994362e-05
0.63126236	0.000781112984916434	2.30593726663962e-05
0.562536	0.000780304684573824	2.25407302675756e-05
0.50118715	0.000783175521530226	2.32809925329169e-05
0.44642836	0.000784273776282678	2.47269595328774e-05
0.39821118	0.000785511016191813	2.61909501948366e-05
0.35475865	0.000786975495893279	2.74952844176055e-05
0.31619295	0.000788696586704431	2.82488273421593e-05
0.2819173	0.000789510227176916	2.94390675636814e-05
0.25117323	0.000792349306156974	2.95899765218813e-05
0.22391155	0.000794923811807481	3.08911495991738e-05
0.19957349	0.000798093217741126	3.22443487531562e-05
0.17779917	0.000797326134356567	3.42394252064058e-05
0.15846863	0.000800587636392432	3.42254748586332e-05
0.14123619	0.000800946353053202	3.7123756149405e-05
0.12590662	0.00080417138845212	3.93037276451149e-05
0.1122199	0.000808680468354793	4.14654245498676e-05
0.10002181	0.000808657706992955	4.08884872674782e-05
