10002.226	0.0011855101031014	-0.00947373414159998
8914.9326	0.0011440965007634	-0.00848112283774215
7943.9951	0.00110402548163611	-0.00758969891883456
7081.583	0.00107143568386478	-0.00679651517494012
6307.7358	0.00103823332995474	-0.00608014429171529
5622.5879	0.00100610605043989	-0.00544421216277519
5011.603	0.000979995288104833	-0.00487704370661364
4466.4292	0.00095609527771809	-0.00436188751187726
3981.2773	0.000930984809450911	-0.00390664805118206
3548.8679	0.000907516205567132	-0.00349886010016777
3163.0398	0.000889550740400783	-0.00313331386454482
2819.0986	0.00087190984837668	-0.00280619622215577
2512.4104	0.000856271673950767	-0.00251309966485767
2239.2869	0.000839800825959839	-0.00225396530270413
1995.6381	0.000828512862066229	-0.00201801037823644
1778.2897	0.000816185206499351	-0.00180591153787227
1584.4927	0.000800578463142232	-0.00161997321201983
1412.7418	0.000791468074005208	-0.00145365781334016
1258.7905	0.000783185547866081	-0.00130275808725311
1121.7966	0.000772732318250361	-0.00116827452058606
999.68164	0.00076357499214937	-0.0010455892643143
891.42474	0.000757768999144238	-0.000942114955885268
794.23932	0.000748946701894295	-0.00084562538002684
707.96161	0.000741092574902932	-0.000756548656035878
631.00977	0.000733664427340198	-0.00067800222574303
562.33929	0.000727140229846753	-0.000607716493355185
501.12231	0.000722583221458043	-0.000545512554207913
446.57214	0.000718897260909356	-0.000485871928366231
398.08899	0.000712029482674755	-0.000434581150810418
354.88681	0.000706402206219306	-0.000388815525021525
316.31589	0.000702814539688244	-0.000347854201086514
281.8942	0.00069954414858882	-0.00030713364470371
251.20601	0.000696846122922824	-0.000274374907546628
223.92496	0.000696306618318373	-0.000242852804872948
199.55338	0.000697325015997839	-0.000213542279193109
177.78128	0.000694911407187097	-0.000183483076280098
158.52898	0.000695036057242952	-0.000164425959519872
141.21979	0.000694847735858853	-0.000141912120366302
125.92673	0.000694305485808269	-0.000123650012319056
112.19009	0.000696145739723047	-0.00010687830204749
99.968163	0.000697483962687329	-8.88166877470479e-05
89.115646	0.000700591793507712	-7.59608029522491e-05
79.415741	0.000701799502890355	-6.24885172450577e-05
70.793182	0.000702982184480056	-5.17294658756949e-05
63.082279	0.000707936684065079	-4.31115929940604e-05
56.241825	0.000712911328246631	-3.09783232583484e-05
50.112232	0.000711854741841452	-2.21393423034554e-05
44.671223	0.000715186895734507	-1.67275744031498e-05
39.808899	0.000721235859349892	-1.18427391248682e-05
35.488308	0.000722215101453907	-9.89333844663978e-06
31.629578	0.000726381515573615	-6.92721235190318e-07
28.187037	0.00072852236720889	-1.12133564506678e-06
25.120602	0.000731082989544849	6.19459626144767e-06
22.385418	0.000732784026964948	6.76963685294725e-06
19.955338	0.000736880321253429	8.77035808220432e-06
17.775894	0.000740353776666116	8.6073123174966e-06
15.846864	0.000742456118788464	8.07390179723448e-06
14.127493	0.000746140554704374	1.33839393424396e-05
12.587309	0.000745899859289369	1.32188482012328e-05
11.216775	0.000746616069750685	1.48657959818866e-05
9.9968166	0.000749938225432656	1.42116580157943e-05
8.9082127	0.000750501032114671	1.44460830133679e-05
7.9395623	0.000756173687178536	1.66156655027608e-05
7.0765615	0.000755379715235013	1.70705927222143e-05
6.3105822	0.000757225752499292	1.73904509189552e-05
5.6245475	0.00075855828780703	1.48690074093503e-05
5.0112233	0.000763540403090394	1.77643845986257e-05
4.4642835	0.000762023855591809	1.57599767415446e-05
3.9819033	0.000762756251517508	1.6608272017648e-05
3.5479143	0.000764741780947088	1.77666686367958e-05
3.1629577	0.000767209043296909	1.7417786095671e-05
2.818361	0.000767602210925718	1.80757017356533e-05
2.5112481	0.000768019387518834	1.59967581396952e-05
2.2398233	0.000767214849366852	1.52440082145311e-05
1.9950197	0.000768352754463917	1.74195132820508e-05
1.7775893	0.000771858010205337	1.83425044520967e-05
1.5846864	0.000772108521992225	2.00455423904266e-05
1.4122353	0.000771212711680922	1.84722639176486e-05
1.2582541	0.000775064592855249	1.85338908816123e-05
1.1224822	0.000777117048581964	1.94746406094829e-05
1.0000616	0.000776537682104868	2.03200201324561e-05
0.89082122	0.000777926223953742	2.1803955248426e-05
0.79444051	0.000779010422580827	1.88536017892695e-05
0.70784986	0.000779648134227201	2.13766964201936e-05
0.63126236	0.000781105199737443	2.09361395911971e-05
0.562536	0.000783920572926396	2.23034540840259e-05
0.50118715	0.000783030754391036	2.23468815849942e-05
0.44642836	0.000785650187500105	2.45535499454901e-05
0.39821118	0.000789394982780273	2.50208300138586e-05
0.35475865	0.000788659785188805	2.41934661613614e-05
0.31619295	0.000791240444614317	2.61486508660967e-05
0.2819173	0.000792510254530059	2.77285584628411e-05
0.25117323	0.000796522930426315	3.00384510528842e-05
0.22391155	0.000796620695479013	2.93112431679888e-05
0.19957349	0.000798755494799847	2.98665100255668e-05
0.17779917	0.000798344065157985	3.40437233398603e-05
0.15846863	0.000801242903027893	3.63427299514076e-05
0.14123619	0.000804670845734088	3.70184904325441e-05
0.12590662	0.000805639333499525	3.87936300435259e-05
0.1122199	0.00080755984246185	4.00082042544959e-05
0.10002181	0.000809092007688838	4.20772860072667e-05
