10002.226	0.0011843978333461	-0.00947498184482013
8914.9326	0.00114309457335779	-0.00848099311383503
7943.9951	0.00110556759779258	-0.00759129215441868
7081.583	0.00107261579139176	-0.00679540386828818
6307.7358	0.00103887407861991	-0.00608131446849948
5622.5879	0.00100732740770356	-0.00544313149922913
5011.603	0.000979094215672	-0.00487328411952473
4466.4292	0.000953736266212194	-0.00436537173985576
3981.2773	0.000930039928296856	-0.00390710660360389
3548.8679	0.000907016095377999	-0.00349905551094662
3163.0398	0.000889160795877342	-0.0031329604745
2819.0986	0.000872042873571029	-0.00280593777952415
2512.4104	0.000856420729784992	-0.00251215667438352
2239.2869	0.000840261510131607	-0.00225310304976346
1995.6381	0.000828329851531556	-0.00201715220508673
1778.2897	0.000815202400900742	-0.00180796901850981
1584.4927	0.00080299915359494	-0.00161944292850214
1412.7418	0.000791206746952865	-0.00145245331251695
1258.7905	0.000780741988233434	-0.00130293272965431
1121.7966	0.00077307724606417	-0.00116884021129771
999.68164	0.000763598264706334	-0.00104748478736777
891.42474	0.000752331095482164	-0.00094075468851667
794.23932	0.000746406877344439	-0.0008449115387959
707.96161	0.000740981251359115	-0.000755306473308775
631.00977	0.000734235934444347	-0.000679990676197771
562.33929	0.000728854875748998	-0.000603684792650794
501.12231	0.000721711908155761	-0.000545234751315251
446.57214	0.000717706149737628	-0.000486519403024609
398.08899	0.000711774294753691	-0.000435915527291576
354.88681	0.000707124300386406	-0.000386587850533175
316.31589	0.00070376392637461	-0.000344507820583616
281.8942	0.000700699089552215	-0.000307416566090485
251.20601	0.000697388057051725	-0.000271508057484838
223.92496	0.000697626393375196	-0.000242337970770542
199.55338	0.000695008018467209	-0.000214233548866517
177.78128	0.00069441990589482	-0.000185437060167897
158.52898	0.000694266756535417	-0.000161314803484003
141.21979	0.000693215692362539	-0.000140487352102425
125.92673	0.00069407398080796	-0.000122786212038415
112.19009	0.000695350950472406	-0.000105872541239553
99.968163	0.00069837826344617	-8.91599426544573e-05
89.115646	0.000700641813431074	-7.65026038021729e-05
79.415741	0.000702680904582856	-6.40122368966514e-05
70.793182	0.00070438000158838	-5.08331292750674e-05
63.082279	0.000707492951387648	-4.18244031113357e-05
56.241825	0.000712868890363418	-3.1863452525692e-05
50.112232	0.00071325332461572	-2.33340401365858e-05
44.671223	0.000716635504563966	-1.75855548381772e-05
39.808899	0.000720107659081174	-1.36287017488365e-05
35.488308	0.000724504905125837	-7.59424794708769e-06
31.629578	0.000724432746387969	-2.29284408597561e-06
28.187037	0.000728731780526927	6.4192200385252e-07
25.120602	0.000730226034714662	2.90162499228507e-06
22.385418	0.000735305500907593	7.36289756890899e-06
19.955338	0.000737439990144363	9.24182719202678e-06
17.775894	0.000741024219990255	9.95577350316994e-06
15.846864	0.000741416513778467	1.11013526703104e-05
14.127493	0.000746419169755294	1.29020480280961e-05
12.587309	0.000746394475899429	1.52291741777063e-05
11.216775	0.000748392963797482	1.31563332168693e-05
9.9968166	0.000752668411325027	1.37782003678203e-05
8.9082127	0.000753108098494758	1.4565597558445e-05
7.9395623	0.000753108674799606	1.48057800734086e-05
7.0765615	0.00075418508959398	1.69921023814331e-05
6.3105822	0.000756147238491193	1.68667204086958e-05
5.6245475	0.000759796886579189	1.76299820642942e-05
5.0112233	0.000761365908311062	1.73420892307191e-05
4.4642835	0.000763025280300811	1.58698730084412e-05
3.9819033	0.000764289791667158	1.6455436847556e-05
3.5479143	0.00076204657376617	1.7462277457321e-05
3.1629577	0.000767349394044395	1.63589408323825e-05
2.818361	0.000767003140298291	1.61508417025621e-05
2.5112481	0.000769215686409917	1.51791440349291e-05
2.2398233	0.000768252688498097	1.63422476562468e-05
1.9950197	0.000768860093147196	1.83071867642061e-05
1.7775893	0.000771683391826662	1.78949917492123e-05
1.5846864	0.000772434635853359	1.88945507603743e-05
1.4122353	0.000773565610032947	1.85959425265587e-05
1.2582541	0.000772399758971676	1.97243701509121e-05
1.1224822	0.000775430727282776	1.93125505737888e-05
1.0000616	0.000776822433412589	2.01771282955684e-05
0.89082122	0.00077806739758656	2.1848345731495e-05
0.79444051	0.000778536643984456	2.06982127555815e-05
0.70784986	0.000781165251368241	2.10565186464524e-05
0.63126236	0.000782499707727287	2.0442103734231e-05
0.562536	0.000783902342717779	2.18918297995851e-05
0.50118715	0.000786186966689981	2.30268042373846e-05
0.44642836	0.0007856407411249	2.24745488412819e-05
0.39821118	0.000786903541562327	2.66796157558369e-05
0.35475865	0.000789265578519769	2.57073311688305e-05
0.31619295	0.000791968343151806	2.72133105434894e-05
0.2819173	0.000791949562879781	2.98123985847327e-05
0.25117323	0.000795356682376405	2.94516551493158e-05
0.22391155	0.000796444587765507	3.11934670111386e-05
0.19957349	0.000797286404551705	3.08813848710851e-05
0.17779917	0.000798522369962372	3.34285121760886e-05
0.15846863	0.000803676621898568	3.49258379450161e-05
0.14123619	0.000804123527748922	3.75315711787457e-05
0.12590662	0.000806551440877139	3.92369216132812e-05
0.1122199	0.000809061939042386	4.1736738449163e-05
0.10002181	0.000812286566975208	4.31248821946088e-05
