10002.226	0.00118343985516951	-0.00947371509766329
8914.9326	0.0011452232046708	-0.00848127769300188
7943.9951	0.00110448128985762	-0.00759162437689332
7081.583	0.00107178700979237	-0.00679683011862592
6307.7358	0.00103938933104001	-0.00608009758575302
5622.5879	0.00100625416292521	-0.00544357113816286
5011.603	0.000977555888029565	-0.00487533778956285
4466.4292	0.000954076796266867	-0.00436343608023726
3981.2773	0.000931515753728378	-0.00390809288798603
3548.8679	0.000908071771255544	-0.00349867941198728
3163.0398	0.00088804428739477	-0.00313621717383438
2819.0986	0.000871725414667209	-0.00280612827720983
2512.4104	0.000856386438387221	-0.00251475760643129
2239.2869	0.000841078972066415	-0.0022538672455916
1995.6381	0.000827520937002744	-0.00201888615346967
1778.2897	0.000814597758509185	-0.00180844540772406
1584.4927	0.000802182879210418	-0.00161845260143024
1412.7418	0.000791166421746386	-0.00145215962196469
1258.7905	0.000782440983724619	-0.00130193613976642
1121.7966	0.000774064522124801	-0.00116935849061933
999.68164	0.000763990642865001	-0.00104665806002584
891.42474	0.000755154429253493	-0.000941233628604808
794.23932	0.000746878676265861	-0.000844976563634342
707.96161	0.000741206006327142	-0.000758675595266532
631.00977	0.000733725225881836	-0.000679728460520648
562.33929	0.000727871876383343	-0.000606083429901998
501.12231	0.000723034892062928	-0.000544928946868402
446.57214	0.000717946386060953	-0.000486340360237885
398.08899	0.000713275648371751	-0.000437115431217044
354.88681	0.000707224463436636	-0.000389260405847844
316.31589	0.000703593849450672	-0.000345303733416542
281.8942	0.000701502160771253	-0.000309417728016008
251.20601	0.000696213317506484	-0.000272781552142227
223.92496	0.000696589654495154	-0.000241031292356493
199.55338	0.000694889596407337	-0.000213049995823574
177.78128	0.000694323628439887	-0.000184043699312479
158.52898	0.000693422594979222	-0.000163433617487463
141.21979	0.00069425230114135	-0.000140039151435785
125.92673	0.00069420176059901	-0.000120858532419192
112.19009	0.000698542680671934	-0.000106676737013798
99.968163	0.000698416159246601	-8.90980093129877e-05
89.115646	0.000698563304967026	-7.51963746168799e-05
79.415741	0.000702119305256517	-6.18246995734567e-05
70.793182	0.000706276722889291	-5.14323785286162e-05
63.082279	0.000706845109604853	-4.17406971524508e-05
56.241825	0.000712745234598035	-3.20845970297308e-05
50.112232	0.000715527682339234	-2.32312414944967e-05
44.671223	0.000716328618029214	-1.58823387529122e-05
39.808899	0.000719538967996981	-1.27884366628582e-05
35.488308	0.000723222158406945	-8.55253135165865e-06
31.629578	0.000726248914751075	-2.55383833254022e-06
28.187037	0.000727907060900514	3.33822498496035e-07
25.120602	0.000732086174627971	3.11457238296835e-06
22.385418	0.000736542708774746	8.39007721853778e-06
19.955338	0.000737582721523256	9.52572850399425e-06
17.775894	0.000737966901726557	1.25278875478196e-05
15.846864	0.000741070485555709	1.05839221110924e-05
14.127493	0.000743712226166959	1.33825500281784e-05
12.587309	0.000748784754734475	1.12880134030965e-05
11.216775	0.000748757825644438	1.50033710088289e-05
9.9968166	0.000750032076359959	1.38364230329763e-05
8.9082127	0.000752534088122662	1.54591808171127e-05
7.9395623	0.000751658664083497	1.67998933200052e-05
7.0765615	0.000755821419494906	1.82298931657986e-05
6.3105822	0.000758254262454505	1.80108995084451e-05
5.6245475	0.000760342326031589	1.47203029325596e-05
5.0112233	0.000760328622243658	1.82217265535402e-05
4.4642835	0.000764081419199736	1.48207865687085e-05
3.9819033	0.000762826903780736	1.79800796172387e-05
3.5479143	0.000765280389999877	1.87249826824847e-05
3.1629577	0.000765561680434331	1.70897360377578e-05
2.818361	0.000766336459358785	1.72555155513559e-05
2.5112481	0.000767467753088554	1.66932365569002e-05
2.2398233	0.000767693357382283	1.53506535458583e-05
1.9950197	0.000769435754103689	1.64219748932813e-05
1.7775893	0.000772657605792912	1.65831595896807e-05
1.5846864	0.00077095663655517	1.77892667001991e-05
1.4122353	0.000774149063031619	1.69168100906039e-05
1.2582541	0.000774107086170174	1.70462536415819e-05
1.1224822	0.000775902206659356	1.93181990641472e-05
1.0000616	0.000779371431863736	2.06893256317566e-05
0.89082122	0.000778149528617912	2.01694162114957e-05
0.79444051	0.000780081692272115	2.18623778450943e-05
0.70784986	0.000781579971048862	1.99486875910747e-05
0.63126236	0.00078181801901669	2.27554669693726e-05
0.562536	0.000782312378358705	2.21438136844083e-05
0.50118715	0.000784874866589704	2.27778594169439e-05
0.44642836	0.000788539523175771	2.46355874638503e-05
0.39821118	0.000788328247334675	2.5462540989721e-05
0.35475865	0.000789000924525954	2.59374712289523e-05
0.31619295	0.000790582737894784	2.89203519017139e-05
0.2819173	0.000793218248250201	2.65014762028137e-05
0.25117323	0.000795494195159329	2.88312418830882e-05
0.22391155	0.000795081388240408	3.05615626962769e-05
0.19957349	0.000797372828643131	3.25105815027192e-05
0.17779917	0.000799422853678536	3.43421211332845e-05
0.15846863	0.000801360071632311	3.48513950906484e-05
0.14123619	0.000804303809345727	3.89544569938697e-05
0.12590662	0.000805778798731873	3.73526445582666e-05
0.1122199	0.000808664264570584	4.04742540090593e-05
0.10002181	0.000810815823077082	4.19762625269909e-05
