10002.226	0.0011832114205896	-0.00947265967675782
8914.9326	0.00114207676001416	-0.00848045904482983
7943.9951	0.0011052482434243	-0.00759088267576664
7081.583	0.00107021360892896	-0.0067958593238614
6307.7358	0.00103825873468261	-0.00608163363036462
5622.5879	0.00100783105485619	-0.00544467530229829
5011.603	0.00097680602297365	-0.00487345450538624
4466.4292	0.000954201358567455	-0.00436522264396797
3981.2773	0.000929813425213259	-0.00390803611466423
3548.8679	0.000907190463916968	-0.00349961625755181
3163.0398	0.000891411689223404	-0.00313546588368019
2819.0986	0.000871751004859595	-0.00280670890854382
2512.4104	0.000854958029899733	-0.00251384686227754
2239.2869	0.000840450495080421	-0.00225282618448348
1995.6381	0.000827628802610639	-0.00201738600624236
1778.2897	0.000814296270964382	-0.00180829178445116
1584.4927	0.000802301609550537	-0.00162017707276208
1412.7418	0.00078909480171242	-0.00145178717781472
1258.7905	0.000780705058284691	-0.00130262092369105
1121.7966	0.000773133872194917	-0.00117054098319331
999.68164	0.000763292455985765	-0.00104460786821088
891.42474	0.000755635376809752	-0.000940861351738313
794.23932	0.000750456319612461	-0.000842036745512599
707.96161	0.000740412122050987	-0.000756871305196921
631.00977	0.000733174265462516	-0.000681722651719649
562.33929	0.000728649388991881	-0.000608561927377496
501.12231	0.000722769939655739	-0.00054610861087492
446.57214	0.000716708919217908	-0.000487292675488406
398.08899	0.000711735866940838	-0.00043746191189551
354.88681	0.000706971138309516	-0.000389104854396933
316.31589	0.000705068783931034	-0.000345651820350748
281.8942	0.000702173326921479	-0.000308724997433162
251.20601	0.000697838449569097	-0.000273346721608103
223.92496	0.000696526737724494	-0.00024014763598361
199.55338	0.000695788118735904	-0.000213468829241265
177.78128	0.000693574075226155	-0.000185536481803705
158.52898	0.000693002873403795	-0.000160770560436573
141.21979	0.000695052093080651	-0.000142356556330643
125.92673	0.000696480786572987	-0.000122149222601257
112.19009	0.000696527287086156	-0.000105507105763866
99.968163	0.00069793802788747	-8.9273856710313e-05
89.115646	0.000701779203744379	-7.50341497586934e-05
79.415741	0.00070179321408041	-6.24322119368665e-05
70.793182	0.000704330077980771	-4.9801139081858e-05
63.082279	0.00070600331512315	-4.01777378532728e-05
56.241825	0.000711923945892804	-3.31707709677124e-05
50.112232	0.00071151872554528	-2.17852421042214e-05
44.671223	0.000716191435129825	-1.79138106443466e-05
39.808899	0.000719856465116432	-1.25327526994371e-05
35.488308	0.000723007852301377	-7.10538607007587e-06
31.629578	0.00072531229191393	-2.84171584981365e-06
28.187037	0.00072834812746286	7.38121548351872e-07
25.120602	0.000732234992021662	4.28749884379661e-06
22.385418	0.000735089008924542	5.15004029794777e-06
19.955338	0.000739245829433379	8.6461296342214e-06
17.775894	0.000738909968124506	1.16094229467397e-05
15.846864	0.000742945488365833	9.64996575728357e-06
14.127493	0.000745427295131597	1.27396926656091e-05
12.587309	0.000744818212467785	1.28505583679127e-05
11.216775	0.000747582366240555	1.41656551803305e-05
9.9968166	0.000750666149098379	1.39663979007215e-05
8.9082127	0.000753979869735974	1.68539980633948e-05
7.9395623	0.000751831432287812	1.49814530305583e-05
7.0765615	0.000755210785858231	1.55428449755163e-05
6.3105822	0.000757990379936745	1.57026942642562e-05
5.6245475	0.000759807833904562	1.31598432426102e-05
5.0112233	0.000760304557989322	1.66825505133711e-05
4.4642835	0.000763459708583153	1.71930972059025e-05
3.9819033	0.000762689528155593	1.7492562987217e-05
3.5479143	0.000762703137444527	1.73228179244024e-05
3.1629577	0.000766282414531487	1.78339378481144e-05
2.818361	0.000767258620336766	1.78507218494313e-05
2.5112481	0.000767539815836156	1.65734293697588e-05
2.2398233	0.00076952490608299	1.74402420382565e-05
1.9950197	0.000769649458438684	1.7988331321498e-05
1.7775893	0.000769429103505242	1.64364540833796e-05
1.5846864	0.000771899644450521	1.78688114583742e-05
1.4122353	0.000771338749861962	1.83619438320229e-05
1.2582541	0.000774270504666051	1.95451543002859e-05
1.1224822	0.000776964310126674	2.02013160642172e-05
1.0000616	0.000777413881781669	1.73232296239196e-05
0.89082122	0.000778159120259246	1.98450851650687e-05
0.79444051	0.000778170494780286	2.02090708983203e-05
0.70784986	0.000780454784067228	2.09906645071469e-05
0.63126236	0.000783612622905685	2.14752196284134e-05
0.562536	0.000783288101527129	2.20519566459085e-05
0.50118715	0.000784607043466626	2.3066072180534e-05
0.44642836	0.000786155468149552	2.50541941681292e-05
0.39821118	0.000787330741930908	2.57957499582409e-05
0.35475865	0.000789379405100586	2.76981833962598e-05
0.31619295	0.000791365530751797	2.88851364941067e-05
0.2819173	0.000791386580018268	2.79683741024054e-05
0.25117323	0.000793764241718074	3.03664693149046e-05
0.22391155	0.000795653541098274	3.28086811327169e-05
0.19957349	0.00079614504109045	3.20320742042182e-05
0.17779917	0.000799405229493737	3.32949730749411e-05
0.15846863	0.000801058730521465	3.44936297964589e-05
0.14123619	0.000803896211375196	3.62107931173194e-05
0.12590662	0.000806472149950133	3.6644168189033e-05
0.1122199	0.000809077780200824	4.04255937674304e-05
0.10002181	0.000811446809658426	3.8862850347488e-05
