10002.226	0.00118498187157483	-0.00947338746346478
8914.9326	0.00114414661022192	-0.00848058009114678
7943.9951	0.00110546570595123	-0.00759127583683304
7081.583	0.00106962396040787	-0.00679572648229769
6307.7358	0.00103931176457584	-0.00607927329691332
5622.5879	0.00100838213574962	-0.00544455933625891
5011.603	0.000978964083391428	-0.00487484612447259
4466.4292	0.000955218298763273	-0.00436510252118949
3981.2773	0.000929734202475106	-0.00390778719165421
3548.8679	0.000907269628995094	-0.0034991625326557
3163.0398	0.000889142797373119	-0.00313498360595173
2819.0986	0.000871804894695853	-0.00280577961873293
2512.4104	0.000856745756218298	-0.00251106782864091
2239.2869	0.000839712377903456	-0.00225134388874741
1995.6381	0.000826013803585528	-0.00201716046594361
1778.2897	0.000816027059041158	-0.00180620772705089
1584.4927	0.000801779839299755	-0.00161890636180196
1412.7418	0.000789219687372269	-0.00145111357113056
1258.7905	0.000782853441332527	-0.00130119033347809
1121.7966	0.000772860576979917	-0.00116930594443392
999.68164	0.000764844956747417	-0.00104374787707733
891.42474	0.000754757565529628	-0.000940462966859693
794.23932	0.000749513258686742	-0.000844679232040328
707.96161	0.000740584460087353	-0.000755666530900732
631.00977	0.000732387950643853	-0.000680234968972482
562.33929	0.000729562588286684	-0.00060683427684721
501.12231	0.000722753698388555	-0.000544286862644133
446.57214	0.000717072339554253	-0.000487007492636998
398.08899	0.00071027056451406	-0.000434827993271464
354.88681	0.000706591196262979	-0.000388782956824785
316.31589	0.000705409520466818	-0.000343672418405873
281.8942	0.00069982396198786	-0.000307865770467403
251.20601	0.000696509677307849	-0.000272199624314279
223.92496	0.000697149663199116	-0.00024043426425694
199.55338	0.000696191746672781	-0.000214843992774738
177.78128	0.000695004562905319	-0.000185227450100246
158.52898	0.000695012215605778	-0.000162202301991579
141.21979	0.000693991324246264	-0.000141953536439666
125.92673	0.000693432096636387	-0.000122033744522016
112.19009	0.000697361249242204	-0.00010745156748925
99.968163	0.000697379928837717	-8.82071515991573e-05
89.115646	0.000699410455750412	-7.53999036168037e-05
79.415741	0.000702882946129052	-6.24406153671454e-05
70.793182	0.000704792040043403	-5.02860067477053e-05
63.082279	0.000706755128598385	-4.12246786601193e-05
56.241825	0.000711260924647845	-3.0633902882814e-05
50.112232	0.000712819939902026	-2.34367075694094e-05
44.671223	0.000716220259634153	-1.87918699178132e-05
39.808899	0.000719544432137032	-1.30192373368164e-05
35.488308	0.000723263988518489	-7.8719168907224e-06
31.629578	0.000725315292543431	-3.06843994490662e-06
28.187037	0.000727003639542541	-1.3794894007729e-06
25.120602	0.000731714236160596	4.99569504827653e-06
22.385418	0.000735809840520504	5.43632863880714e-06
19.955338	0.000737594765461427	9.84459311873804e-06
17.775894	0.000741630037594893	1.20423033969731e-05
15.846864	0.000742863939178684	1.09217285891834e-05
14.127493	0.000745234243326907	1.28920278449869e-05
12.587309	0.000746950436142966	1.18925189958239e-05
11.216775	0.000747786482078117	1.44993117793203e-05
9.9968166	0.000751774736547155	1.35639805082359e-05
8.9082127	0.000754233618158295	1.5558428191473e-05
7.9395623	0.0007527829863272	1.52104263626321e-05
7.0765615	0.000756832275207558	1.73043600084651e-05
6.3105822	0.00075803586452448	1.66324497339759e-05
5.6245475	0.000758615307913376	1.78347191666007e-05
5.0112233	0.000759901341061284	1.70211354496194e-05
4.4642835	0.000762629296470414	1.62688414654172e-05
3.9819033	0.000762930912860516	1.53329358795776e-05
3.5479143	0.000763721019976491	1.87831798989751e-05
3.1629577	0.000767585454890744	1.63125664750288e-05
2.818361	0.000767215958647617	1.63125154365892e-05
2.5112481	0.000766345283438009	1.59318948157379e-05
2.2398233	0.000766736243067434	1.87284001435198e-05
1.9950197	0.000769129794120064	1.72730200357122e-05
1.7775893	0.000770298475752966	1.64863638959239e-05
1.5846864	0.000773765218333132	1.84618863923252e-05
1.4122353	0.000774212294605801	1.90003083832946e-05
1.2582541	0.00077470974246934	1.97566247829871e-05
1.1224822	0.000776309125529261	1.86386146935183e-05
1.0000616	0.000776652228561784	1.93000256063821e-05
0.89082122	0.000777351277035904	2.22151139928799e-05
0.79444051	0.000779467906195136	2.14920903429589e-05
0.70784986	0.000780945193196908	2.20529841405051e-05
0.63126236	0.000782910581814396	2.14174413151194e-05
0.562536	0.000784824002815073	2.22740102351004e-05
0.50118715	0.000785821180724021	2.37772683759491e-05
0.44642836	0.000786919093582672	2.35642806746582e-05
0.39821118	0.000788174806914695	2.45754778409615e-05
0.35475865	0.00078964599649935	2.59396880658028e-05
0.31619295	0.000788790853101911	2.9014859770426e-05
0.2819173	0.000792772005058779	2.80073861928133e-05
0.25117323	0.000793296465324511	3.00892008616717e-05
0.22391155	0.000796227567142539	3.130496229924e-05
0.19957349	0.000796422297067593	3.24459229665708e-05
0.17779917	0.000798503936354008	3.34471790659302e-05
0.15846863	0.000799853695571486	3.53120868132207e-05
0.14123619	0.000803961646277585	3.71965468884526e-05
0.12590662	0.000807412028675133	3.68820679176699e-05
0.1122199	0.000808976867173454	3.98910249158719e-05
0.10002181	0.000810089333481468	4.47164063599748e-05
