10002.226	0.00118446777985541	-0.00947335345881465
8914.9326	0.00114473693202463	-0.00847916092001928
7943.9951	0.00110551496066686	-0.00758957906652418
7081.583	0.00107290563548877	-0.00679554254626807
6307.7358	0.00103904534704134	-0.00608039255416475
5622.5879	0.00100783774882136	-0.0054434910751217
5011.603	0.000978780485970217	-0.00487581036635591
4466.4292	0.000955112081760514	-0.00436480134995434
3981.2773	0.000931620452465146	-0.00390687427851216
3548.8679	0.000907383963550678	-0.00350008586058525
3163.0398	0.000888949370081912	-0.00313519377443343
2819.0986	0.000871220495554311	-0.00280695761079992
2512.4104	0.000856319909223063	-0.00251395654521053
2239.2869	0.00083934757005058	-0.00225199602642638
1995.6381	0.000828341765228029	-0.00201618590927601
1778.2897	0.000815414621902996	-0.00180859912430506
1584.4927	0.000802446743651738	-0.00161888910646171
1412.7418	0.000789298147954944	-0.00145201034771494
1258.7905	0.000783300635241247	-0.00130225067381345
1121.7966	0.000772277216495841	-0.00116708529543066
999.68164	0.000762830603334901	-0.00104691195820385
891.42474	0.000755275972815988	-0.000940062979018196
794.23932	0.000748740019670497	-0.000843380678749237
707.96161	0.000743535908603154	-0.000755472067567057
631.00977	0.00073490196607134	-0.000680246625886678
562.33929	0.000726944341497814	-0.000607951598328471
501.12231	0.000722788889775992	-0.000544083100498353
446.57214	0.000717175826163723	-0.000486934688465594
398.08899	0.000711505417315322	-0.000437266095714411
354.88681	0.000708197697301946	-0.000388017064681547
316.31589	0.000704861175937906	-0.000344340986496927
281.8942	0.000701427776643781	-0.000309433497209694
251.20601	0.000696630865353032	-0.000272032028606536
223.92496	0.000695838278726923	-0.000240585747354285
199.55338	0.000695798904581777	-0.000212523581901606
177.78128	0.000693597227142141	-0.000186062735917688
158.52898	0.000695703475379508	-0.000162074648148171
141.21979	0.000694148507656837	-0.000142447482721895
125.92673	0.000692594665629195	-0.000121662160369577
112.19009	0.000697016085124543	-0.000106517472720984
99.968163	0.000698827528395132	-8.87446209388838e-05
89.115646	0.00070077589647287	-7.47297379956869e-05
79.415741	0.000702515103994664	-6.34610815492443e-05
70.793182	0.000704392836553935	-5.04725831053898e-05
63.082279	0.000706565520141899	-3.81910285767801e-05
56.241825	0.00071100017011238	-3.07173723879143e-05
50.112232	0.000713034858109096	-2.43993926376634e-05
44.671223	0.000715625164528038	-1.73602313161015e-05
39.808899	0.000718502662850387	-1.43580138598758e-05
35.488308	0.000723417782216975	-7.29753810113971e-06
31.629578	0.000726918378505632	-5.22432209534291e-07
28.187037	0.00072881343212558	6.63727250572851e-07
25.120602	0.000731737489138758	4.05028796670434e-06
22.385418	0.000732545032906767	5.86012168230927e-06
19.955338	0.00073615342469207	9.24482416588254e-06
17.775894	0.000740563851612062	1.10031171508296e-05
15.846864	0.000741498453584431	1.17829011253421e-05
14.127493	0.00074658425625107	1.21815537073648e-05
12.587309	0.000746078204577915	1.31547978120568e-05
11.216775	0.000747618898477614	1.41024033225548e-05
9.9968166	0.000750616813212269	1.4603127208589e-05
8.9082127	0.000753004469314548	1.52500400425673e-05
7.9395623	0.000753789157360515	1.6059521584317e-05
7.0765615	0.000755508043514875	1.52800402796136e-05
6.3105822	0.000756579699885129	1.60778307535138e-05
5.6245475	0.000760311889835792	1.76445421756843e-05
5.0112233	0.00076032753444085	1.66719602854253e-05
4.4642835	0.000761277939206269	1.68321469383317e-05
3.9819033	0.000763598492350558	1.85069779140389e-05
3.5479143	0.000763688131077006	1.55997537420511e-05
3.1629577	0.00076665958678916	1.7558718718479e-05
2.818361	0.000767248074891387	1.67074673528819e-05
2.5112481	0.000767241455085391	1.6681168506722e-05
2.2398233	0.000767299892622223	1.7333267102574e-05
1.9950197	0.000771284529521144	1.71986180238178e-05
1.7775893	0.000769919369078863	1.85142038834263e-05
1.5846864	0.000772321313257388	1.77596467699306e-05
1.4122353	0.000771352752994825	1.93055220142833e-05
1.2582541	0.000774598871692281	1.70447495663487e-05
1.1224822	0.000774985417414522	1.82214010190511e-05
1.0000616	0.000777306698311708	1.86937722855026e-05
0.89082122	0.000777346086091726	1.93039207511758e-05
0.79444051	0.000778221954920497	2.03408402275372e-05
0.70784986	0.00078018584330192	2.27211579047355e-05
0.63126236	0.000780564987830559	2.21744013633694e-05
0.562536	0.0007838101905231	2.2753261556426e-05
0.50118715	0.000784489799954006	2.28345135859676e-05
0.44642836	0.000788183019109295	2.34774430339981e-05
0.39821118	0.000786707239022718	2.48529368133845e-05
0.35475865	0.000789069219722216	2.62799168829968e-05
0.31619295	0.000792215982843229	2.69976836703602e-05
0.2819173	0.00079220682695148	3.04169402498177e-05
0.25117323	0.000795038310447871	3.0633336589997e-05
0.22391155	0.000797528522135879	3.0513532725105e-05
0.19957349	0.00079611604299493	3.03679363339706e-05
0.17779917	0.000799331067922275	3.31140992662268e-05
0.15846863	0.000801463250782343	3.4573483145407e-05
0.14123619	0.000800794679803979	3.86968135942859e-05
0.12590662	0.000805883944002566	3.9004732042687e-05
0.1122199	0.00080895459396449	4.04772329407148e-05
0.10002181	0.000810828616305358	4.20020531099062e-05
