10002.226	0.00118390955375402	-0.00947356726158527
8914.9326	0.00114442893133526	-0.00848139955979475
7943.9951	0.00110517752764839	-0.00758965002388216
7081.583	0.0010712739053698	-0.00679544743723945
6307.7358	0.00103942530698198	-0.00607946686461692
5622.5879	0.00100697241992532	-0.00544787166539868
5011.603	0.000979465358349441	-0.00487585387063387
4466.4292	0.000955767192972276	-0.004363396868948
3981.2773	0.000929958058888642	-0.00390824148412685
3548.8679	0.000907520006998089	-0.00350013721873268
3163.0398	0.000889055513497304	-0.00313354362329938
2819.0986	0.000869915628566811	-0.00280508268101723
2512.4104	0.000856077796752032	-0.00251403078797726
2239.2869	0.000839035702472006	-0.00225343143637141
1995.6381	0.000827012944573086	-0.0020159144614752
1778.2897	0.000815103842505774	-0.00180827410736903
1584.4927	0.000802206830893078	-0.00161860483750182
1412.7418	0.000791388668952802	-0.00145130459307776
1258.7905	0.000781970223583763	-0.00130144476525577
1121.7966	0.000773780491591241	-0.00116945862463507
999.68164	0.000764268192453265	-0.001046438131046
891.42474	0.000755001142748335	-0.000939156839816849
794.23932	0.000748578860100347	-0.000845980038341206
707.96161	0.000741392177542998	-0.000756239615953192
631.00977	0.00073393151334339	-0.000678479826054239
562.33929	0.000727069706263006	-0.000606958606576053
501.12231	0.000721470036751911	-0.000545546678485927
446.57214	0.0007161826156014	-0.000488359371637344
398.08899	0.00071318902780159	-0.000437446175986247
354.88681	0.000707964055565909	-0.000388889834726888
316.31589	0.000705553570043067	-0.000345970652364585
281.8942	0.000702201517598306	-0.000307865357853805
251.20601	0.000696821891896169	-0.000273818870333235
223.92496	0.000696097570791503	-0.000240212978258234
199.55338	0.000694788102751048	-0.000214902707016225
177.78128	0.000693173078265577	-0.000185772632822295
158.52898	0.000694693158227185	-0.000163793114621649
141.21979	0.000694443846113937	-0.000141256440047512
125.92673	0.000694232965653883	-0.000122818038175493
112.19009	0.000698098784700998	-0.000105851059925267
99.968163	0.000695927316471641	-8.77797553337811e-05
89.115646	0.000699998736897875	-7.7139754662801e-05
79.415741	0.000701356062771497	-6.28438979542484e-05
70.793182	0.000704164792838166	-5.19256360944886e-05
63.082279	0.000706836451824405	-4.19743128554665e-05
56.241825	0.000710779317913691	-3.26038250759058e-05
50.112232	0.000714373009966887	-2.26702195026561e-05
44.671223	0.000716462142399613	-1.82500273246632e-05
39.808899	0.00071957963221049	-1.37731180887897e-05
35.488308	0.000722003574753091	-7.44964395626367e-06
31.629578	0.000724629916452233	-2.20859375730101e-06
28.187037	0.000728162723606488	-6.64528989609775e-07
25.120602	0.000729410363225301	1.83306695565953e-06
22.385418	0.000733739437140283	6.28298200289364e-06
19.955338	0.000737249146923372	8.83735527490558e-06
17.775894	0.000738961828224211	1.10909814375752e-05
15.846864	0.000742096421216285	8.67492102704523e-06
14.127493	0.000746017268591336	1.30222669397909e-05
12.587309	0.000746634558851418	1.16588461847e-05
11.216775	0.000749064291585057	1.35284753865315e-05
9.9968166	0.000749330049196552	1.44298213321192e-05
8.9082127	0.000751905532688189	1.42900733824913e-05
7.9395623	0.000754222032757322	1.36541695759494e-05
7.0765615	0.000755132618416672	1.7594712510065e-05
6.3105822	0.000757034386503586	1.64236027821711e-05
5.6245475	0.000759155458698298	1.47674990183493e-05
5.0112233	0.000760604691596309	1.57805519858762e-05
4.4642835	0.000763442397522502	1.42790819823428e-05
3.9819033	0.000763978769537363	1.6733263016604e-05
3.5479143	0.000764661546083643	1.65643364777858e-05
3.1629577	0.000765348569236496	1.71857366296463e-05
2.818361	0.000767749842958458	1.8588663430896e-05
2.5112481	0.000767038822706516	1.53881260029354e-05
2.2398233	0.000766585350055948	1.86029608329609e-05
1.9950197	0.000769340583928371	1.78617847945345e-05
1.7775893	0.000771541687969079	1.93552272141043e-05
1.5846864	0.000772261786240225	1.70646360844695e-05
1.4122353	0.000772232519063156	2.04256809848239e-05
1.2582541	0.000772995700662023	1.9449891810165e-05
1.1224822	0.000776151641433682	1.96287462259355e-05
1.0000616	0.000776800082996876	2.08410033536149e-05
0.89082122	0.000777055513955533	1.9442619666674e-05
0.79444051	0.000779087716274983	2.00527677197949e-05
0.70784986	0.000779988014566106	2.2769489407521e-05
0.63126236	0.000781296275184527	2.13811755098638e-05
0.562536	0.000785673729452528	2.21636451306581e-05
0.50118715	0.000784708672900564	2.56741240941743e-05
0.44642836	0.000785873542402946	2.42737882363017e-05
0.39821118	0.000787588418722083	2.46944693691831e-05
0.35475865	0.000789358077280557	2.48959236940095e-05
0.31619295	0.000791989766888769	2.71233505990267e-05
0.2819173	0.000793795242138067	2.66971531351757e-05
0.25117323	0.000794682003845289	2.68709207474489e-05
0.22391155	0.00079772937225521	3.20737757612143e-05
0.19957349	0.000797828664398178	3.36016607230866e-05
0.17779917	0.000798957316542055	3.61403780742961e-05
0.15846863	0.000801919428272558	3.54216350768618e-05
0.14123619	0.000803854747486587	3.77172512183383e-05
0.12590662	0.000805230177756185	3.82839232863559e-05
0.1122199	0.000806044302703903	4.06045759529744e-05
0.10002181	0.000810996197685967	3.95216488292374e-05
