10002.226	0.001183190679157	-0.00951633822288938
8914.9326	0.00114153402097281	-0.00852196943359927
7943.9951	0.00110417659118872	-0.00762511970630445
7081.583	0.00106985019828813	-0.00682423640283999
6307.7358	0.00103905709495437	-0.00610840014752527
5622.5879	0.00100589366055823	-0.00546932385462091
5011.603	0.000975630332207574	-0.00489859445282688
4466.4292	0.000953144258215106	-0.00438418221371381
3981.2773	0.000929031090365954	-0.00392635706508309
3548.8679	0.000905946510492797	-0.00351613362669395
3163.0398	0.000886832530322791	-0.00314717492837514
2819.0986	0.000869638676336306	-0.00281837118950129
2512.4104	0.000851099101659262	-0.00252547144386282
2239.2869	0.000838474876899466	-0.00226271200085375
1995.6381	0.000824402333145323	-0.00202533118088302
1778.2897	0.00081301402999035	-0.00181506256249691
1584.4927	0.000799449021969374	-0.00162517432553404
1412.7418	0.000789284554683537	-0.00145823038920777
1258.7905	0.000779193631841449	-0.00130855616599697
1121.7966	0.000770832882031574	-0.00117341997138893
999.68164	0.000761533809057184	-0.00105169353260594
891.42474	0.000752327293878001	-0.000944249289925575
794.23932	0.000746801396173681	-0.000850120062163539
707.96161	0.000737528924489926	-0.000760118397991772
631.00977	0.000731891018752048	-0.000681707277918614
562.33929	0.000726418960065829	-0.000610187224427606
501.12231	0.000719797415268039	-0.0005464245057101
446.57214	0.000714307056268466	-0.000489926027746434
398.08899	0.000709585231498277	-0.000438170320809948
354.88681	0.000705236088165714	-0.000389652355645906
316.31589	0.000704052351751568	-0.000347047339415316
281.8942	0.000699145439986694	-0.000309186454368744
251.20601	0.000695330924478188	-0.000274477877022996
223.92496	0.000694160907551732	-0.000242085703565706
199.55338	0.000694030160082421	-0.000215473976775994
177.78128	0.000691423204378604	-0.000189372784989086
158.52898	0.000692966859035498	-0.000163618605977686
141.21979	0.000688730989244102	-0.000142375438759261
125.92673	0.000691316659843051	-0.000124930881914549
112.19009	0.000693667346796662	-0.000106043511961112
99.968163	0.00069510900225644	-8.87068077060871e-05
89.115646	0.000698522860249254	-7.52038543799324e-05
79.415741	0.000702047269736378	-6.31005144423791e-05
70.793182	0.00069977937285247	-5.01957341104814e-05
63.082279	0.000703948934630478	-4.1343138415592e-05
56.241825	0.000711112732162982	-3.28581756334647e-05
50.112232	0.000711263726450262	-2.07893191060308e-05
44.671223	0.000714092396193572	-1.81025352661398e-05
39.808899	0.000716965141295965	-1.28214187983091e-05
35.488308	0.000719448838942195	-7.56221023592013e-06
31.629578	0.000723266493760906	-2.92489737397219e-06
28.187037	0.00072570719579786	7.35157653832868e-07
25.120602	0.000729205663427626	3.36923222197476e-06
22.385418	0.000731363123454704	6.93284882564661e-06
19.955338	0.000736066266529659	6.78602767881143e-06
17.775894	0.000738303965364392	9.57126954429391e-06
15.846864	0.000739809411137837	1.04946581153628e-05
14.127493	0.000744121707219725	1.34970658061435e-05
12.587309	0.000742649571338207	1.21931242042176e-05
11.216775	0.000744237752131756	1.29993039246027e-05
9.9968166	0.000748636510875518	1.35093869063273e-05
8.9082127	0.00074924665249559	1.4295134183564e-05
7.9395623	0.000750324187441921	1.49383336242708e-05
7.0765615	0.000754366092862222	1.93592222617879e-05
6.3105822	0.000755669876364009	1.69796263061428e-05
5.6245475	0.000755228042432573	1.54749581147344e-05
5.0112233	0.000760791471188119	1.79308472744957e-05
4.4642835	0.000759385176359966	1.67309199053324e-05
3.9819033	0.000760787215048859	1.59416545445542e-05
3.5479143	0.000761408217997867	1.70918063957188e-05
3.1629577	0.000764942219304161	1.6899893690461e-05
2.818361	0.000763633607897993	1.64337371787342e-05
2.5112481	0.000762846164853132	1.61113995851591e-05
2.2398233	0.000764346247683866	1.60192984894385e-05
1.9950197	0.000768343971337589	1.7298175084674e-05
1.7775893	0.000769473726151046	1.70872908587801e-05
1.5846864	0.000771281335788646	1.79968753100815e-05
1.4122353	0.000770473647780858	1.72720013436129e-05
1.2582541	0.000772155327710205	2.06268233707566e-05
1.1224822	0.000771545135282815	1.99333797800258e-05
1.0000616	0.000774035636825783	2.02366530816472e-05
0.89082122	0.000779539566723112	2.07121666835162e-05
0.79444051	0.000775484277178744	2.04530667089383e-05
0.70784986	0.000778748581272075	2.08248485749757e-05
0.63126236	0.000779432799558464	2.1175203879771e-05
0.562536	0.000780861397576583	2.26844985349071e-05
0.50118715	0.000784873763079992	2.37677024073157e-05
0.44642836	0.000783959254224266	2.28214730887806e-05
0.39821118	0.000784280404042696	2.71555876500316e-05
0.35475865	0.000786567893492348	2.75138144317479e-05
0.31619295	0.000788421544415916	2.69569610355434e-05
0.2819173	0.000791757631138918	2.74207130229891e-05
0.25117323	0.000792066571862688	2.84750112488911e-05
0.22391155	0.000795109748965583	3.11479246752638e-05
0.19957349	0.000795743778436448	3.26536415174169e-05
0.17779917	0.000796751039202127	3.21949355390651e-05
0.15846863	0.000800267529432383	3.57000366250485e-05
0.14123619	0.000800795023697645	3.75038644140822e-05
0.12590662	0.000803820557158316	3.79864606568318e-05
0.1122199	0.000807690842170104	4.10945280763133e-05
0.10002181	0.000808366270584852	4.07642519161484e-05
