10002.226	0.00118127061767198	-0.00951790649758253
8914.9326	0.00113972975343817	-0.00851914161318458
7943.9951	0.00110027196009963	-0.00762646861650512
7081.583	0.00106764053617692	-0.00682595914586546
6307.7358	0.00103527881924552	-0.00610915942215488
5622.5879	0.00100592988470059	-0.00547052208805931
5011.603	0.000975704589150443	-0.00489745213883133
4466.4292	0.00095222521832998	-0.00438346354471787
3981.2773	0.000928537811153249	-0.00392647135727807
3548.8679	0.000906349960543273	-0.00351650748037042
3163.0398	0.000886970431955959	-0.00314761036571052
2819.0986	0.000868400540260096	-0.00281761134615016
2512.4104	0.000853451851189499	-0.00252363104373487
2239.2869	0.000838188328996669	-0.00226222878582866
1995.6381	0.00082515779479314	-0.0020269728897657
1778.2897	0.00081236255301723	-0.00181511961853876
1584.4927	0.000800746387905556	-0.0016264314755023
1412.7418	0.000789164663345612	-0.00145895560540844
1258.7905	0.000780549517628446	-0.00131062860175667
1121.7966	0.000771423570437106	-0.00117308670975605
999.68164	0.000761988757182004	-0.00105058273370864
891.42474	0.000755669043997871	-0.000944462440151318
794.23932	0.000747098821492675	-0.000847508505263086
707.96161	0.00073605740788896	-0.000759742948137646
631.00977	0.000731491882579808	-0.000682720372128901
562.33929	0.000725375645689583	-0.000608935145357395
501.12231	0.000720022490324901	-0.000547701441334488
446.57214	0.000715906793003527	-0.000489739909954843
398.08899	0.000711831156764322	-0.000437829396652635
354.88681	0.000705543606026026	-0.000389812015118804
316.31589	0.000703414343758972	-0.000346638927866398
281.8942	0.000700564082207644	-0.000309616600687209
251.20601	0.000694894863138154	-0.000272293379727933
223.92496	0.000694251143478763	-0.000243334111390718
199.55338	0.000692145736287254	-0.000215265069207063
177.78128	0.000693452099088818	-0.000186414593076687
158.52898	0.000691329269255106	-0.000164360113563544
141.21979	0.000691198492742045	-0.000145614769244205
125.92673	0.000691907633427434	-0.000123777136992396
112.19009	0.000694364997434519	-0.000107163730651282
99.968163	0.00069570853843965	-8.7643482921617e-05
89.115646	0.000698843677661013	-7.57495400442205e-05
79.415741	0.000699098663545936	-6.28033572297082e-05
70.793182	0.000701355961442054	-4.99422820028822e-05
63.082279	0.000705292680465132	-4.18036026270423e-05
56.241825	0.000711124670883697	-3.11435903326352e-05
50.112232	0.000711661365162044	-2.36942801454588e-05
44.671223	0.000712007107195713	-1.7231811425068e-05
39.808899	0.000716258457857535	-1.38378593822809e-05
35.488308	0.000720672474264084	-7.4261040406871e-06
31.629578	0.000722510069186556	-1.3194103583301e-06
28.187037	0.000727018111343703	-1.39774248218768e-06
25.120602	0.000728035544428701	3.25592271717333e-06
22.385418	0.000730301187005794	7.28172263047506e-06
19.955338	0.000734575424556398	7.86013874684564e-06
17.775894	0.000736954235337226	1.1217497164606e-05
15.846864	0.000740327153670561	1.16284950229097e-05
14.127493	0.000742846821308024	1.2559381840404e-05
12.587309	0.000744121973049498	1.28771549703475e-05
11.216775	0.00074553026534767	1.66463095471268e-05
9.9968166	0.000747062315980945	1.29132464816619e-05
8.9082127	0.000749072254614352	1.46068477366818e-05
7.9395623	0.000750885279274202	1.6363753912828e-05
7.0765615	0.000753891521768247	1.63034770125461e-05
6.3105822	0.000756090550761207	1.59120358266541e-05
5.6245475	0.000755624677118582	1.54461955306502e-05
5.0112233	0.000760744359914085	1.83782319966638e-05
4.4642835	0.000761847373524524	1.68068731726571e-05
3.9819033	0.000761814032506668	1.53603387939392e-05
3.5479143	0.000762716473095181	1.59685951641811e-05
3.1629577	0.000761516814286164	1.91910480555285e-05
2.818361	0.000764086082191085	1.65481831854249e-05
2.5112481	0.000765464460739994	1.6256271507514e-05
2.2398233	0.000764617047698157	1.75468530285402e-05
1.9950197	0.000765773825581169	1.77395306589732e-05
1.7775893	0.00076793421563587	1.74823745534251e-05
1.5846864	0.000769458792375365	1.97960032003524e-05
1.4122353	0.00076862429272204	1.94197612516333e-05
1.2582541	0.000771626390938305	1.89784146648793e-05
1.1224822	0.000775067900040364	1.96126933581157e-05
1.0000616	0.000774501041244031	1.71975816672735e-05
0.89082122	0.000776439923726298	1.90621726725714e-05
0.79444051	0.00077764191108813	2.31697153517806e-05
0.70784986	0.000778153920759665	2.1759235436405e-05
0.63126236	0.000780732459246395	2.13667651718579e-05
0.562536	0.000782751025853659	2.17823173310268e-05
0.50118715	0.000785009324062288	2.26298381542532e-05
0.44642836	0.000783884833576763	2.47185830966796e-05
0.39821118	0.00078618909398867	2.58143560467772e-05
0.35475865	0.000786067533423097	2.65548368720026e-05
0.31619295	0.000788440890622467	2.64159114386298e-05
0.2819173	0.00078915090374097	2.78470267377058e-05
0.25117323	0.000792777318549599	2.792679201067e-05
0.22391155	0.00079564048797272	3.12090624884863e-05
0.19957349	0.000795461889274952	3.14947327322212e-05
0.17779917	0.000797520357834589	3.47070411339886e-05
0.15846863	0.000801052674336964	3.42543581958879e-05
0.14123619	0.000800330528116697	3.75179562425367e-05
0.12590662	0.000804971385851512	3.9413670975861e-05
0.1122199	0.00080501817639939	4.10988011316196e-05
0.10002181	0.000808216422784267	4.2137438884864e-05
