10002.226	0.00118611096482369	-0.00950206339168306
8914.9326	0.00114210543445917	-0.00850490348123709
7943.9951	0.0011075361607875	-0.00761267171387002
7081.583	0.00107217841536828	-0.00681392913323929
6307.7358	0.00104141147373604	-0.00609844208474835
5622.5879	0.00100874177977003	-0.00545936762811769
5011.603	0.000977992524383815	-0.00489084735058831
4466.4292	0.00095574904038749	-0.00437715016548739
3981.2773	0.000934019352494726	-0.00391914802802171
3548.8679	0.000909999053865039	-0.00351044494805214
3163.0398	0.000892356792859951	-0.00314326929521993
2819.0986	0.000874211700411895	-0.00281288808856301
2512.4104	0.00085659651971657	-0.00252055213524744
2239.2869	0.000842011051965316	-0.00225781115325489
1995.6381	0.00083087628964714	-0.00202335347903216
1778.2897	0.000815388354247309	-0.00181365624909321
1584.4927	0.000803533426956079	-0.00162593015338218
1412.7418	0.000791986754784951	-0.00145632277958363
1258.7905	0.000785780701708432	-0.00130731637784238
1121.7966	0.000775269871414313	-0.00117189877955835
999.68164	0.000764523047415381	-0.00105029044336939
891.42474	0.000756192331203718	-0.000943759499103682
794.23932	0.00075006503775979	-0.00084658309781558
707.96161	0.000742369057057847	-0.00075858669819459
631.00977	0.000735361197570765	-0.000680838200343009
562.33929	0.000730485124283077	-0.000609733113250095
501.12231	0.00072217030602685	-0.000546907067867469
446.57214	0.000718467221294737	-0.000489044426820896
398.08899	0.000713892830581247	-0.000437745401433938
354.88681	0.000709538387002037	-0.000392489292495198
316.31589	0.000705929697870143	-0.000346529461760455
281.8942	0.00070345878820019	-0.000309347371866307
251.20601	0.000699163790011581	-0.000275357254337807
223.92496	0.000695439492194403	-0.000242051782059737
199.55338	0.00069586304254682	-0.00021172696670736
177.78128	0.000694784408258915	-0.00018740967251454
158.52898	0.000695827532302243	-0.000163292744643886
141.21979	0.000695206531320126	-0.000142081073375727
125.92673	0.000697006911545202	-0.000121745176131652
112.19009	0.0006983195485884	-0.000107402517898907
99.968163	0.00069990617996707	-8.75068814704498e-05
89.115646	0.000701209384681708	-7.52356508282075e-05
79.415741	0.000703297069065544	-6.36026666354203e-05
70.793182	0.000706936500360172	-5.18898395257323e-05
63.082279	0.000708241826304125	-4.0803608244188e-05
56.241825	0.000713009274033382	-3.3091453490534e-05
50.112232	0.000712859029686719	-2.34435800887479e-05
44.671223	0.000717267855838333	-1.74708996936732e-05
39.808899	0.000719924992899321	-1.34255360944966e-05
35.488308	0.000723883262194451	-7.16568474173295e-06
31.629578	0.000726132021788626	-1.50007100291211e-06
28.187037	0.000731707318239697	1.4416476794896e-06
25.120602	0.000732781483025871	4.66497754789245e-06
22.385418	0.000737507045352431	6.21663882226363e-06
19.955338	0.000738935476237494	7.39715438030253e-06
17.775894	0.000741741200047063	1.05946153502261e-05
15.846864	0.000743934207126538	1.10480066610474e-05
14.127493	0.00074614795122313	1.38928236070732e-05
12.587309	0.000747462480734032	1.22189276457243e-05
11.216775	0.000748362750701505	1.44262284657659e-05
9.9968166	0.000751693241752749	1.26838793338086e-05
8.9082127	0.000752973001605783	1.45780231561378e-05
7.9395623	0.000756560310921734	1.55489002700539e-05
7.0765615	0.000758468406721655	1.70352765850789e-05
6.3105822	0.000758588475533209	1.74537347299772e-05
5.6245475	0.000761390875691066	1.36113124470056e-05
5.0112233	0.000762458906265028	1.81827330995325e-05
4.4642835	0.000765279981029081	1.53907280533334e-05
3.9819033	0.000765306534812206	1.72156109537276e-05
3.5479143	0.000765746965763562	1.56178027965693e-05
3.1629577	0.000766932146229759	1.74534926971248e-05
2.818361	0.000768333144375238	1.81586066344712e-05
2.5112481	0.000768155028186702	1.55698199162717e-05
2.2398233	0.000768962298040101	1.76026892122147e-05
1.9950197	0.000771287006889185	1.85108393642301e-05
1.7775893	0.00077183295427869	1.75989955023805e-05
1.5846864	0.000772724246315115	1.70599876056728e-05
1.4122353	0.000774860588142048	1.74518704416917e-05
1.2582541	0.000774833781849743	1.99654749306812e-05
1.1224822	0.000778157012916299	1.9504248254043e-05
1.0000616	0.00078084439859237	1.94803834450885e-05
0.89082122	0.000778715780207903	1.99411421354182e-05
0.79444051	0.000784085268214325	2.04898407258278e-05
0.70784986	0.000781012445160454	2.21133408927972e-05
0.63126236	0.000783985302910635	2.3881908465168e-05
0.562536	0.000784347681495745	2.21410978491655e-05
0.50118715	0.000785966459991516	2.33726335093133e-05
0.44642836	0.000786769531981992	2.15880814066626e-05
0.39821118	0.00079046239082832	2.51236730220597e-05
0.35475865	0.000791065932477118	2.63950681281138e-05
0.31619295	0.000791455799481885	2.7660180896411e-05
0.2819173	0.000794094116573889	2.90053519080352e-05
0.25117323	0.000796951791982201	2.87944159077679e-05
0.22391155	0.000798633519526101	3.05978124218905e-05
0.19957349	0.000798909573264549	3.29211403574651e-05
0.17779917	0.000800099551394814	3.37078654207223e-05
0.15846863	0.000803266564552743	3.36170299872445e-05
0.14123619	0.000805454179656025	3.68079491909215e-05
0.12590662	0.000807248840467374	3.83596344679888e-05
0.1122199	0.000810981159897642	4.02884187546084e-05
0.10002181	0.000813318207720196	4.21675748323481e-05
