10002.226	0.00118558499954978	-0.00950143890339669
8914.9326	0.00114492202540601	-0.00850557086909303
7943.9951	0.00110769539553791	-0.00761340495206388
7081.583	0.00107103628356187	-0.0068153350760057
6307.7358	0.00104183309897708	-0.00609813765115498
5622.5879	0.00100854563559997	-0.00546027156253291
5011.603	0.00098013882608878	-0.00488862736384567
4466.4292	0.000955102897965087	-0.00437685347185285
3981.2773	0.000932295441752368	-0.00391811130740731
3548.8679	0.000909201841080927	-0.00351233808056886
3163.0398	0.000890850713415558	-0.00314377131983594
2819.0986	0.000872016528459527	-0.00281414816988476
2512.4104	0.000857300366501123	-0.00252142555718976
2239.2869	0.00084363901780479	-0.00226117720184554
1995.6381	0.000828585436007252	-0.00202274963648987
1778.2897	0.000816609621506241	-0.00181212618163692
1584.4927	0.000803242231194262	-0.00162179136855658
1412.7418	0.000792989548392102	-0.00145609491450059
1258.7905	0.000783091054454163	-0.00130564711599194
1121.7966	0.000774664348830698	-0.00117060281486728
999.68164	0.000765806043106377	-0.00105077044164027
891.42474	0.0007570253228412	-0.000943312807991969
794.23932	0.000751069486894533	-0.000845183458380597
707.96161	0.000742011224161811	-0.00075833905070579
631.00977	0.000734836626887265	-0.00068129037040637
562.33929	0.000728826808761322	-0.000610453451123704
501.12231	0.000723816349289716	-0.000546423766271593
446.57214	0.000718575554432324	-0.000488235179020258
398.08899	0.000712551962065567	-0.000436395913220963
354.88681	0.000708503507496455	-0.000390033480247442
316.31589	0.000707481239370513	-0.000346843319562865
281.8942	0.000701685761458558	-0.000311492304576739
251.20601	0.000699963484741443	-0.00027391056247789
223.92496	0.000696497757209979	-0.000241928664949189
199.55338	0.000697107091720266	-0.000214225426754963
177.78128	0.000694488511578819	-0.000187115418034176
158.52898	0.000696377927115187	-0.000163624388523165
141.21979	0.000695067348931405	-0.000142553823200466
125.92673	0.000696771651186757	-0.000123619550580871
112.19009	0.000697664201393438	-0.000105765714242448
99.968163	0.000701188091445738	-8.82233517254927e-05
89.115646	0.000702386193342331	-7.53032123821983e-05
79.415741	0.000703791110883519	-6.36108317669768e-05
70.793182	0.000705366914708641	-5.06020089249261e-05
63.082279	0.000706689720378702	-4.07267803249746e-05
56.241825	0.000711075479565337	-3.14698730153627e-05
50.112232	0.000713686865008689	-2.19043624816678e-05
44.671223	0.000714546790477998	-1.53220333968128e-05
39.808899	0.000719262805685073	-1.20916132870751e-05
35.488308	0.000723478995429059	-7.99408270635486e-06
31.629578	0.000727356282266808	-1.11134628329442e-06
28.187037	0.000731778580831463	-5.81895975432186e-07
25.120602	0.000732265858201236	4.70958417717942e-06
22.385418	0.000734819291879408	6.71853691242875e-06
19.955338	0.000739316030931727	7.54728894314024e-06
17.775894	0.000742212561180981	1.23688377936995e-05
15.846864	0.000743275351329572	1.19660612891868e-05
14.127493	0.000746481116632355	1.41922471678264e-05
12.587309	0.000746423282031287	1.44845127987711e-05
11.216775	0.000749365168831783	1.3830381314502e-05
9.9968166	0.000753018376045627	1.33397073034415e-05
8.9082127	0.000754220660387074	1.65193475470416e-05
7.9395623	0.000752467975187847	1.49409322867994e-05
7.0765615	0.000756956948653874	1.72438745116991e-05
6.3105822	0.000758495313486081	1.7818668080956e-05
5.6245475	0.000760557778184339	1.39550824645041e-05
5.0112233	0.000761037457497514	1.74376371990483e-05
4.4642835	0.000764205364605336	1.58405360031114e-05
3.9819033	0.000764339762240257	1.65167423875648e-05
3.5479143	0.000767441427020213	1.75753090880657e-05
3.1629577	0.000767146865975647	1.88636131704891e-05
2.818361	0.00077073866676781	1.68835805599974e-05
2.5112481	0.000769526521489553	1.83042018297096e-05
2.2398233	0.000768851481034426	1.58487793079099e-05
1.9950197	0.000770303417485309	1.77166174685585e-05
1.7775893	0.000771654829917877	1.7330695236291e-05
1.5846864	0.0007749408952513	1.81526646204783e-05
1.4122353	0.000772829584582308	1.82298494903838e-05
1.2582541	0.000774364403726249	1.76286723938336e-05
1.1224822	0.000777893518293403	1.94348374596732e-05
1.0000616	0.000778884576843759	1.88864710823612e-05
0.89082122	0.000779237237084454	2.16085449942444e-05
0.79444051	0.000781142864062578	1.88207666569526e-05
0.70784986	0.000781229203246047	2.17143477003421e-05
0.63126236	0.000783986176796933	2.12583489087144e-05
0.562536	0.000786123130521714	2.39192805101875e-05
0.50118715	0.000786876432661699	2.24097612172911e-05
0.44642836	0.00078644897962646	2.38949301222209e-05
0.39821118	0.000791837454347125	2.48185844681052e-05
0.35475865	0.000791922302023511	2.66222229092833e-05
0.31619295	0.000792724005824318	2.77697969164435e-05
0.2819173	0.000791906763105669	2.70986699332785e-05
0.25117323	0.000795407359641216	2.8291639999091e-05
0.22391155	0.000798403429566983	2.89395701901345e-05
0.19957349	0.000799335993805496	3.32072365366609e-05
0.17779917	0.000801854056799451	3.40562165068563e-05
0.15846863	0.000802625589806373	3.56006022842229e-05
0.14123619	0.000805230341621008	3.71096893916045e-05
0.12590662	0.000807995301494293	3.9605473152601e-05
0.1122199	0.000808736998775932	3.78894416126837e-05
0.10002181	0.000811906636878459	4.30764970613039e-05
