10002.226	0.00118507399227367	-0.00950192724104478
8914.9326	0.0011444274578831	-0.00850482475611914
7943.9951	0.00110762775927062	-0.00761241696764419
7081.583	0.00107129864881745	-0.00681672129794643
6307.7358	0.0010396784067951	-0.00609874543650946
5622.5879	0.00100823371041786	-0.00546021123905479
5011.603	0.000979954111192602	-0.00488785322256017
4466.4292	0.000958404288086248	-0.00437468834862442
3981.2773	0.000932068235496422	-0.00391765156588808
3548.8679	0.000907918000985324	-0.00350697837211202
3163.0398	0.000891294859543829	-0.00314423695004443
2819.0986	0.000874817714312916	-0.00281419633035273
2512.4104	0.000856704332284843	-0.00251942845985568
2239.2869	0.000841588332984017	-0.00225914496404974
1995.6381	0.000830446285624304	-0.00202336338662086
1778.2897	0.000817652487649627	-0.00181296266858048
1584.4927	0.00080491638630362	-0.00162447712478158
1412.7418	0.000791014802297705	-0.00145597452760996
1258.7905	0.000784498559924679	-0.00130764654125019
1121.7966	0.000773813609421572	-0.00117196517902165
999.68164	0.000765242993223942	-0.00104803511065443
891.42474	0.000757222221261054	-0.000943215745499088
794.23932	0.000751536596500605	-0.000847333563710936
707.96161	0.000743677738120628	-0.000757879347810113
631.00977	0.000734292964561485	-0.000680644351817081
562.33929	0.000728287694021963	-0.000608995779887128
501.12231	0.000724779910880646	-0.00054749707168181
446.57214	0.000717071797360878	-0.000486925304391545
398.08899	0.000714527251363348	-0.000437786612673365
354.88681	0.000709538295548483	-0.00039133583927032
316.31589	0.000705025594150639	-0.00034708355885982
281.8942	0.000702780660445447	-0.000309683213017554
251.20601	0.000701193276639058	-0.000273544996133875
223.92496	0.000700192983224851	-0.000242381251110465
199.55338	0.000695468630425815	-0.000214519117528201
177.78128	0.000695901661529036	-0.00018707391868883
158.52898	0.000696036406219686	-0.000162047443967904
141.21979	0.000696466984554949	-0.0001430810017955
125.92673	0.000696225428383366	-0.000124091032413488
112.19009	0.000698135677849855	-0.000106579743397597
99.968163	0.000699055355560223	-8.85412460206691e-05
89.115646	0.000701451680276189	-7.59987713088643e-05
79.415741	0.000703163170661863	-6.24141696429216e-05
70.793182	0.000705267929954472	-5.05438807784043e-05
63.082279	0.000709632015844777	-4.06237760203808e-05
56.241825	0.000713282777515475	-3.09979107604697e-05
50.112232	0.000714836927033636	-2.34498349105938e-05
44.671223	0.000717358187606922	-1.72588177375406e-05
39.808899	0.000720900490664652	-1.23819700083173e-05
35.488308	0.000724098043920082	-7.26182770501295e-06
31.629578	0.000727554595498544	-3.53911666214338e-06
28.187037	0.00073144471125895	1.63951800295719e-06
25.120602	0.000732274143209803	3.0142967579023e-06
22.385418	0.000736267747084216	6.4835434572483e-06
19.955338	0.000738744594970933	8.30856289621989e-06
17.775894	0.000742494276169895	1.11349052512725e-05
15.846864	0.000744150244125292	1.21381209296085e-05
14.127493	0.000746042251536952	1.21937120214343e-05
12.587309	0.000747897128100553	1.50931920616932e-05
11.216775	0.000749657055881747	1.30841890694776e-05
9.9968166	0.00075367886025277	1.45866028419707e-05
8.9082127	0.000753406502710191	1.54814241375732e-05
7.9395623	0.000755821953104153	1.75294775034577e-05
7.0765615	0.000757912967681221	1.82430857166278e-05
6.3105822	0.000759107020399492	1.81105555244246e-05
5.6245475	0.000759944711799049	1.64256853010262e-05
5.0112233	0.000763394683366981	1.75834045399561e-05
4.4642835	0.000763023043253248	1.78930063878952e-05
3.9819033	0.000763692604672223	1.62420026566087e-05
3.5479143	0.000765578458522182	1.93121912134166e-05
3.1629577	0.000766857632103946	1.71712055093879e-05
2.818361	0.000769577628857355	1.69031538668076e-05
2.5112481	0.000768364865370601	1.8207231904113e-05
2.2398233	0.000770815711928386	1.69120791166023e-05
1.9950197	0.000772134687958448	1.77108183061299e-05
1.7775893	0.000772616677534668	1.81417111590214e-05
1.5846864	0.000774532227185792	1.72677286510463e-05
1.4122353	0.000774748024924675	2.03752813386783e-05
1.2582541	0.00077435123945676	1.85303140660975e-05
1.1224822	0.000776790401974899	1.95446033814522e-05
1.0000616	0.000777869653701109	2.06694051727131e-05
0.89082122	0.00077924843275104	1.79447118130395e-05
0.79444051	0.000781968475657505	2.1773750449331e-05
0.70784986	0.000782876822978282	2.27776578174173e-05
0.63126236	0.00078431373106876	2.05180063112654e-05
0.562536	0.000784288006504761	2.3470162306812e-05
0.50118715	0.00078608726661288	2.38747893391018e-05
0.44642836	0.000789378441650267	2.60979919808286e-05
0.39821118	0.000789600906787443	2.54860817689309e-05
0.35475865	0.000791455366298532	2.54135210209698e-05
0.31619295	0.000791182043229228	2.86174995381783e-05
0.2819173	0.000792745527271249	2.7941562288504e-05
0.25117323	0.000795712749186234	2.79221889143358e-05
0.22391155	0.000798814309689575	3.1207163673106e-05
0.19957349	0.000799849446945248	3.07358015853693e-05
0.17779917	0.000801311962444573	3.45729918151832e-05
0.15846863	0.000802136010743752	3.41700575975969e-05
0.14123619	0.000804790509053574	3.61677339159813e-05
0.12590662	0.000809331004997159	3.93362847775363e-05
0.1122199	0.000810389392904025	4.11599422740132e-05
0.10002181	0.000813955407515416	4.23573215865532e-05
