10002.226	0.00118441860692546	-0.00950151170635756
8914.9326	0.00114445455082909	-0.00850550212009633
7943.9951	0.00110533364791662	-0.00761315557479506
7081.583	0.0010723277965725	-0.00681483789633626
6307.7358	0.00104231862015922	-0.00609827323482055
5622.5879	0.00101016138535455	-0.00545887233814966
5011.603	0.000978798680297494	-0.00488948947415716
4466.4292	0.000957237159398374	-0.0043744539654111
3981.2773	0.000931917283009987	-0.00391659589689813
3548.8679	0.00090760676661033	-0.003511156082881
3163.0398	0.000891255931250605	-0.00314380523166549
2819.0986	0.000872563338799478	-0.00281357209609296
2512.4104	0.00085705575304788	-0.00252149778377178
2239.2869	0.000842656921524852	-0.00226024029747792
1995.6381	0.000829839789495901	-0.00202162268581695
1778.2897	0.000818479824965691	-0.00181460129456128
1584.4927	0.00080499658960089	-0.00162404605587272
1412.7418	0.000791709348229189	-0.00145540990184074
1258.7905	0.000783916403146365	-0.00130623761294633
1121.7966	0.000774020907951841	-0.00117120978855986
999.68164	0.000764899860789143	-0.00104958322805218
891.42474	0.000757393421063771	-0.000943342334719813
794.23932	0.000748256158687572	-0.000846110939399093
707.96161	0.000742893231412114	-0.000757889106781606
631.00977	0.000735092998053401	-0.000681841891062515
562.33929	0.000727554711759311	-0.000608448210188371
501.12231	0.0007242716803411	-0.000546934952278952
446.57214	0.000719207356072297	-0.000488740090509136
398.08899	0.000712821166064253	-0.000437603934977662
354.88681	0.000708390967879807	-0.000391125502553644
316.31589	0.000706532616285807	-0.000345925893717697
281.8942	0.000702924976186066	-0.00030824248525818
251.20601	0.000697254591297206	-0.000273295606070488
223.92496	0.000696830540731439	-0.000242517692859437
199.55338	0.000697956865561173	-0.000212684005319952
177.78128	0.000696579627472083	-0.000185128824284043
158.52898	0.000695979991518333	-0.00016307269332821
141.21979	0.000695154827419761	-0.000142798866274227
125.92673	0.000694142094798988	-0.000122039010298173
112.19009	0.000699108239466151	-0.000107226110815211
99.968163	0.000699050930120812	-9.05502739032234e-05
89.115646	0.000701758028954809	-7.47806843977057e-05
79.415741	0.000705516387194153	-6.17398451510662e-05
70.793182	0.000706818359713641	-4.89465007600087e-05
63.082279	0.000708486742806711	-4.13231035815286e-05
56.241825	0.000714290326470309	-3.27991512493293e-05
50.112232	0.000715420597634876	-2.25795522337468e-05
44.671223	0.00071754837592097	-1.73859007593139e-05
39.808899	0.000720581096752174	-1.28210680367353e-05
35.488308	0.00072493752480597	-7.11135815788099e-06
31.629578	0.000728678530480133	-1.3701103700271e-06
28.187037	0.000729146778162425	9.96904103995686e-09
25.120602	0.000732894490630912	6.18742442014571e-06
22.385418	0.000736298194171506	7.51575250629424e-06
19.955338	0.000738363148098083	8.19823067780098e-06
17.775894	0.00074190086808852	1.37009564427188e-05
15.846864	0.000744179147014733	1.01156507992004e-05
14.127493	0.000746401959834718	1.39743271702201e-05
12.587309	0.000748356766952747	1.43686952614314e-05
11.216775	0.000748450430465136	1.52087010659925e-05
9.9968166	0.000751164586492867	1.50034344688514e-05
8.9082127	0.000752578074610514	1.61165949765872e-05
7.9395623	0.000754871157186512	1.52388397573099e-05
7.0765615	0.00075885751609787	1.82286346435602e-05
6.3105822	0.000759006692846697	1.65737433476964e-05
5.6245475	0.000759469394011104	1.45823248303477e-05
5.0112233	0.000762400853742882	1.66809051545775e-05
4.4642835	0.000762570079731986	1.67655846250036e-05
3.9819033	0.00076261805396485	1.62653192144048e-05
3.5479143	0.000765512180108534	1.63144072033884e-05
3.1629577	0.000767680219017816	1.82631792176777e-05
2.818361	0.000769104627217061	1.81440151427292e-05
2.5112481	0.000770745533730994	1.65467331057365e-05
2.2398233	0.000768882156095166	1.75072489492548e-05
1.9950197	0.00077061770072431	1.68918238930474e-05
1.7775893	0.000770431809032121	1.8058440887869e-05
1.5846864	0.000774678304041825	1.66368883206215e-05
1.4122353	0.000774551773844164	1.87554364957618e-05
1.2582541	0.000776943209340271	1.85330171214031e-05
1.1224822	0.000776484930919072	2.11094483821391e-05
1.0000616	0.000777903325317922	2.0833094459756e-05
0.89082122	0.000778728184964077	2.12617277887178e-05
0.79444051	0.000779741566364463	2.05161567189705e-05
0.70784986	0.000782872988411208	2.23128449483292e-05
0.63126236	0.000783177156179335	2.20386979340041e-05
0.562536	0.000784568682102005	2.34058097331036e-05
0.50118715	0.000786683373199139	2.3500623991733e-05
0.44642836	0.000788790695076497	2.44350792276943e-05
0.39821118	0.00079128877892889	2.70617678096489e-05
0.35475865	0.00079118110350983	2.58131200399287e-05
0.31619295	0.00079260754258881	2.78946025930986e-05
0.2819173	0.000793406784356644	2.87004321920876e-05
0.25117323	0.000793835417552424	2.94311636807536e-05
0.22391155	0.000798891289516237	2.92842437762673e-05
0.19957349	0.000799621713752926	3.13366884825419e-05
0.17779917	0.000802020086149571	3.27070105588977e-05
0.15846863	0.000803261057902854	3.44974412865369e-05
0.14123619	0.000805096590717485	3.63236535750585e-05
0.12590662	0.000807622581013874	3.79181660421473e-05
0.1122199	0.000809477619017127	4.08380347564009e-05
0.10002181	0.000813505941334358	4.10829250623668e-05
