10002.226	0.00118395530478292	-0.00958889615773788
8914.9326	0.00114566063388329	-0.00858097178519861
7943.9951	0.00110742390208161	-0.00768319627857327
7081.583	0.00107023526652547	-0.00687889979848509
6307.7358	0.00104107494134282	-0.00615187046596467
5622.5879	0.00100651728568442	-0.00550701558161576
5011.603	0.000981709815733031	-0.00493445888975805
4466.4292	0.000956250422242214	-0.00441569785368426
3981.2773	0.000932899480279012	-0.00395407918271472
3548.8679	0.000911000975999846	-0.00354108287617292
3163.0398	0.000890966448344942	-0.00317080607708008
2819.0986	0.000873483634303209	-0.00284025397033225
2512.4104	0.000857548377974022	-0.00254217061304277
2239.2869	0.000840904988189663	-0.00227976804740058
1995.6381	0.000827234431832274	-0.00204250844127461
1778.2897	0.00081800140734383	-0.00182899366427274
1584.4927	0.000803369168313995	-0.00163911336400417
1412.7418	0.000792511827926829	-0.00147059699293
1258.7905	0.000783499295324651	-0.00131906497329585
1121.7966	0.000773249489884507	-0.00118258136857937
999.68164	0.00076592081586496	-0.00105918258483382
891.42474	0.00075621712795981	-0.000951245052367268
794.23932	0.000749918156685157	-0.000854373255275684
707.96161	0.000742121750601609	-0.000763835521291843
631.00977	0.000735468686890526	-0.000686938211347552
562.33929	0.000728728416091309	-0.000615087849851502
501.12231	0.000723091249366908	-0.000549293033822092
446.57214	0.000716464408781145	-0.000492254988443355
398.08899	0.000712524828330453	-0.000440769477624012
354.88681	0.000707558457203922	-0.000393435388868158
316.31589	0.000705534942342461	-0.000349444564340327
281.8942	0.000701887021798698	-0.000312841761453267
251.20601	0.00069767700263976	-0.000276596361522751
223.92496	0.000698020923124278	-0.000244227236613962
199.55338	0.000697532960371206	-0.000215810628704671
177.78128	0.000696518450635542	-0.000188183984545834
158.52898	0.000694487029879984	-0.000164461909664766
141.21979	0.000696312134541401	-0.000145033051177088
125.92673	0.000694631803087934	-0.000124394915850231
112.19009	0.000697398510588178	-0.000107643334963312
99.968163	0.000698851865111984	-9.07083980786832e-05
89.115646	0.000701353348649186	-7.68713698888652e-05
79.415741	0.000702643381129179	-6.4841308141206e-05
70.793182	0.000704901296500232	-5.04321537279104e-05
63.082279	0.000706499199582246	-4.27457909195194e-05
56.241825	0.000713172064981377	-3.51050352990656e-05
50.112232	0.000712442084254783	-2.39510843170321e-05
44.671223	0.000716569355254496	-1.89377089639153e-05
39.808899	0.000721771683629163	-1.39614494601668e-05
35.488308	0.000722656941625028	-9.3272853572169e-06
31.629578	0.000726567079983966	-1.60704277166029e-06
28.187037	0.000728917114085529	-4.36026898551431e-07
25.120602	0.0007313811085826	3.23873272300987e-06
22.385418	0.000738162409447035	6.0408305511744e-06
19.955338	0.000739350037682125	7.72215274245561e-06
17.775894	0.000741782022644643	1.15812013919286e-05
15.846864	0.000743847561218	1.12065245172001e-05
14.127493	0.000747808675208795	1.4199611420413e-05
12.587309	0.000747179195400219	1.19951014337271e-05
11.216775	0.000750555595769677	1.42173584657485e-05
9.9968166	0.000753955107077916	1.40313337741182e-05
8.9082127	0.000752736858909657	1.53016993174815e-05
7.9395623	0.000755882313218193	1.6372926418007e-05
7.0765615	0.000756941681891967	1.7563980381665e-05
6.3105822	0.000760112427682697	1.57543160806239e-05
5.6245475	0.000761167078509656	1.58008387066129e-05
5.0112233	0.000762786771737812	1.65024945009825e-05
4.4642835	0.000762387982788404	1.74345740629588e-05
3.9819033	0.00076527418023683	1.69323476640195e-05
3.5479143	0.000764891525175582	1.56258117062917e-05
3.1629577	0.000767259575100657	1.80840687074612e-05
2.818361	0.000769179637621033	1.7373427861339e-05
2.5112481	0.000768872534907163	1.70071776844831e-05
2.2398233	0.000768557669502749	1.62825275550044e-05
1.9950197	0.000770825720229271	1.61054444724216e-05
1.7775893	0.000772782747210348	1.63676361463992e-05
1.5846864	0.000774534093290086	1.72760538832346e-05
1.4122353	0.000774050244602664	1.72475408556702e-05
1.2582541	0.000775735008087578	1.89535880369595e-05
1.1224822	0.000776998523516816	1.83036155272002e-05
1.0000616	0.000776264542076769	2.02467551279713e-05
0.89082122	0.000781423740274825	2.07594499939099e-05
0.79444051	0.000781463309548081	2.16484572102668e-05
0.70784986	0.00078339220852104	2.11689364055419e-05
0.63126236	0.000783048877877918	2.24208005782252e-05
0.562536	0.000785644107721917	2.43888182920114e-05
0.50118715	0.000786754416934333	2.22897189212692e-05
0.44642836	0.000787885724438873	2.32740003403779e-05
0.39821118	0.000790196018534247	2.68500065833192e-05
0.35475865	0.000790538784684477	2.60798317659038e-05
0.31619295	0.000790994713867713	2.65179498061891e-05
0.2819173	0.000793088670208037	3.10053001453178e-05
0.25117323	0.000796721648833478	3.07886219985051e-05
0.22391155	0.000798604900400329	3.17522546897108e-05
0.19957349	0.000797965614035023	3.26006417226082e-05
0.17779917	0.000801399909070372	3.09684445103257e-05
0.15846863	0.000803334346384586	3.56777684946112e-05
0.14123619	0.000804700445378788	3.63140402675754e-05
0.12590662	0.000808791364754999	3.84425247544149e-05
0.1122199	0.000809544599312153	3.91847154516455e-05
0.10002181	0.000813538834608431	4.22299181093578e-05
