10002.226	0.00118559616053726	-0.00958758340372519
8914.9326	0.00114503634146996	-0.00858240667990197
7943.9951	0.00110590348930078	-0.00767973581203332
7081.583	0.00107093044099375	-0.00687614503220668
6307.7358	0.00104176496772122	-0.00615376334209403
5622.5879	0.00100971152220832	-0.00550970211915764
5011.603	0.000981103512261259	-0.00493204384119185
4466.4292	0.000955344516948658	-0.00441446075762562
3981.2773	0.00093203522514576	-0.00395348365309901
3548.8679	0.000910374467193357	-0.00354237147919438
3163.0398	0.000891080447322664	-0.00317317325428006
2819.0986	0.000872142835359779	-0.00283846607519773
2512.4104	0.000858173529858783	-0.00254213609934793
2239.2869	0.000839904460329238	-0.00227941486719431
1995.6381	0.00083032688108489	-0.00204204818287143
1778.2897	0.000815633489483813	-0.00182920241752613
1584.4927	0.00080374910976089	-0.00163939290243525
1412.7418	0.000793197991266419	-0.00147021345067408
1258.7905	0.000784802879766143	-0.00131831147726442
1121.7966	0.000774546656886358	-0.00118406557848224
999.68164	0.000765419090199567	-0.00105888157543943
891.42474	0.000755016660859601	-0.000950917211997243
794.23932	0.000749221981573755	-0.000854241902477927
707.96161	0.00074259874878885	-0.000764210778038364
631.00977	0.000735120380286437	-0.000689520378125384
562.33929	0.000728767868726344	-0.00061395600010665
501.12231	0.000723253586605896	-0.000550672592849336
446.57214	0.000717506153133968	-0.000491357741804014
398.08899	0.000713731614810415	-0.000440647226989256
354.88681	0.000706554272249317	-0.000393229601233035
316.31589	0.000705979740719966	-0.000348419545322932
281.8942	0.000702941595085946	-0.000312187171195139
251.20601	0.000697339449347498	-0.000275194433446848
223.92496	0.000697242058449162	-0.000244663510111896
199.55338	0.000695679928760974	-0.000215646646719321
177.78128	0.000696286751095876	-0.00018825848384099
158.52898	0.00069347015866595	-0.000165779674669419
141.21979	0.00069674019646967	-0.000144304284582771
125.92673	0.000696005554846086	-0.00012472558395114
112.19009	0.000697397710386233	-0.000106077882903429
99.968163	0.000699169295920863	-8.82169060979299e-05
89.115646	0.000702307884281682	-7.6890599403717e-05
79.415741	0.000703947622001478	-6.34779189168733e-05
70.793182	0.000706234537613323	-5.10031691059362e-05
63.082279	0.000707892039376291	-4.14826991472668e-05
56.241825	0.000713446033636647	-3.2321301589189e-05
50.112232	0.000715089364545334	-2.33983840380436e-05
44.671223	0.000717648555299233	-1.73936185533456e-05
39.808899	0.000718973306819792	-1.35618398252887e-05
35.488308	0.000723626983783981	-7.38126031077715e-06
31.629578	0.000727879797510026	-2.90432908760965e-06
28.187037	0.000729798518336429	2.54199735840948e-07
25.120602	0.00073284450379685	4.00027953245444e-06
22.385418	0.000735438777396298	8.27486872687525e-06
19.955338	0.000739819019119748	1.03506483517998e-05
17.775894	0.000741287201249616	1.11517569410211e-05
15.846864	0.000746064952205064	1.01448807485499e-05
14.127493	0.000745640689617338	1.23964363426424e-05
12.587309	0.000746609271016477	1.25457405062533e-05
11.216775	0.000749209533811105	1.43300046114041e-05
9.9968166	0.000751680870593222	1.44582803665623e-05
8.9082127	0.000755452703319298	1.58748389062615e-05
7.9395623	0.000755558687404974	1.64849192809391e-05
7.0765615	0.000757727581352027	1.65480145404403e-05
6.3105822	0.000758803751509457	1.80399587649496e-05
5.6245475	0.000759962175011004	1.69204636036193e-05
5.0112233	0.000762233497032361	1.74387260107656e-05
4.4642835	0.000763079712534815	1.7385764658509e-05
3.9819033	0.000764345729764684	1.76193317140347e-05
3.5479143	0.000765879329466965	1.72623622002076e-05
3.1629577	0.000767667235159048	2.03126366384526e-05
2.818361	0.000769878040756114	1.61176675444031e-05
2.5112481	0.000771367685946085	1.75539329530421e-05
2.2398233	0.000767746939358423	1.71679131226855e-05
1.9950197	0.000769604980795662	1.59264613737298e-05
1.7775893	0.000772256151921742	1.87169405525338e-05
1.5846864	0.000773488474579684	1.85116299899636e-05
1.4122353	0.000774145431395329	1.9172248442154e-05
1.2582541	0.000776718275096472	1.90702304399711e-05
1.1224822	0.000777832354202293	2.0160501201118e-05
1.0000616	0.000779078886829076	1.99012506181471e-05
0.89082122	0.000780531619359305	1.98523554702634e-05
0.79444051	0.000780820266230928	1.99659585760502e-05
0.70784986	0.000782214469508838	2.21011436366334e-05
0.63126236	0.000783083797378801	2.37594025346576e-05
0.562536	0.000784306257287757	2.38461077704087e-05
0.50118715	0.00078634654223131	2.35677319092248e-05
0.44642836	0.000787739283236509	2.5164345970663e-05
0.39821118	0.000790046255616322	2.62723807796888e-05
0.35475865	0.000790390305067508	2.69383258154752e-05
0.31619295	0.000792038321576266	2.94207972101783e-05
0.2819173	0.00079440873534556	2.62529356041534e-05
0.25117323	0.000794570868262359	3.01615723026797e-05
0.22391155	0.000799204026750306	2.96184963585021e-05
0.19957349	0.00079856329305239	2.94029544519434e-05
0.17779917	0.000800073490726391	3.4245066069905e-05
0.15846863	0.000804418922893426	3.43595312135315e-05
0.14123619	0.000805835641719625	3.6225026630277e-05
0.12590662	0.000806562547362275	3.90980940576394e-05
0.1122199	0.000809717913424507	4.15996491323545e-05
0.10002181	0.00081080461941436	4.23423545267899e-05
