10002.226	0.00118560060248761	-0.00958660296754129
8914.9326	0.00114269148791383	-0.00858342330737691
7943.9951	0.0011061110447893	-0.00768224987689611
7081.583	0.00107186714174527	-0.00687612237412104
6307.7358	0.00104214850420593	-0.00615487531969666
5622.5879	0.00100917390874769	-0.00550943862028283
5011.603	0.000980879207361919	-0.00493367481687721
4466.4292	0.000955244234933368	-0.00441638708835773
3981.2773	0.000933800559659513	-0.00395442535773954
3548.8679	0.000908801837049861	-0.00354191321476061
3163.0398	0.000890912421765743	-0.00317204962315644
2819.0986	0.000873117213337455	-0.00283891297361129
2512.4104	0.000857775042715968	-0.00254320499764474
2239.2869	0.000841444527063027	-0.00227837972915285
1995.6381	0.000828765823938042	-0.00204154732778036
1778.2897	0.000817868067068488	-0.00182748633128169
1584.4927	0.000803193987990501	-0.00163732866463431
1412.7418	0.000792204229644731	-0.00147082160111989
1258.7905	0.000783600563576529	-0.00131880354621045
1121.7966	0.000773550928157283	-0.00118157651125053
999.68164	0.000765766557864873	-0.00105907010480225
891.42474	0.000757431466723319	-0.000950729124166977
794.23932	0.00075119690322951	-0.000854319526832317
707.96161	0.000742974524491888	-0.000764751673620995
631.00977	0.000736380233933487	-0.000687417748104657
562.33929	0.000729818460439488	-0.000615699027729696
501.12231	0.000724718434246295	-0.000548404162627956
446.57214	0.000717102873649248	-0.000491600856062009
398.08899	0.00071335028973728	-0.000441016442325439
354.88681	0.000707522055915511	-0.000394257216376172
316.31589	0.000705022981739071	-0.000348739866953082
281.8942	0.000702893280053428	-0.000313421705957282
251.20601	0.000698171254064419	-0.000275464234008465
223.92496	0.000697944148926268	-0.000243981595362932
199.55338	0.000696966095020756	-0.000216381325542684
177.78128	0.000696418482994838	-0.000187873446539363
158.52898	0.00069453432328684	-0.000164778724403402
141.21979	0.000695853730892374	-0.000143704810475503
125.92673	0.00069346858149911	-0.000122598027577008
112.19009	0.000698783518536038	-0.000107502909121987
99.968163	0.000698862734807291	-8.87195735213624e-05
89.115646	0.000701097738028556	-7.57221762115677e-05
79.415741	0.000702636476576118	-6.27742989589939e-05
70.793182	0.000708519292985982	-5.20099362114303e-05
63.082279	0.000707588160892668	-3.99496288842401e-05
56.241825	0.000713389798950444	-3.34026365956821e-05
50.112232	0.00071447098907066	-2.2360678018606e-05
44.671223	0.000717260336789121	-1.82848241898316e-05
39.808899	0.000720977521262017	-1.32671778646371e-05
35.488308	0.000725193662896148	-6.64889210606021e-06
31.629578	0.000728270113941606	-3.07611950949839e-06
28.187037	0.000729053040617549	2.31773622378081e-07
25.120602	0.000732336852802727	5.98065428589445e-06
22.385418	0.000735646717572498	6.14117730155253e-06
19.955338	0.000740652816486661	7.15064304885881e-06
17.775894	0.000740311981507196	1.04201653105657e-05
15.846864	0.0007425407301376	1.14712499047842e-05
14.127493	0.000746448605500498	1.47979079864038e-05
12.587309	0.000748228052082773	1.32654649050712e-05
11.216775	0.000751729437446991	1.45076926164076e-05
9.9968166	0.000752414667151436	1.39792185017151e-05
8.9082127	0.000753989547193962	1.55147725877592e-05
7.9395623	0.000755193616377954	1.61625478425821e-05
7.0765615	0.000756913101518893	1.96073558424005e-05
6.3105822	0.000758868009668274	1.51675514253775e-05
5.6245475	0.000758073164745238	1.74551292578328e-05
5.0112233	0.000761997507482541	1.60019149642592e-05
4.4642835	0.000763309721062626	1.77247553215226e-05
3.9819033	0.000765400772357699	1.67851603604118e-05
3.5479143	0.000765267660259956	1.80163117210838e-05
3.1629577	0.000766825645233255	1.83942474218275e-05
2.818361	0.000771459754313556	1.66119403567364e-05
2.5112481	0.000770324696299998	1.64670276931459e-05
2.2398233	0.000767288517548866	1.74574321777308e-05
1.9950197	0.000770216162336394	1.77016584951781e-05
1.7775893	0.00077126230367557	1.95394993379413e-05
1.5846864	0.000774183756116743	1.84464699593694e-05
1.4122353	0.000775097132935271	1.9860669206813e-05
1.2582541	0.000776299466216558	1.80016209895304e-05
1.1224822	0.000776035391998819	1.88241570667028e-05
1.0000616	0.000776883201682322	1.79839777485659e-05
0.89082122	0.000780798422297573	2.09226416378389e-05
0.79444051	0.00077958401615561	2.05041992762853e-05
0.70784986	0.000781558433889533	2.28381937470773e-05
0.63126236	0.000784176773336726	2.25599820221334e-05
0.562536	0.000783157285238211	2.39276629008889e-05
0.50118715	0.000787176790957416	2.37776402247102e-05
0.44642836	0.000789053332098177	2.44471340963087e-05
0.39821118	0.000789844737240445	2.62388515874617e-05
0.35475865	0.00079079940259604	2.61156012506904e-05
0.31619295	0.000790175422660872	2.64609747416305e-05
0.2819173	0.000795314031870985	2.91903975822536e-05
0.25117323	0.000796261267243804	2.98285314024756e-05
0.22391155	0.000798602972545695	3.21676766107462e-05
0.19957349	0.000798640834179509	3.15097076145923e-05
0.17779917	0.000801349063727236	3.38622312914397e-05
0.15846863	0.000803837766830064	3.50920260322314e-05
0.14123619	0.000803471775929164	3.70532287402586e-05
0.12590662	0.000806982149027229	3.87963407840576e-05
0.1122199	0.000810552405021269	4.05861501249987e-05
0.10002181	0.00081153668151491	4.34458739889681e-05
