10002.226	0.00118510119689992	-0.00958725954108242
8914.9326	0.00114416951934238	-0.00858425377243062
7943.9951	0.0011081677210787	-0.00768252558768361
7081.583	0.00107179300079891	-0.00687807744793923
6307.7358	0.0010411682942335	-0.00615336440015435
5622.5879	0.00100925024234037	-0.00550924671309847
5011.603	0.000981972074599268	-0.00493491797060754
4466.4292	0.00095612414147832	-0.00441557451520529
3981.2773	0.000931730098033689	-0.00395469003603438
3548.8679	0.000910623325892885	-0.00353999266728567
3163.0398	0.000889964013977762	-0.00317114872715646
2819.0986	0.000873614116294676	-0.00283896761717803
2512.4104	0.000857201784496165	-0.00254341240154609
2239.2869	0.000842103516823133	-0.00228096846010162
1995.6381	0.000827415942932852	-0.00204032870175916
1778.2897	0.000815171233100052	-0.00182866604014061
1584.4927	0.000804444725542968	-0.00164055060730994
1412.7418	0.000791230279676518	-0.00147006708308129
1258.7905	0.000783211462640972	-0.0013180818062011
1121.7966	0.000775124045034858	-0.00118356228705483
999.68164	0.000766496766058743	-0.00105947508348398
891.42474	0.000757291341795587	-0.00095092773053275
794.23932	0.000749865672094516	-0.000854377178063415
707.96161	0.000741133206611654	-0.000764388444469669
631.00977	0.00073436533024278	-0.00068664900960903
562.33929	0.000727244060665784	-0.000615894024935662
501.12231	0.000723282196526694	-0.000551605148279814
446.57214	0.000720154658158572	-0.000492244890827656
398.08899	0.00071258586293817	-0.000441290005795755
354.88681	0.000710815585440703	-0.000392062939782078
316.31589	0.000705420650316436	-0.000350238391358877
281.8942	0.000702682363824945	-0.000312419267951111
251.20601	0.000698998920630081	-0.000275267106705551
223.92496	0.000698536125346365	-0.000244971888288851
199.55338	0.000696339656349414	-0.000215970964737246
177.78128	0.000695531984642655	-0.000188677943457391
158.52898	0.000696400754555629	-0.000165386325119013
141.21979	0.000697135325204732	-0.000143818002216743
125.92673	0.000693640310963848	-0.000124203613475629
112.19009	0.00069826776701053	-0.000105967606575868
99.968163	0.000697034484841714	-9.15617508882362e-05
89.115646	0.00070137537762287	-7.59543860311887e-05
79.415741	0.000702398309250737	-6.41995126723892e-05
70.793182	0.000706107916180711	-5.12832051727048e-05
63.082279	0.000707929942830763	-4.05906553249541e-05
56.241825	0.000713915183305921	-3.30636617974944e-05
50.112232	0.000713843701801825	-2.33312958623683e-05
44.671223	0.000718713094899609	-1.81685531148096e-05
39.808899	0.000720905484935772	-1.30152577306429e-05
35.488308	0.000724229583617382	-6.82139493077634e-06
31.629578	0.000727588447896213	-3.33537182784681e-06
28.187037	0.000730026304661898	-1.50091617922572e-07
25.120602	0.00073331575636098	2.76735419149141e-06
22.385418	0.000734608990526401	7.24575678980303e-06
19.955338	0.000738745074568717	9.17569935585849e-06
17.775894	0.000741855726374004	1.1258718351284e-05
15.846864	0.000742191603739811	1.0947780085544e-05
14.127493	0.000747363958830974	1.53422499265334e-05
12.587309	0.00075101110303223	1.36375892979645e-05
11.216775	0.000750432546337645	1.62285526394284e-05
9.9968166	0.000754078981807698	1.36714876515877e-05
8.9082127	0.00075360842138747	1.49157464945396e-05
7.9395623	0.000755472516289163	1.52603871438817e-05
7.0765615	0.000757722025422841	1.64952855560505e-05
6.3105822	0.000760701021972264	1.75745814735373e-05
5.6245475	0.000761030958807848	1.54105452710774e-05
5.0112233	0.000763672082939866	1.80297102118376e-05
4.4642835	0.000763036670998695	1.53522371302919e-05
3.9819033	0.000764225421178471	1.6162368234006e-05
3.5479143	0.000765983591565796	1.59460427266836e-05
3.1629577	0.00076801536330256	1.84334648910458e-05
2.818361	0.000769399974959898	1.85059492426466e-05
2.5112481	0.000769181827520538	1.63306742466903e-05
2.2398233	0.000769886650756811	1.63914122555137e-05
1.9950197	0.000771137064332676	1.79010186210336e-05
1.7775893	0.000772704011146347	1.92376468216639e-05
1.5846864	0.00077336174354558	1.9917598510053e-05
1.4122353	0.000773731395170666	1.8243515741179e-05
1.2582541	0.000776979645565976	1.81421962997924e-05
1.1224822	0.000776656056644371	1.79893370200395e-05
1.0000616	0.000776652670344771	1.9344013251636e-05
0.89082122	0.000778349212698695	2.0992394054009e-05
0.79444051	0.000779873854345429	2.19226551338166e-05
0.70784986	0.000782252201155405	2.18923713274912e-05
0.63126236	0.000785320150718481	2.14124828975771e-05
0.562536	0.000787150115852611	2.22724392228894e-05
0.50118715	0.000787276437362852	2.33903212314895e-05
0.44642836	0.000787945813492868	2.33239086605397e-05
0.39821118	0.000788217385016124	2.5817409167552e-05
0.35475865	0.000789563898886685	2.51454409149129e-05
0.31619295	0.000791434195558731	2.62951246754184e-05
0.2819173	0.000793860625235545	2.92864122494399e-05
0.25117323	0.000796494423824335	2.9248351490553e-05
0.22391155	0.000797518178561961	3.1790086613279e-05
0.19957349	0.000798265338076882	3.21928289152375e-05
0.17779917	0.000800784369408596	3.3831364819366e-05
0.15846863	0.000803312625647189	3.56177959832355e-05
0.14123619	0.000806546222073834	3.87776840885409e-05
0.12590662	0.000807884178393981	3.83874075474008e-05
0.1122199	0.000810172655638176	4.20738352448965e-05
0.10002181	0.000812094754820774	4.38730998917124e-05
