10002.226	0.00119547469851768	-0.00960390006709811
8914.9326	0.00115399370307881	-0.0085963280278482
7943.9951	0.00111396864946134	-0.00769577913954246
7081.583	0.00107968755097074	-0.00689000378291026
6307.7358	0.00105004777027054	-0.00616372022789502
5622.5879	0.00101825409417951	-0.00551770808382322
5011.603	0.000989530746496816	-0.00494265350578476
4466.4292	0.000965887153833739	-0.00442079872409891
3981.2773	0.000941806727311222	-0.00395996853423051
3548.8679	0.000917774630878096	-0.00354872644936345
3163.0398	0.000901656624231063	-0.00317607949096919
2819.0986	0.000881544754037228	-0.00284194020132929
2512.4104	0.000864317839412988	-0.00254890774217963
2239.2869	0.000850996142430824	-0.00228320083428212
1995.6381	0.000838955668687178	-0.00204380744596652
1778.2897	0.000824162073366783	-0.00183364183391446
1584.4927	0.000813686034500439	-0.00164060328644108
1412.7418	0.000799686378859682	-0.00147151011779036
1258.7905	0.000793544131939473	-0.00132073250246843
1121.7966	0.0007831141952908	-0.00118314683519708
999.68164	0.000773685139292181	-0.00106108145836363
891.42474	0.000764540796449674	-0.000953357295056777
794.23932	0.000758837537352658	-0.000855927268812567
707.96161	0.000752246051346765	-0.000766164946208113
631.00977	0.00074514276942925	-0.000688949466738132
562.33929	0.000737298467332771	-0.000616417664869659
501.12231	0.000733065509008227	-0.000550749583807793
446.57214	0.000728094928880226	-0.000492848747612318
398.08899	0.00072053202912191	-0.00043992632110022
354.88681	0.000718560369653757	-0.000394697406271305
316.31589	0.000713969633997118	-0.000348553618044679
281.8942	0.00071146805144936	-0.000311401392276688
251.20601	0.000706767184649924	-0.000274715420063595
223.92496	0.000706750611103105	-0.000244403635101922
199.55338	0.000705881606228294	-0.000217240030087937
177.78128	0.000704611898627175	-0.000188497054462369
158.52898	0.000705477152110952	-0.000164007813632476
141.21979	0.000704557728219151	-0.00014326480629767
125.92673	0.000703286968152723	-0.000122743500433851
112.19009	0.00070539868340833	-0.000109595945860433
99.968163	0.000710167888975153	-8.96746578568769e-05
89.115646	0.000711329211150379	-7.58603481568831e-05
79.415741	0.000712635751399026	-6.35024685124696e-05
70.793182	0.000713498620054964	-5.18463806338492e-05
63.082279	0.000716509611910782	-4.08872260714171e-05
56.241825	0.000720912830850792	-3.15773528173167e-05
50.112232	0.000722060696796755	-2.46023213916161e-05
44.671223	0.000726182644380728	-1.78973808693523e-05
39.808899	0.000728825124476224	-1.31839807341618e-05
35.488308	0.00073179339697441	-7.07126636708634e-06
31.629578	0.000733914578102093	-9.40864544013012e-07
28.187037	0.000739243697146389	1.50641454704582e-06
25.120602	0.000739910965568414	4.48501071057177e-06
22.385418	0.000744119073548112	6.260825059712e-06
19.955338	0.000747476819170138	8.37601336538836e-06
17.775894	0.000751771160210336	1.05598789239292e-05
15.846864	0.00075174441799044	9.86427033596139e-06
14.127493	0.000755412317707456	1.49516367829476e-05
12.587309	0.000755216608187099	1.37857569278186e-05
11.216775	0.000756785853942585	1.2949810778013e-05
9.9968166	0.000759726083040792	1.37860467616019e-05
8.9082127	0.000762996928200709	1.50322453082846e-05
7.9395623	0.000762325776140957	1.67649561913396e-05
7.0765615	0.000768105614404084	1.87173914928337e-05
6.3105822	0.000767331693211677	1.5526221054816e-05
5.6245475	0.000768267260077737	1.71258339316166e-05
5.0112233	0.000772358702162531	1.74708079978489e-05
4.4642835	0.000772168314803386	1.74641571627809e-05
3.9819033	0.000772355062578681	1.80681484623083e-05
3.5479143	0.000774358657380591	1.60270364292419e-05
3.1629577	0.000778594803179899	1.87475624440131e-05
2.818361	0.000776917466226158	1.67323843071767e-05
2.5112481	0.000778015636297912	1.87640531867313e-05
2.2398233	0.000777919401705039	1.68129714419622e-05
1.9950197	0.000778142002287205	1.65412644004998e-05
1.7775893	0.00078117052609981	1.79620775511053e-05
1.5846864	0.000783477285577619	1.93397601498631e-05
1.4122353	0.000783098441555821	1.94042772178719e-05
1.2582541	0.000782790188045665	1.91292069486937e-05
1.1224822	0.000784927930037722	1.94414474144203e-05
1.0000616	0.000786776830023047	2.06313537668226e-05
0.89082122	0.000785280252029354	2.04385124853977e-05
0.79444051	0.000789543166497104	2.03573150559294e-05
0.70784986	0.000790680380020459	2.03547940946375e-05
0.63126236	0.000790300639334094	2.20176955780724e-05
0.562536	0.000793494378734784	2.24067593223379e-05
0.50118715	0.000795773298200904	2.44667579616515e-05
0.44642836	0.000794612333368818	2.37403919952171e-05
0.39821118	0.000798772966757578	2.56412550194287e-05
0.35475865	0.000799517423307967	2.72206180795309e-05
0.31619295	0.00080069332941501	2.8108935243176e-05
0.2819173	0.000800624755632205	2.89175119532172e-05
0.25117323	0.00080517498719166	3.01637161736137e-05
0.22391155	0.000807961148074996	3.07234137302543e-05
0.19957349	0.000808368959822325	3.16362997431718e-05
0.17779917	0.000810337286987388	3.38760445496232e-05
0.15846863	0.000810770471695269	3.57910053307207e-05
0.14123619	0.000815386519233979	3.73401557170283e-05
0.12590662	0.000816275384591664	3.82337150529152e-05
0.1122199	0.000818730152172486	4.08200352343049e-05
0.10002181	0.000821644807488434	4.3004073756915e-05
