10002.226	0.00119413559424493	-0.00960132173659752
8914.9326	0.00115431587128243	-0.00859643056026296
7943.9951	0.0011151247791916	-0.00769498678966094
7081.583	0.0010799855355645	-0.00688775220870094
6307.7358	0.0010506063116317	-0.00616340399463376
5622.5879	0.00101784610784096	-0.00551804860762019
5011.603	0.000987173493605614	-0.00494182327151908
4466.4292	0.000964752232547726	-0.00442299393094317
3981.2773	0.000938905144515844	-0.00396153312763862
3548.8679	0.000916338944381275	-0.00354654646135713
3163.0398	0.000898373849907205	-0.0031767806599389
2819.0986	0.000882518108813624	-0.00284438448227548
2512.4104	0.000867059530177254	-0.00254701087965851
2239.2869	0.000851035735440533	-0.00228384916039097
1995.6381	0.000836460676467803	-0.00204369961841867
1778.2897	0.000825317474342957	-0.00182976911243569
1584.4927	0.000812537221054081	-0.00164216284587107
1412.7418	0.000799418515136032	-0.00147082072308379
1258.7905	0.000793340633712426	-0.00132102479357673
1121.7966	0.000784308691606221	-0.00118477865949415
999.68164	0.000772716249200693	-0.00106116948093325
891.42474	0.000766648880788941	-0.000952100299543517
794.23932	0.000759529052453778	-0.000856139282627145
707.96161	0.000751384721528657	-0.000767029669150532
631.00977	0.000745295401582306	-0.000688427088804945
562.33929	0.000740695828210268	-0.000614812300654394
501.12231	0.000731717612511326	-0.000551613310312528
446.57214	0.0007265681962784	-0.000494540205011357
398.08899	0.000723534400840222	-0.000442485911389442
354.88681	0.000717059117931403	-0.00039342970694566
316.31589	0.000715900814055787	-0.000350522953974167
281.8942	0.00071153273666096	-0.000311818635422415
251.20601	0.000706836529681248	-0.000277067282443533
223.92496	0.000706792193304875	-0.0002433155324287
199.55338	0.000706220668951401	-0.000216328611792578
177.78128	0.000703348895791703	-0.000189224649550113
158.52898	0.000704589242496996	-0.000164236512284977
141.21979	0.000703810000023387	-0.000142657265620251
125.92673	0.000706566400239113	-0.000122067618564281
112.19009	0.000705274597794365	-0.000109135088420013
99.968163	0.000707175371195554	-9.03546272828406e-05
89.115646	0.000708799159134054	-7.70509987623059e-05
79.415741	0.000711995052942479	-6.5470976367811e-05
70.793182	0.000714240575037029	-5.16011418845628e-05
63.082279	0.000715616906147714	-4.24743689812491e-05
56.241825	0.000721617167455021	-3.2233175834956e-05
50.112232	0.000722219128650388	-2.25816363854523e-05
44.671223	0.000726878226435876	-1.5238246030677e-05
39.808899	0.000732099561477636	-1.38991344287948e-05
35.488308	0.000732705040646107	-7.77942952322235e-06
31.629578	0.000737186014107752	-2.97140476978039e-06
28.187037	0.000736947092984725	-1.69262150680319e-06
25.120602	0.000741375167535423	3.43957848641809e-06
22.385418	0.000744403502402725	7.69210395794028e-06
19.955338	0.000748141655325547	9.82503333617894e-06
17.775894	0.000750762587118262	1.12970317166141e-05
15.846864	0.000752242914538668	1.06166842515429e-05
14.127493	0.000755877895194468	1.22732039297907e-05
12.587309	0.000758030777398423	1.34643334455628e-05
11.216775	0.000759052955274684	1.54964835161836e-05
9.9968166	0.000761347512791243	1.56170926800164e-05
8.9082127	0.000763391478969814	1.53170062095851e-05
7.9395623	0.000763759831362857	1.68726732996603e-05
7.0765615	0.000765303811712227	1.83270383344842e-05
6.3105822	0.000765252077305057	1.64477249222521e-05
5.6245475	0.000769416868230443	1.51331191467736e-05
5.0112233	0.000768740234637492	1.71030997054411e-05
4.4642835	0.000772154899100437	1.67050186507533e-05
3.9819033	0.000773420474090607	1.86208304646396e-05
3.5479143	0.000773680771743008	1.64581653430378e-05
3.1629577	0.000775161229547513	1.9248562971851e-05
2.818361	0.0007777682881883	1.84387853059141e-05
2.5112481	0.000776776552161071	1.50327605225746e-05
2.2398233	0.000777048960399582	1.68604333834171e-05
1.9950197	0.000779912686727621	1.78514100707092e-05
1.7775893	0.000780836226300469	1.58808578630516e-05
1.5846864	0.000783126237714976	1.84879308522573e-05
1.4122353	0.000782393375636791	1.85582687713335e-05
1.2582541	0.000781834475694735	1.94398027295506e-05
1.1224822	0.000785424974647431	1.89462504118729e-05
1.0000616	0.000786598677188304	1.97156982814063e-05
0.89082122	0.000789229690256393	2.24611426405371e-05
0.79444051	0.000788241885214435	2.14343655382878e-05
0.70784986	0.000790163186624721	2.20266890067769e-05
0.63126236	0.000791877135946234	1.94719398833545e-05
0.562536	0.000792301768052439	2.13621188212041e-05
0.50118715	0.000793773438294035	2.53934045452065e-05
0.44642836	0.00079661034451912	2.47252996553598e-05
0.39821118	0.000798799190533959	2.72614646183518e-05
0.35475865	0.000799275629925248	2.678829863307e-05
0.31619295	0.0008034438498464	2.81205782868128e-05
0.2819173	0.000803869251446533	3.00895966607983e-05
0.25117323	0.000805145477820554	2.95764289895081e-05
0.22391155	0.000807500183914481	3.07113000214494e-05
0.19957349	0.000807229542818924	3.21217406054573e-05
0.17779917	0.00081088668245891	3.41698121220024e-05
0.15846863	0.000811149067318862	3.82040027096752e-05
0.14123619	0.000815094779050517	3.88678642584795e-05
0.12590662	0.000816936189115628	3.73131994764348e-05
0.1122199	0.000818268407133014	4.03372862507152e-05
0.10002181	0.000822047827266945	4.22210736083063e-05
