10002.226	0.00119144303244979	-0.00960149524415573
8914.9326	0.00115450823563629	-0.00859623918166623
7943.9951	0.00111488636601532	-0.00769622341817903
7081.583	0.00108189995429353	-0.00688800626606148
6307.7358	0.00104945333526237	-0.00616289556758997
5622.5879	0.00101979373910672	-0.00551974148406199
5011.603	0.000988992343813145	-0.0049417411361665
4466.4292	0.000965587432178317	-0.00442398600874862
3981.2773	0.000941258482288905	-0.00396087388636448
3548.8679	0.000917348136712103	-0.00354779730218531
3163.0398	0.000900238408404223	-0.00317709658729941
2819.0986	0.000881362830531882	-0.00284348289059103
2512.4104	0.000865141984547901	-0.00254760592548466
2239.2869	0.000851007327067284	-0.00228420696067696
1995.6381	0.000838169769369357	-0.00204483711636692
1778.2897	0.000826297788110359	-0.00183118308595848
1584.4927	0.000813252850757591	-0.00164138024262778
1412.7418	0.000800159307281194	-0.00147197419265086
1258.7905	0.000791155817412588	-0.00131991523666648
1121.7966	0.000782670991892101	-0.00118563922852398
999.68164	0.00077534288586806	-0.00106286248476465
891.42474	0.000765282410857105	-0.000952040320555262
794.23932	0.000758456638599915	-0.000856212326302897
707.96161	0.000752354254800382	-0.000766166424446252
631.00977	0.000744206088952808	-0.000690069289138263
562.33929	0.000736991816283911	-0.000615866427451991
501.12231	0.000732069069381724	-0.000551913786469476
446.57214	0.000728508823741278	-0.000495208209598168
398.08899	0.000721659304101868	-0.000442736447065071
354.88681	0.000718703680361485	-0.000392992704118646
316.31589	0.000716275068623506	-0.000349362489346401
281.8942	0.000712589188302371	-0.000311160786097809
251.20601	0.00070628127713916	-0.000275709515446282
223.92496	0.000706155662913656	-0.000243831027867645
199.55338	0.000703088411536825	-0.0002173566553507
177.78128	0.000703570477195122	-0.000188240308675011
158.52898	0.000704370413329192	-0.000164637284955508
141.21979	0.000704783627536506	-0.000144497343777455
125.92673	0.000704076607106058	-0.000124559310101271
112.19009	0.000705033482771319	-0.000107859301073739
99.968163	0.000710244223356623	-9.09344133066056e-05
89.115646	0.000710816684138708	-7.65994243141613e-05
79.415741	0.000712849983695018	-6.34670325795144e-05
70.793182	0.000713812478066308	-5.0806702912089e-05
63.082279	0.000717486847164493	-4.16178674073697e-05
56.241825	0.000721549548664736	-3.44326787829219e-05
50.112232	0.000722677325591059	-2.36101497572434e-05
44.671223	0.000726315189736825	-1.82860894561925e-05
39.808899	0.000730537341261447	-1.17411340207911e-05
35.488308	0.000732578634189947	-7.26585414572772e-06
31.629578	0.000735949378212732	-2.00685473499496e-06
28.187037	0.000737517444915375	2.31133385324754e-07
25.120602	0.000739777384287135	3.06636593821525e-06
22.385418	0.00074392785084038	7.09109174519101e-06
19.955338	0.000747159542648874	8.40438227096294e-06
17.775894	0.000749852179623218	1.20369098802002e-05
15.846864	0.000753474280021332	1.1421564356557e-05
14.127493	0.000755337836068578	1.09769287423842e-05
12.587309	0.00075595244191828	1.4500582800905e-05
11.216775	0.000761047836493752	1.31127226422005e-05
9.9968166	0.000761425243444516	1.3647604265572e-05
8.9082127	0.000764151298451152	1.47055132444962e-05
7.9395623	0.000763690683156525	1.66588346399457e-05
7.0765615	0.000767454557958211	1.87353727947738e-05
6.3105822	0.000769875631727958	1.79412447785508e-05
5.6245475	0.000769793707873382	1.5915766848151e-05
5.0112233	0.000770717613924694	1.68466097837175e-05
4.4642835	0.000771913215705625	1.58576209370187e-05
3.9819033	0.000772861596928025	1.66847258748819e-05
3.5479143	0.000774867802807768	1.81974241322701e-05
3.1629577	0.000777007059348412	1.82305111110229e-05
2.818361	0.000776432877713393	1.81294811462258e-05
2.5112481	0.000777745006211967	1.54746829235569e-05
2.2398233	0.000778202492522687	1.78277451099344e-05
1.9950197	0.000779414020424038	1.59620080606547e-05
1.7775893	0.000780416963679304	1.80090445891464e-05
1.5846864	0.000782893902026258	1.99803644627865e-05
1.4122353	0.00078199321445891	1.84335757200083e-05
1.2582541	0.000783929314037434	2.05190833264753e-05
1.1224822	0.000786701528557337	1.97194674117708e-05
1.0000616	0.000787920163951465	1.92826195513703e-05
0.89082122	0.000787353250608039	2.22012772367036e-05
0.79444051	0.000791579230419765	2.25163210264464e-05
0.70784986	0.000791663391532793	2.27181826464382e-05
0.63126236	0.000791483073635733	2.10870490274026e-05
0.562536	0.000795253415067502	2.25849585306219e-05
0.50118715	0.000794544326587002	2.23167766637629e-05
0.44642836	0.000796407875149718	2.36833413325062e-05
0.39821118	0.000797682430549558	2.54318177127498e-05
0.35475865	0.000799453382256333	2.67320086315583e-05
0.31619295	0.000800882319058129	2.84895680833598e-05
0.2819173	0.000803121460523496	2.8920817232115e-05
0.25117323	0.000804716918432905	2.92845079547924e-05
0.22391155	0.000805296050092719	3.13735910926838e-05
0.19957349	0.000808098552297712	3.23385943936153e-05
0.17779917	0.000810089953149968	3.33030638303006e-05
0.15846863	0.000812449192131112	3.49238004848201e-05
0.14123619	0.000815144406070865	3.47465495887043e-05
0.12590662	0.000816504606206592	3.95639308381535e-05
0.1122199	0.000817495993330786	3.82653827015973e-05
0.10002181	0.000821659816331814	4.20458683374359e-05
