10002.226	0.0011938528027108	-0.0096035389101729
8914.9326	0.00115175865583499	-0.00859670860962157
7943.9951	0.00111445854173173	-0.00769399134834912
7081.583	0.00107956261576129	-0.00688913480333425
6307.7358	0.00104856893063059	-0.00616541455142089
5622.5879	0.00101681120573064	-0.00551942123680452
5011.603	0.00098723124435833	-0.00494009024038058
4466.4292	0.000966508837131384	-0.00442234109401276
3981.2773	0.000940354224331922	-0.00396256359740688
3548.8679	0.000918521066661024	-0.00354518256089867
3163.0398	0.000897433480091667	-0.0031784150667799
2819.0986	0.000883017358788084	-0.00284431254097366
2512.4104	0.000867112845601145	-0.00254580711409032
2239.2869	0.000847652244250737	-0.00228137576236794
1995.6381	0.000837566417777526	-0.00204383292078038
1778.2897	0.000825591049665523	-0.00183314934764057
1584.4927	0.000812677044836439	-0.00164246755263366
1412.7418	0.000800432820702893	-0.00147142653579076
1258.7905	0.000791342102063419	-0.00132279997643223
1121.7966	0.000783260473043327	-0.00118603744295369
999.68164	0.000773743840991582	-0.00106091598332144
891.42474	0.000766634833900567	-0.000953541826022093
794.23932	0.000757931871352691	-0.000855007259477863
707.96161	0.00075161459496933	-0.00076655947767301
631.00977	0.000746088468517141	-0.000688606896102432
562.33929	0.000738398186651757	-0.000615457172578288
501.12231	0.000732190163599497	-0.000552525115761203
446.57214	0.000728076039319233	-0.000493920119832548
398.08899	0.000721896627323657	-0.000442370400766681
354.88681	0.00071577518456003	-0.000395652674049223
316.31589	0.000716670273747614	-0.000350685379646265
281.8942	0.000712445003781629	-0.000310739264318928
251.20601	0.000706200149597582	-0.000277035877415303
223.92496	0.000705228831782092	-0.00024408209542388
199.55338	0.000705173988351845	-0.000215971015939746
177.78128	0.000702728031323148	-0.000189174768421983
158.52898	0.000704360555927227	-0.00016346904974539
141.21979	0.000703110363259803	-0.000144904050520151
125.92673	0.000703255927775331	-0.000123332269370636
112.19009	0.000708783218744075	-0.000108903452126666
99.968163	0.000708943846351577	-9.1531070293058e-05
89.115646	0.000710956736858638	-7.58525430525826e-05
79.415741	0.000712890544916336	-6.35162254989435e-05
70.793182	0.000714794000463864	-5.40804261006353e-05
63.082279	0.000718092022728819	-4.04588931685849e-05
56.241825	0.000721256133420529	-3.07465002842346e-05
50.112232	0.000722629759443632	-2.52564181338057e-05
44.671223	0.000725839651766244	-1.63116644235454e-05
39.808899	0.000730326723959777	-1.43543958965076e-05
35.488308	0.000733743965122348	-7.59025765448168e-06
31.629578	0.000736701938247604	-5.48088462045585e-07
28.187037	0.000739190182832759	1.5028258353113e-06
25.120602	0.000740061693645871	3.92626477355911e-06
22.385418	0.000744609637534161	6.55460971770643e-06
19.955338	0.000748417007874167	7.91306643347504e-06
17.775894	0.000751312545816573	9.58565944774947e-06
15.846864	0.000751854082877061	1.06378389001372e-05
14.127493	0.000756504352521144	1.37469860378487e-05
12.587309	0.000755503212698778	1.6909280385306e-05
11.216775	0.000759628171573412	1.51194674607257e-05
9.9968166	0.000761792013393825	1.45029923012035e-05
8.9082127	0.000763693206897122	1.48171653964363e-05
7.9395623	0.000762818338527667	1.70850657933526e-05
7.0765615	0.000765868538583988	1.78178897443033e-05
6.3105822	0.000766487573122834	1.64489498772512e-05
5.6245475	0.00076925966477596	1.56908665322016e-05
5.0112233	0.000771130463460953	1.7518611500873e-05
4.4642835	0.000772973552951398	1.47784485291807e-05
3.9819033	0.000771736646940236	1.71284693482119e-05
3.5479143	0.000773123082431004	1.64397054244008e-05
3.1629577	0.000777365607746718	1.65967028292598e-05
2.818361	0.000778854490753887	1.65478475763223e-05
2.5112481	0.000777195264093086	1.59635287112761e-05
2.2398233	0.000777985549155408	1.72291764854271e-05
1.9950197	0.000778886049487915	1.73594057820708e-05
1.7775893	0.000781360935432569	1.57398548408613e-05
1.5846864	0.000782668664273507	1.72265423320511e-05
1.4122353	0.000782660054831813	1.76273824083095e-05
1.2582541	0.000783254486979352	1.86632685324847e-05
1.1224822	0.000784891874326689	1.78323020532794e-05
1.0000616	0.00078919677444491	1.84991095736013e-05
0.89082122	0.000787116679945261	1.92133031025871e-05
0.79444051	0.000789393856257759	2.33147869524388e-05
0.70784986	0.000791112484170882	2.18440817916026e-05
0.63126236	0.000791926562968551	2.1639510533568e-05
0.562536	0.000794141497235398	2.23684874853592e-05
0.50118715	0.000794093648492066	2.5453568664913e-05
0.44642836	0.000797714328929126	2.39702937522279e-05
0.39821118	0.00079798584319998	2.64775249579572e-05
0.35475865	0.000801549778528325	2.6421671183789e-05
0.31619295	0.000800380682981254	2.88405115376274e-05
0.2819173	0.000802886314749263	2.93398102151486e-05
0.25117323	0.000803966118606172	3.0070566386378e-05
0.22391155	0.000805904598587567	3.2398914737886e-05
0.19957349	0.000808547589775864	3.3455690299254e-05
0.17779917	0.000808730532517631	3.2734013042214e-05
0.15846863	0.000812404949232512	3.51974081351568e-05
0.14123619	0.000813773152460639	3.71100088574501e-05
0.12590662	0.000814503815373699	3.9711346977537e-05
0.1122199	0.000818811197712514	4.02713286235186e-05
0.10002181	0.000819361901583888	4.23699414617911e-05
