10002.226	0.00119360842914977	-0.0096022257053241
8914.9326	0.00115261714057258	-0.00859713135718976
7943.9951	0.00111333297807082	-0.00769519967972571
7081.583	0.00108049663407907	-0.00688907158993512
6307.7358	0.00105051747576385	-0.00616334175868655
5622.5879	0.00101714701056311	-0.00551849315782381
5011.603	0.00098954472662422	-0.00494204207969209
4466.4292	0.000966220017951151	-0.00442433740909866
3981.2773	0.000940323561595388	-0.00396121343983785
3548.8679	0.000917193835004928	-0.00354547435451961
3163.0398	0.000900189541515409	-0.00317621698812546
2819.0986	0.000881309969078155	-0.00284343925277428
2512.4104	0.000865784715120614	-0.00254655843699877
2239.2869	0.000849932387612864	-0.00228302176010107
1995.6381	0.000837756411312616	-0.00204573972178665
1778.2897	0.000825304277724434	-0.00183336181958559
1584.4927	0.000813215097723339	-0.00164122593219939
1412.7418	0.000800227399449641	-0.00147117795211418
1258.7905	0.000791683811714906	-0.00132214960139982
1121.7966	0.000784326815297359	-0.0011840624042686
999.68164	0.000774716262576755	-0.00106173839730149
891.42474	0.000765822962444118	-0.000953192916537244
794.23932	0.000761769543622669	-0.000855104853008667
707.96161	0.000750260602646017	-0.000765169876175544
631.00977	0.000743235126050911	-0.00068685797683359
562.33929	0.000737132137679624	-0.000615511727803561
501.12231	0.00073195508525677	-0.000553522351285955
446.57214	0.000727276002807677	-0.00049393658192942
398.08899	0.000720125336725845	-0.000440627412179278
354.88681	0.000718789400311952	-0.00039260079168969
316.31589	0.000713980329408205	-0.000350583051040989
281.8942	0.000710421095222979	-0.000311427145215848
251.20601	0.000708162065292661	-0.000277788843207658
223.92496	0.000708396828212987	-0.000242847715962297
199.55338	0.000705712957548757	-0.000217181323899631
177.78128	0.00070182692851588	-0.000187324287314886
158.52898	0.000704543487770761	-0.000164516541677693
141.21979	0.000704761014805789	-0.000144446361068385
125.92673	0.000703647065592547	-0.000124200713278512
112.19009	0.00070703684044718	-0.000108636635521559
99.968163	0.000707888820314607	-8.90116675716767e-05
89.115646	0.000710799529210877	-7.57190427188315e-05
79.415741	0.000712094191318702	-6.31619055983744e-05
70.793182	0.00071393706447364	-5.28446464747661e-05
63.082279	0.000715762682943981	-4.33932742426166e-05
56.241825	0.000723513552276417	-3.28290604304165e-05
50.112232	0.000723545619779339	-2.22107861957795e-05
44.671223	0.000725159930367289	-1.82960865639246e-05
39.808899	0.000729150060741595	-1.33936835533379e-05
35.488308	0.000733778840100379	-6.28550789884415e-06
31.629578	0.00073698316494227	-1.85166595852646e-06
28.187037	0.000739790043106691	-8.17526091388364e-07
25.120602	0.000743643730933868	3.44544444849088e-06
22.385418	0.000743216851074467	6.64795462348733e-06
19.955338	0.000748034112604696	7.78539624064186e-06
17.775894	0.000749771024993947	1.05459945370436e-05
15.846864	0.000753463258814243	9.35030672336644e-06
14.127493	0.000756357901789831	1.33482549417871e-05
12.587309	0.000758517005734635	1.19499243005166e-05
11.216775	0.000759714888382928	1.54988802777584e-05
9.9968166	0.000760855854570698	1.39968124730637e-05
8.9082127	0.000761849885836872	1.47311560734205e-05
7.9395623	0.00076436174904019	1.59471331339865e-05
7.0765615	0.00076826852915054	1.78688198808498e-05
6.3105822	0.000768272936595342	1.73711185326448e-05
5.6245475	0.000770374588340647	1.74418294981582e-05
5.0112233	0.000770666529205895	1.86549664893277e-05
4.4642835	0.000771066379000484	1.83799308246608e-05
3.9819033	0.000774539706614929	1.76465898059822e-05
3.5479143	0.000775177252783249	1.86366283785626e-05
3.1629577	0.000776773337238121	1.82286754625367e-05
2.818361	0.000776847636378945	1.85379204197992e-05
2.5112481	0.000778049676990547	1.43341243469731e-05
2.2398233	0.000778726891341771	1.7011177250085e-05
1.9950197	0.000779058029749809	1.60171573731947e-05
1.7775893	0.000781784337851184	1.92313046356167e-05
1.5846864	0.000782258263326515	1.74666502265531e-05
1.4122353	0.00078342598327421	1.70452395523077e-05
1.2582541	0.000784591546868509	1.89527228862527e-05
1.1224822	0.000785177707392082	1.87401064583611e-05
1.0000616	0.000788525891719678	2.07286766478075e-05
0.89082122	0.000788001380394216	1.98555979935506e-05
0.79444051	0.000789854411019668	1.93219634605313e-05
0.70784986	0.000791153230880189	2.10928526265837e-05
0.63126236	0.000792693732502063	2.15564070723704e-05
0.562536	0.00079424085261545	2.25253618032953e-05
0.50118715	0.000794735561663496	2.31661334623949e-05
0.44642836	0.000796172177321507	2.37069832286042e-05
0.39821118	0.000799954830899224	2.70015129050412e-05
0.35475865	0.000800446846460672	2.67706986390989e-05
0.31619295	0.000801154771268404	2.74854396825879e-05
0.2819173	0.000803410455836411	2.94344773606973e-05
0.25117323	0.000803817599513638	2.97000116392069e-05
0.22391155	0.000805387823720666	3.09178219885953e-05
0.19957349	0.000807197222314123	3.23626275192991e-05
0.17779917	0.000808915682113543	3.43325107078662e-05
0.15846863	0.000811744660338396	3.58084679042989e-05
0.14123619	0.000814479536370901	3.68603257347028e-05
0.12590662	0.000815407035466731	3.71178411126928e-05
0.1122199	0.000818901478214957	3.80413243284292e-05
0.10002181	0.000820918256565565	4.25302505446324e-05
