10002.226	0.00119355595945582	-0.00960332417622418
8914.9326	0.00115163802608809	-0.00859583954841209
7943.9951	0.00111565810384602	-0.00769424335438871
7081.583	0.00107992401636695	-0.00688956744247154
6307.7358	0.00104842446335217	-0.00616347323837834
5622.5879	0.0010191162447884	-0.00551718648847413
5011.603	0.000987550053296048	-0.00494248517871602
4466.4292	0.000966049032181257	-0.00442320291251897
3981.2773	0.000940548659811168	-0.00395910960696303
3548.8679	0.000918543202929461	-0.00354784713194026
3163.0398	0.000899969688012336	-0.00317639415170392
2819.0986	0.000881401919858144	-0.00284335734089684
2512.4104	0.000866183074986253	-0.00254748506545199
2239.2869	0.000850246386892016	-0.00228457417969973
1995.6381	0.000837659534010939	-0.00204467888684147
1778.2897	0.000827223615178438	-0.00183375220816794
1584.4927	0.000813938288096682	-0.00164083589560287
1412.7418	0.000799906769329904	-0.00147347787381989
1258.7905	0.00079282409487028	-0.00132063748412802
1121.7966	0.000783138865697587	-0.00118440366354947
999.68164	0.000774467457461856	-0.00105947095326556
891.42474	0.000766059633827251	-0.000953200198471689
794.23932	0.000758056011670132	-0.000856743750220953
707.96161	0.000750282072222844	-0.000766785437832883
631.00977	0.000744266504036326	-0.000691128652983695
562.33929	0.000739099633263056	-0.000615067685187662
501.12231	0.000731421911412312	-0.000553291027646913
446.57214	0.000727755903896568	-0.000493219461461079
398.08899	0.000722107215204426	-0.000440995447129502
354.88681	0.000718655458833266	-0.000394967933078411
316.31589	0.000714633196522945	-0.000349746200067195
281.8942	0.000710165475533544	-0.000313280634146241
251.20601	0.000707855842376086	-0.000276994983892947
223.92496	0.000707059656451428	-0.000242262798505831
199.55338	0.000706047953860032	-0.000215844931907048
177.78128	0.000704622226359246	-0.000188631971844104
158.52898	0.000703699363282605	-0.000165744527259761
141.21979	0.000702782097951361	-0.000142804705161704
125.92673	0.00070518630510392	-0.000125554410751859
112.19009	0.000707095657499408	-0.000107884703729322
99.968163	0.000706106903124502	-9.19485997388583e-05
89.115646	0.000709620799276627	-7.61536661640773e-05
79.415741	0.000712669487239899	-6.30262885798909e-05
70.793182	0.000716317332018265	-5.09306659296398e-05
63.082279	0.000717160992726297	-4.09889209248889e-05
56.241825	0.000722379641164463	-3.30554644517616e-05
50.112232	0.000723216472196275	-2.51420443629552e-05
44.671223	0.000725738695327057	-1.85101340626746e-05
39.808899	0.000730221006149343	-1.45991340985843e-05
35.488308	0.000732808062592688	-8.21460520260211e-06
31.629578	0.000736140540385747	-2.38438196831398e-06
28.187037	0.000737337650630368	-2.71581120036315e-07
25.120602	0.00074190620547307	3.87950390935908e-06
22.385418	0.000744970495672703	5.63258099489698e-06
19.955338	0.000748745601778036	7.8210717507061e-06
17.775894	0.000751743386256347	9.70324300325272e-06
15.846864	0.000752361337110623	1.07168223408118e-05
14.127493	0.000754830009892066	1.27529862196337e-05
12.587309	0.000755999281336303	1.34011455999963e-05
11.216775	0.000759659042833279	1.35373071175715e-05
9.9968166	0.000762869530629309	1.39647954335133e-05
8.9082127	0.000761813199315106	1.6811263392367e-05
7.9395623	0.000763580959058997	1.65537277913772e-05
7.0765615	0.000764765432964092	1.86290012584662e-05
6.3105822	0.000769220854535078	1.80414317328598e-05
5.6245475	0.000769855883289992	1.51649190102529e-05
5.0112233	0.000769844191052636	1.81072151904861e-05
4.4642835	0.000774143774081939	1.5882771928246e-05
3.9819033	0.000774461108187657	1.85049640000891e-05
3.5479143	0.000773064949142659	1.76917895209392e-05
3.1629577	0.000774876218018132	1.99051602881017e-05
2.818361	0.000777726162198479	1.79345718950272e-05
2.5112481	0.00077720412915611	1.53395475929339e-05
2.2398233	0.000778439336011241	1.64179644540132e-05
1.9950197	0.000778928956938033	1.72450077455046e-05
1.7775893	0.000780749984750297	1.88249974377109e-05
1.5846864	0.000783831049893268	1.80888596207035e-05
1.4122353	0.000782448139649356	1.70550933427384e-05
1.2582541	0.000783993126699247	2.01032122196595e-05
1.1224822	0.000785707005695009	2.01552927129515e-05
1.0000616	0.000786577512530766	1.9623240951536e-05
0.89082122	0.000788369789523578	2.21716398484188e-05
0.79444051	0.000791642862191501	2.2308506580617e-05
0.70784986	0.000789628603492695	2.29507505419391e-05
0.63126236	0.00079278727700622	2.27478016970086e-05
0.562536	0.000792173430293857	2.15078915834775e-05
0.50118715	0.000793225709036722	2.19892002697167e-05
0.44642836	0.000796152259442691	2.42664687510048e-05
0.39821118	0.00079921126377646	2.50996912579227e-05
0.35475865	0.000797529927862983	2.69553610609283e-05
0.31619295	0.000800304055618724	2.80009141806828e-05
0.2819173	0.000801490201327747	2.86803636813761e-05
0.25117323	0.00080703703162154	2.99181448619364e-05
0.22391155	0.000808988237969585	2.8733357871526e-05
0.19957349	0.000808211569236552	3.19693064236714e-05
0.17779917	0.000811165460883868	3.33613431641804e-05
0.15846863	0.000810266490964297	3.6140499338535e-05
0.14123619	0.000812460645842035	3.74476898576334e-05
0.12590662	0.000818222820072418	4.00442714114627e-05
0.1122199	0.000818536242269527	4.17895546535791e-05
0.10002181	0.000821167185611876	4.39935803136046e-05
