10002.226	0.00119315012441184	-0.00960146502784663
8914.9326	0.0011558076413583	-0.00859645055101311
7943.9951	0.00111379276900018	-0.00769578330922627
7081.583	0.00107992172595282	-0.00688804140035372
6307.7358	0.00104781861342165	-0.00616396815440328
5622.5879	0.0010185495166545	-0.00551834838248759
5011.603	0.00098936221388796	-0.00494114311895914
4466.4292	0.000965350639013899	-0.00442405367826351
3981.2773	0.000941420035807922	-0.00396190804042462
3548.8679	0.000918118186315213	-0.00354766711292403
3163.0398	0.000898534050795161	-0.00317623530034875
2819.0986	0.000882304012448295	-0.00284601864327218
2512.4104	0.000865663552046927	-0.00254594968507062
2239.2869	0.000851009740853879	-0.0022842106210273
1995.6381	0.000837639230329419	-0.00204429134661496
1778.2897	0.000827074063615866	-0.00183330088264997
1584.4927	0.000813731416739315	-0.00164165026382295
1412.7418	0.000800927477398634	-0.00147297922159829
1258.7905	0.000793012505457364	-0.00131942480210811
1121.7966	0.000784343834719081	-0.00118303738853963
999.68164	0.000774099623147591	-0.00106036612851936
891.42474	0.000765694738416284	-0.000952767765567528
794.23932	0.000758609878823739	-0.000855158018465638
707.96161	0.000750076258310487	-0.000764312300304154
631.00977	0.00074327821535367	-0.000688400823000217
562.33929	0.000737177443984672	-0.000617225669117166
501.12231	0.000729631269961493	-0.000551336577402785
446.57214	0.000728399643725149	-0.000492922430733218
398.08899	0.000721371916623007	-0.000442037008389059
354.88681	0.000717345282044862	-0.000394111260838842
316.31589	0.000713805287769341	-0.000351197421479426
281.8942	0.000711342390749183	-0.000314283791932674
251.20601	0.000706433282067728	-0.000276794305869868
223.92496	0.000707523456010301	-0.000243475063143135
199.55338	0.00070641803704914	-0.000216991190048516
177.78128	0.000704359829436645	-0.000188217763779396
158.52898	0.000704485107974059	-0.00016337139612819
141.21979	0.000703329156703821	-0.000142655678033651
125.92673	0.00070307215386202	-0.000123304619744525
112.19009	0.000707080194562941	-0.000105719829031856
99.968163	0.00070925510573021	-9.14095245198319e-05
89.115646	0.000710217052812862	-7.55227040601041e-05
79.415741	0.000711800844411593	-6.21328430376365e-05
70.793182	0.000714786731871988	-4.99943841666267e-05
63.082279	0.000715774316867765	-4.12202627097031e-05
56.241825	0.000722001412612284	-3.24022619258342e-05
50.112232	0.00072354522840198	-2.51235536478876e-05
44.671223	0.000724441058608911	-1.82771600750346e-05
39.808899	0.000730603529956271	-1.30979532333326e-05
35.488308	0.000733158306355664	-7.64580895859029e-06
31.629578	0.000736815936646241	-2.62465171754901e-06
28.187037	0.000739490846054122	1.01086724852971e-06
25.120602	0.000741769851102215	4.62623162984587e-06
22.385418	0.000745180590540472	6.71054455876068e-06
19.955338	0.000746633017826835	9.24161755091913e-06
17.775894	0.000750828362116134	1.06511907420984e-05
15.846864	0.000753123195585657	9.49263726722947e-06
14.127493	0.000754525239351499	1.2907201872023e-05
12.587309	0.000756090193728112	1.45221725816648e-05
11.216775	0.000758429003731317	1.37493775398319e-05
9.9968166	0.00076154933617006	1.44669082370507e-05
8.9082127	0.000763193583263197	1.38939316448623e-05
7.9395623	0.000762832828607156	1.59774930575061e-05
7.0765615	0.000767690803126316	1.71387131156546e-05
6.3105822	0.000768008598032251	1.69337190333543e-05
5.6245475	0.000771496825936033	1.71949470707802e-05
5.0112233	0.000770441276888849	1.75813974137234e-05
4.4642835	0.000772261491915377	1.75972049959112e-05
3.9819033	0.000774885996610146	1.69819981156726e-05
3.5479143	0.000776261270577938	1.62926500303941e-05
3.1629577	0.000776104932071337	1.854899042398e-05
2.818361	0.000776838741840734	1.65173698415426e-05
2.5112481	0.000777264760010975	1.64223891799766e-05
2.2398233	0.000779622198628042	1.62460123566233e-05
1.9950197	0.00077831483698809	1.73950563908598e-05
1.7775893	0.000780263319396136	1.83758799531024e-05
1.5846864	0.000782961787155137	1.90164611993954e-05
1.4122353	0.000783710197782846	1.64499742342552e-05
1.2582541	0.000781643805990653	1.79023899519193e-05
1.1224822	0.000784566112030699	2.03881151667044e-05
1.0000616	0.000786216765548754	1.84980588688424e-05
0.89082122	0.000786855219327196	2.09599836104271e-05
0.79444051	0.000787076208617368	2.1216387434279e-05
0.70784986	0.000790897583276747	2.33548230029817e-05
0.63126236	0.000792550739556801	2.20243390954359e-05
0.562536	0.000793770601256421	2.31463659123018e-05
0.50118715	0.00079468829962884	2.33923315112304e-05
0.44642836	0.00079448907421831	2.55100285528984e-05
0.39821118	0.0008006403845356	2.35750427760081e-05
0.35475865	0.000801001240596055	2.75194515193171e-05
0.31619295	0.000800474378427222	2.74421292348134e-05
0.2819173	0.000803486805935001	2.94590667474343e-05
0.25117323	0.000804815648182014	3.07033038108013e-05
0.22391155	0.000806404114339482	2.99929936170447e-05
0.19957349	0.000809116428835883	3.10439416955284e-05
0.17779917	0.000809179530778225	3.43107539735508e-05
0.15846863	0.000812587749730098	3.6405267582385e-05
0.14123619	0.000814768298206121	3.91019283056233e-05
0.12590662	0.000817129474204429	4.03444731516365e-05
0.1122199	0.000818986571107673	3.98840424104852e-05
0.10002181	0.000820904605088925	4.15717451252095e-05
