10002.226	0.0011931949269242	-0.00960440529897708
8914.9326	0.00115358409134251	-0.00859614161760138
7943.9951	0.00111509777607359	-0.00769481366909655
7081.583	0.00108093426071009	-0.0068888033574911
6307.7358	0.00105354666742587	-0.00616372888121663
5622.5879	0.00101813011348315	-0.00551918013443932
5011.603	0.000986569819821964	-0.00494305248162547
4466.4292	0.000963071336528277	-0.00442434188060144
3981.2773	0.000941482117408856	-0.00395983945239489
3548.8679	0.000917659921517119	-0.003548785436878
3163.0398	0.000899939971254565	-0.00317782607000928
2819.0986	0.000882950148215339	-0.00284275979264262
2512.4104	0.000865977185125051	-0.00254591280411505
2239.2869	0.000849882753946213	-0.00228202319791539
1995.6381	0.000839435911164721	-0.00204341404251479
1778.2897	0.000826627228270115	-0.00183173531812939
1584.4927	0.000813019372570535	-0.00164112487787368
1412.7418	0.000799973213134521	-0.00147131678370188
1258.7905	0.000793352069934157	-0.0013202885931695
1121.7966	0.000782554276263069	-0.00118424882447493
999.68164	0.000774137090465273	-0.00106192504720512
891.42474	0.000766215946157895	-0.000952219847082492
794.23932	0.000758312120120965	-0.000856099045612643
707.96161	0.000751349958295138	-0.000766610885787349
631.00977	0.00074266061081059	-0.000688070098382989
562.33929	0.000739064504338758	-0.000614896455112459
501.12231	0.000732182387721774	-0.000552972221525461
446.57214	0.000726458491197758	-0.000494089024233731
398.08899	0.000719901798895986	-0.000441734892178418
354.88681	0.000716563675963001	-0.000393712756954327
316.31589	0.000716235452636979	-0.000350333988225497
281.8942	0.000710823313816903	-0.00031229223987891
251.20601	0.000706376501353368	-0.000277897537519619
223.92496	0.000706531231146511	-0.000245013472355932
199.55338	0.00070516206540858	-0.000219417088484833
177.78128	0.000703214150556143	-0.00018765487095717
158.52898	0.000703983722980828	-0.000165490184196729
141.21979	0.000704410105090405	-0.000144385881674465
125.92673	0.000705604058424995	-0.000124295922381308
112.19009	0.000707977994533204	-0.00010786515817565
99.968163	0.000707777479968195	-8.97562587233253e-05
89.115646	0.000710771386267637	-7.5456168962084e-05
79.415741	0.000711642294064537	-6.2422021607248e-05
70.793182	0.000716435017842114	-5.1440682661101e-05
63.082279	0.00071583596476414	-4.0556033872333e-05
56.241825	0.000722228004208728	-3.17006301244318e-05
50.112232	0.000724273767727593	-2.2146488491803e-05
44.671223	0.000724991680133811	-1.85367854079463e-05
39.808899	0.00072819004640506	-1.32856117813079e-05
35.488308	0.000731441684250829	-9.14739117666968e-06
31.629578	0.000736675673398856	-2.67946663541558e-06
28.187037	0.00073771827471547	-2.25996166003735e-07
25.120602	0.000742954446731232	4.12672250674504e-06
22.385418	0.00074468304788366	6.36606018272383e-06
19.955338	0.000750430763252873	7.62700853556075e-06
17.775894	0.000749802884424013	1.12209076757825e-05
15.846864	0.000751859713545174	9.88514269035898e-06
14.127493	0.000755283782874959	1.28966124157184e-05
12.587309	0.00075727801340201	1.32944238897476e-05
11.216775	0.000757821143418949	1.52310998632993e-05
9.9968166	0.000759574498920162	1.58702187167283e-05
8.9082127	0.000763391325310403	1.52594379047149e-05
7.9395623	0.000764121006973556	1.67916573838863e-05
7.0765615	0.000766413853782989	1.71883166860984e-05
6.3105822	0.00076863950626389	1.72979836952749e-05
5.6245475	0.000768186326367913	1.46612666935293e-05
5.0112233	0.000772327807793127	1.79480260480149e-05
4.4642835	0.000772046472736893	1.48862783569458e-05
3.9819033	0.000771819504337719	1.75400471625851e-05
3.5479143	0.000775683845978384	1.65616937619347e-05
3.1629577	0.000775688753586345	1.94016614578997e-05
2.818361	0.000777495094933584	1.55804575382403e-05
2.5112481	0.000778448592821266	1.56122389988169e-05
2.2398233	0.000776827829893081	1.69171218256849e-05
1.9950197	0.000779167574186389	1.66430620156697e-05
1.7775893	0.000780974169356858	1.77554481158421e-05
1.5846864	0.000782724521825297	1.89941407258932e-05
1.4122353	0.000784345111394675	1.7691438772543e-05
1.2582541	0.000784363169609555	1.85630463828559e-05
1.1224822	0.000786968754594252	1.86758802716245e-05
1.0000616	0.000787767520517815	2.02150681476468e-05
0.89082122	0.000789133460366244	2.1904246682285e-05
0.79444051	0.000790328649168709	1.97237151396072e-05
0.70784986	0.000790829660271695	2.20404280824339e-05
0.63126236	0.000792042425522208	2.25127292770002e-05
0.562536	0.000792770934699942	2.17742746106923e-05
0.50118715	0.000794929679175937	2.25667470627086e-05
0.44642836	0.000795610167136849	2.34479296460497e-05
0.39821118	0.00079806609986015	2.52016854725466e-05
0.35475865	0.000800744164964904	2.56695493747765e-05
0.31619295	0.000801616613243906	2.72131413106448e-05
0.2819173	0.000802626766106134	2.97952542426245e-05
0.25117323	0.000803635201235426	2.98594503896316e-05
0.22391155	0.000807467471695242	3.16641900259393e-05
0.19957349	0.000807956667366233	3.28850273657215e-05
0.17779917	0.0008083569877862	3.4204885050451e-05
0.15846863	0.000813360949871247	3.57748004117037e-05
0.14123619	0.000812542904288368	3.78162087883949e-05
0.12590662	0.00081457981293365	3.94405551443243e-05
0.1122199	0.000819870450529314	4.04556750321767e-05
0.10002181	0.000822126170421292	4.20032209453312e-05
