10002.226	0.0011690123552908	-0.00960798175777465
8914.9326	0.00112949228840959	-0.00859940454125027
7943.9951	0.00109436230384429	-0.00769745063376927
7081.583	0.00105727569129615	-0.00689342464075795
6307.7358	0.00102622876427341	-0.00616609362637245
5622.5879	0.0009926818656145	-0.00552065496822862
5011.603	0.000964435514097047	-0.00494270436641406
4466.4292	0.000940484138714391	-0.00442490167345249
3981.2773	0.000916217820552647	-0.00396330020223451
3548.8679	0.000893958590209851	-0.00354929153427322
3163.0398	0.000877176869571998	-0.00317986560682166
2819.0986	0.000859366763127741	-0.00284538694223211
2512.4104	0.000843549348670546	-0.00254963588749247
2239.2869	0.000828123036078057	-0.00228293899588844
1995.6381	0.000814187361012586	-0.00204582333486094
1778.2897	0.000802521233227619	-0.00183362667366366
1584.4927	0.000789643414301591	-0.00164370813695244
1412.7418	0.000778043362284377	-0.00147267555474304
1258.7905	0.000767800146057457	-0.00132030250170094
1121.7966	0.000757801653792091	-0.00118427211976568
999.68164	0.000751487365699909	-0.00106033783406276
891.42474	0.000742393755381404	-0.000954977783410078
794.23932	0.000735638271995745	-0.000857085705244425
707.96161	0.00072600793632015	-0.000766876736421731
631.00977	0.000719963903378125	-0.000688984940361085
562.33929	0.000715012571152642	-0.000616927184085605
501.12231	0.000708898785088532	-0.000554043446950153
446.57214	0.000702771875882002	-0.000494301407719299
398.08899	0.000697408025197635	-0.000441603933780949
354.88681	0.000693430310351755	-0.000393878742623037
316.31589	0.000692592166212137	-0.000351605355723188
281.8942	0.000690177074917201	-0.000311482608102557
251.20601	0.000683430440955576	-0.000276298001704195
223.92496	0.000684145626521419	-0.000245291635386017
199.55338	0.000681893225674446	-0.000215583687196683
177.78128	0.000680707923267515	-0.000188826834794503
158.52898	0.000680526190307392	-0.000165109091641744
141.21979	0.000679983529167387	-0.000144358388227922
125.92673	0.000680135904702617	-0.000124048861826498
112.19009	0.000683580802587548	-0.000106966403286845
99.968163	0.00068483740951833	-9.00159302644337e-05
89.115646	0.000688001279759011	-7.65891663191565e-05
79.415741	0.000687179788069494	-6.42083570413594e-05
70.793182	0.000691104866801644	-5.08662397947139e-05
63.082279	0.000692439468956024	-4.28740966348429e-05
56.241825	0.000697485092113379	-3.24545230007913e-05
50.112232	0.000699213806447065	-2.3272169511155e-05
44.671223	0.000702742901088624	-1.69637325555299e-05
39.808899	0.000706980762817408	-1.39142990428745e-05
35.488308	0.000709046367428908	-7.48699690253609e-06
31.629578	0.000711503153093128	-1.52816441916046e-06
28.187037	0.000716238124163285	4.94270589303879e-07
25.120602	0.000719272574267708	4.18585150744027e-06
22.385418	0.00072204573565246	6.8494277218249e-06
19.955338	0.00072301602666664	9.17438686744746e-06
17.775894	0.000726413424032525	1.28065543582432e-05
15.846864	0.000728573837975073	1.10442402962353e-05
14.127493	0.000732092507946116	1.3575150731982e-05
12.587309	0.000734834829244726	1.27542956285552e-05
11.216775	0.000734930861291947	1.40001237056027e-05
9.9968166	0.000737808496955188	1.49178017622347e-05
8.9082127	0.000738349819089879	1.42896762336039e-05
7.9395623	0.000738403498178627	1.73670924069737e-05
7.0765615	0.000741522729965971	1.68461463047276e-05
6.3105822	0.000745419169154611	1.80422645202972e-05
5.6245475	0.000745278174537174	1.62795376159561e-05
5.0112233	0.000746609616662507	1.79048149181173e-05
4.4642835	0.00074892576205853	1.69680314027219e-05
3.9819033	0.000750218649961933	1.80029501258062e-05
3.5479143	0.000749931576633395	1.54235764579434e-05
3.1629577	0.000751964248803002	1.7754257822808e-05
2.818361	0.000754233188065267	1.71158533476578e-05
2.5112481	0.000754368043242459	1.7998948865426e-05
2.2398233	0.000756462601381045	1.62334267264056e-05
1.9950197	0.000756778349062779	1.70070641930685e-05
1.7775893	0.000760539684724135	1.70508491120717e-05
1.5846864	0.000759303026658471	1.86605729778399e-05
1.4122353	0.000759569373247891	1.88379921755365e-05
1.2582541	0.000760049328531029	2.02762430969031e-05
1.1224822	0.000758816476143121	2.12557539139635e-05
1.0000616	0.000763250479489226	1.9986617218169e-05
0.89082122	0.000763165244128146	2.08471836476501e-05
0.79444051	0.000764575481793	2.18303877638599e-05
0.70784986	0.000767199213292267	2.30560898327647e-05
0.63126236	0.00076941961905783	2.15769496963694e-05
0.562536	0.000769412791079325	2.43990247862552e-05
0.50118715	0.000771679397512409	2.30730297667246e-05
0.44642836	0.000772740779821636	2.48086639676059e-05
0.39821118	0.000774723389649717	2.6539463318504e-05
0.35475865	0.000775623352918442	2.54032642439245e-05
0.31619295	0.000777901644007931	2.78138155685696e-05
0.2819173	0.00077865901846378	2.8500576171613e-05
0.25117323	0.000780593252095488	3.07976687927017e-05
0.22391155	0.000783184471947433	3.17928195412087e-05
0.19957349	0.000785087758447285	3.07886561676046e-05
0.17779917	0.000787551271489581	3.41773637931517e-05
0.15846863	0.000788692653130815	3.424897414701e-05
0.14123619	0.000790965988710289	3.68441330839704e-05
0.12590662	0.000793217538621623	3.91792537325674e-05
0.1122199	0.000795014331239671	4.21036973753434e-05
0.10002181	0.000795412597506866	4.5473728410348e-05
