10002.226	0.00116827649948023	-0.00960644310424552
8914.9326	0.00113061104107347	-0.00860036583467398
7943.9951	0.00109191209509156	-0.00769981736470841
7081.583	0.00105833967748459	-0.00689142470868886
6307.7358	0.00102526803551567	-0.00616635489801598
5622.5879	0.000993616402789221	-0.0055214412726184
5011.603	0.000965241685767667	-0.00494399553686532
4466.4292	0.000939421958046691	-0.00442626515183243
3981.2773	0.000917946040365391	-0.0039621849987514
3548.8679	0.000895333195620856	-0.00354907955947158
3163.0398	0.000874024496872989	-0.00317852419500562
2819.0986	0.000858395945828478	-0.00284566937198805
2512.4104	0.000842343026293166	-0.00254916513037032
2239.2869	0.000828133359797787	-0.00228366746978357
1995.6381	0.000814785331531791	-0.0020459105428695
1778.2897	0.000802297171441492	-0.00183532612036848
1584.4927	0.000789160884743837	-0.00164237909605404
1412.7418	0.000775492434312168	-0.00147329502460935
1258.7905	0.000769158980462477	-0.00131934400289452
1121.7966	0.000761362685688768	-0.00118547906860654
999.68164	0.000751910191929499	-0.0010610134310763
891.42474	0.000743700731552728	-0.000953517186478083
794.23932	0.000734216385593276	-0.000854473562166921
707.96161	0.000728621942701834	-0.000767143482059451
631.00977	0.000721094507812154	-0.000688998603086775
562.33929	0.000716142087884257	-0.000616776221750199
501.12231	0.000708194432380348	-0.000552284570480273
446.57214	0.000704953419852012	-0.000492326098868499
398.08899	0.000699362318641982	-0.000442878732989404
354.88681	0.000694316286981484	-0.000393168991183176
316.31589	0.000692542243197983	-0.000351308427155834
281.8942	0.000687123342786205	-0.000313400726971567
251.20601	0.000683294233054132	-0.000277324122548114
223.92496	0.000682252190004347	-0.000244300096370897
199.55338	0.000681213182419588	-0.000215874621445455
177.78128	0.000681648453708962	-0.000187561717742001
158.52898	0.000681415432333093	-0.00016406227692924
141.21979	0.000679729745302267	-0.000143679304668616
125.92673	0.000680883351846436	-0.000123895452041293
112.19009	0.000685423724293659	-0.000106895356870871
99.968163	0.000683116792237902	-8.81288609990721e-05
89.115646	0.000687395854542022	-7.74803241604408e-05
79.415741	0.000687946970336417	-6.11759968247698e-05
70.793182	0.000692418647132268	-5.34660567643993e-05
63.082279	0.000693581505433808	-4.16606341563947e-05
56.241825	0.00069988295986773	-3.10676514233868e-05
50.112232	0.000699580808506168	-2.28582952283727e-05
44.671223	0.000703282794550842	-1.72974043447693e-05
39.808899	0.000706196047274761	-1.31396219303823e-05
35.488308	0.000708110657078054	-8.57305913027803e-06
31.629578	0.000711921147704599	-1.55474053415173e-06
28.187037	0.000714363731501672	-2.30168410542294e-06
25.120602	0.000718506308898353	4.40694763985735e-06
22.385418	0.000720106324948592	6.56207138208668e-06
19.955338	0.000723152820591147	9.48810725244276e-06
17.775894	0.000728054778190422	1.11723497927285e-05
15.846864	0.00072939688552357	1.18350222413271e-05
14.127493	0.000731631619946849	1.27237393974435e-05
12.587309	0.000732835838839295	1.26397678003792e-05
11.216775	0.000736479825791869	1.43916390962435e-05
9.9968166	0.000737486800571154	1.17760500510363e-05
8.9082127	0.000739437512777113	1.44690172296556e-05
7.9395623	0.000741187595286855	1.49819989110855e-05
7.0765615	0.000743642837437614	1.75612007543031e-05
6.3105822	0.00074532191681014	1.83547480964087e-05
5.6245475	0.00074340794595253	1.661470267356e-05
5.0112233	0.00074695107136289	1.58010130619327e-05
4.4642835	0.000748670996285039	1.67681729715657e-05
3.9819033	0.000749294503510595	1.60268473161028e-05
3.5479143	0.000751509430761648	1.82542887159189e-05
3.1629577	0.000751921087136928	1.84523751045945e-05
2.818361	0.000754851962109515	1.9107514813176e-05
2.5112481	0.000753753937298159	1.596930218037e-05
2.2398233	0.000755595144374712	1.63004006399066e-05
1.9950197	0.000754782742050495	1.63607670170873e-05
1.7775893	0.000757910525978561	1.69697068874062e-05
1.5846864	0.000760263470038858	1.90603968209266e-05
1.4122353	0.000758897384675915	1.78372646500709e-05
1.2582541	0.000760501887298448	1.97778113951025e-05
1.1224822	0.000760783007434861	2.00183151502946e-05
1.0000616	0.000763920227002033	1.90961803284984e-05
0.89082122	0.000764536595683709	2.1368722281617e-05
0.79444051	0.000765412702898323	1.98176046124734e-05
0.70784986	0.000766182605264775	2.11643621532922e-05
0.63126236	0.000769918209667408	2.30290011677354e-05
0.562536	0.000768180648390019	2.35976683016596e-05
0.50118715	0.000771266879894781	2.28773034452358e-05
0.44642836	0.000774269244249615	2.34479342936878e-05
0.39821118	0.000773962109841544	2.65522007580515e-05
0.35475865	0.000776646258073443	2.70799022147482e-05
0.31619295	0.000778941482752158	2.7022771141698e-05
0.2819173	0.000777860272064345	2.92987696889061e-05
0.25117323	0.000781730072554085	3.02337579404041e-05
0.22391155	0.000782764471627701	3.09898617572459e-05
0.19957349	0.000787023300970763	3.09939685769367e-05
0.17779917	0.000785956681470585	3.44740389227428e-05
0.15846863	0.000788412900222596	3.59166443941316e-05
0.14123619	0.000790145461478144	3.74580467033798e-05
0.12590662	0.000794457933656831	3.84660025673287e-05
0.1122199	0.000794124754939114	4.09266848669248e-05
0.10002181	0.000796679651901182	4.22767024651715e-05
