10002.226	0.00116918632173273	-0.00960643085036911
8914.9326	0.00113023186049684	-0.00859891634173588
7943.9951	0.00109201645500725	-0.00769757822246322
7081.583	0.00105627982209543	-0.00689121708466285
6307.7358	0.0010264227916332	-0.00616684785852195
5622.5879	0.000993249247642899	-0.0055221544730446
5011.603	0.000965393281182781	-0.00494475668948678
4466.4292	0.000939726042509532	-0.00442506027017498
3981.2773	0.000917322087521612	-0.00396079158363971
3548.8679	0.000893811810691455	-0.00354856263341168
3163.0398	0.000877632662293909	-0.00317833105229598
2819.0986	0.000858903415801095	-0.00284636995992198
2512.4104	0.00084288939576121	-0.00254829140319073
2239.2869	0.000827880861946552	-0.00228440956134234
1995.6381	0.000813912605113611	-0.002046673149744
1778.2897	0.000801907707291562	-0.00183207605729824
1584.4927	0.000789767531119054	-0.00164338867026692
1412.7418	0.000778435419202437	-0.00147431535674552
1258.7905	0.000769295910229392	-0.00132179985984205
1121.7966	0.000758352547560942	-0.00118297002527474
999.68164	0.000750253865944035	-0.00106125605569784
891.42474	0.000743542960457741	-0.000953477842480982
794.23932	0.000734716543237623	-0.000856084891071064
707.96161	0.00072749144976486	-0.000766631421676377
631.00977	0.000720145444434073	-0.000689208511322734
562.33929	0.0007144738795416	-0.000614871676827647
501.12231	0.000710443501819102	-0.000552353305458873
446.57214	0.000703026297065041	-0.000492875711545886
398.08899	0.000699974703050454	-0.000441036020431387
354.88681	0.00069374307526399	-0.000394316554047912
316.31589	0.000690129211043927	-0.000351144083909726
281.8942	0.000687204079447196	-0.000312088167298242
251.20601	0.000685011155961419	-0.000278058192955782
223.92496	0.000681601548728575	-0.000243310788236416
199.55338	0.000682528963096676	-0.000215935467150561
177.78128	0.000681540023299736	-0.000190153990666851
158.52898	0.000682226736751867	-0.000164010422097234
141.21979	0.000680407003793006	-0.000143938281684946
125.92673	0.000680866029709528	-0.00012267892595472
112.19009	0.000684122346305353	-0.000107644632540916
99.968163	0.000682946668168316	-9.092323079126e-05
89.115646	0.000686440607724499	-7.64543864260532e-05
79.415741	0.000687988982600112	-6.29217359274384e-05
70.793182	0.000691678953350189	-5.08192525796622e-05
63.082279	0.000693847244336248	-4.19141750185436e-05
56.241825	0.000696973802357026	-3.40953580098278e-05
50.112232	0.000700557093807618	-2.3144332190103e-05
44.671223	0.000703316211102679	-1.79674715578643e-05
39.808899	0.000705059944293385	-1.29043624167047e-05
35.488308	0.000709969206850741	-7.53176813865139e-06
31.629578	0.00071236345290267	-2.79844910853121e-06
28.187037	0.000713803661067697	5.79734569766152e-07
25.120602	0.000718075300795255	3.93549979193277e-06
22.385418	0.000722271234455642	3.95462529629964e-06
19.955338	0.000725047446964358	7.55957592864828e-06
17.775894	0.000727065881769598	1.21138871140546e-05
15.846864	0.000730585915046406	1.09757413814365e-05
14.127493	0.000731305043317832	1.40270822848108e-05
12.587309	0.00073275124622991	1.31095210282313e-05
11.216775	0.000734414601186378	1.48717713553575e-05
9.9968166	0.00073676009574947	1.30743867357752e-05
8.9082127	0.000738384625977669	1.58822788228466e-05
7.9395623	0.000738899731759477	1.57180401927346e-05
7.0765615	0.000744052919472184	1.63600783255023e-05
6.3105822	0.000744188735063863	1.79291071039754e-05
5.6245475	0.000743919441321331	1.65421409902913e-05
5.0112233	0.000747856154628675	1.7115662481743e-05
4.4642835	0.000748831060797922	1.79316778661702e-05
3.9819033	0.00074740732632356	1.5097872333757e-05
3.5479143	0.00074891025450116	1.68060933673196e-05
3.1629577	0.00075391348818286	1.7242518542002e-05
2.818361	0.000753077650989363	1.77744425786064e-05
2.5112481	0.000754115293027106	1.66803958849766e-05
2.2398233	0.000755181890284066	1.63371089075224e-05
1.9950197	0.000755440422705462	1.78032062452731e-05
1.7775893	0.000757876131108957	1.73454847936666e-05
1.5846864	0.00075865054636983	2.08920663225936e-05
1.4122353	0.00075878792555521	1.90930944163926e-05
1.2582541	0.000760741810910104	1.91151866077354e-05
1.1224822	0.000761218848064363	1.98744690603664e-05
1.0000616	0.000762446490665886	2.0625058088269e-05
0.89082122	0.000764989345141068	2.1370499429516e-05
0.79444051	0.000767999804647906	2.18152773766514e-05
0.70784986	0.000767156008143605	2.23799267835254e-05
0.63126236	0.000767331161063223	2.21225750023473e-05
0.562536	0.000769748529687419	2.47441534402988e-05
0.50118715	0.000770720758514237	2.40946962649573e-05
0.44642836	0.000774045877326194	2.54318531004168e-05
0.39821118	0.000774219979160486	2.59078476374107e-05
0.35475865	0.000777005301388794	2.62502921309687e-05
0.31619295	0.000778233556945189	2.62609861533361e-05
0.2819173	0.000780054908020342	2.82152038721244e-05
0.25117323	0.000781702958123372	3.02794346456498e-05
0.22391155	0.000783238790306641	3.14127180700906e-05
0.19957349	0.000783215711417955	3.30944773229892e-05
0.17779917	0.000784445846904549	3.47997698371735e-05
0.15846863	0.000788721786822396	3.39491462779479e-05
0.14123619	0.000792352450054541	3.73359229104864e-05
0.12590662	0.000793041129366201	4.08070672604701e-05
0.1122199	0.000794811777624921	4.12504588726351e-05
0.10002181	0.000797547749966115	4.29261975079945e-05
