10002.226	0.00116919722226334	-0.00960622722052708
8914.9326	0.00112899051517086	-0.00859946771629748
7943.9951	0.00109135554785059	-0.00769597438353668
7081.583	0.00105744686422819	-0.00689137232949333
6307.7358	0.00102578864962874	-0.00616509306386497
5622.5879	0.000993493270939604	-0.00552028334499788
5011.603	0.000965485057300809	-0.00494339711798832
4466.4292	0.000942457767841411	-0.00442429639276575
3981.2773	0.00091781009250207	-0.00396275616939752
3548.8679	0.00089427704450798	-0.0035485887609249
3163.0398	0.000876633938739973	-0.00318009995320932
2819.0986	0.000857957273573427	-0.00284543445099058
2512.4104	0.000842426239810254	-0.00254825563625194
2239.2869	0.000826978061379505	-0.0022843887453697
1995.6381	0.000814678988402836	-0.0020434086209054
1778.2897	0.000801625561922186	-0.00183366835891675
1584.4927	0.000789718050239112	-0.00164112564074826
1412.7418	0.000777770668268712	-0.00147233139236248
1258.7905	0.000768263571197368	-0.00132007520159359
1121.7966	0.000759648978642635	-0.00118453939415417
999.68164	0.000752066288829344	-0.0010609667291023
891.42474	0.000742750671422588	-0.000953318315243175
794.23932	0.000735052036596166	-0.000856738673854489
707.96161	0.000726570090937096	-0.00076515205122068
631.00977	0.000720756506000303	-0.000687992035156811
562.33929	0.000713273220883909	-0.000614621062818244
501.12231	0.000708319695346319	-0.000551582874946355
446.57214	0.000703481385118937	-0.000492149953535556
398.08899	0.000699207861461924	-0.00044329299629274
354.88681	0.000694922449615409	-0.000393733958885641
316.31589	0.000692400054062889	-0.000351403613576637
281.8942	0.000688634038936019	-0.000311514418852298
251.20601	0.000683528815829267	-0.000277603515708836
223.92496	0.000684214555690705	-0.000243699210045395
199.55338	0.000681299206281042	-0.000215699298866334
177.78128	0.00068206639721337	-0.000186729437705278
158.52898	0.000683382808676206	-0.000162166766295774
141.21979	0.00067870334744699	-0.000144461325595304
125.92673	0.000681629223284049	-0.000124913111604013
112.19009	0.000684160291882025	-0.00010758358100384
99.968163	0.000682913379787655	-8.83227946673996e-05
89.115646	0.000687863018321242	-7.68316718885128e-05
79.415741	0.000688208474244254	-6.36392704862848e-05
70.793182	0.000691189394488396	-5.15337835877833e-05
63.082279	0.000693034206286361	-4.01047855647836e-05
56.241825	0.000697784087128527	-3.1921314185419e-05
50.112232	0.000699550007276079	-2.33330287610024e-05
44.671223	0.000701485102643056	-1.83826395472113e-05
39.808899	0.000706620361318028	-1.24569919580236e-05
35.488308	0.000710816102856813	-7.14921023471677e-06
31.629578	0.0007110332836398	-1.85300098698409e-06
28.187037	0.000715368712353	8.64223766100013e-07
25.120602	0.000718827295788672	5.3122843522559e-06
22.385418	0.000719327841977807	5.14339242029911e-06
19.955338	0.000724520108641848	7.30384192788751e-06
17.775894	0.000726625722536386	1.20821131272023e-05
15.846864	0.000728664788932148	1.05546119704888e-05
14.127493	0.000732041785637888	1.45653637293464e-05
12.587309	0.000733846791935241	1.52844074201959e-05
11.216775	0.000735459690846127	1.57192324165304e-05
9.9968166	0.00073694478268314	1.55518775633901e-05
8.9082127	0.000740003922071293	1.57666552491142e-05
7.9395623	0.000738119396678754	1.67987054273255e-05
7.0765615	0.000745705818653708	1.82583539062231e-05
6.3105822	0.00074287344300756	1.91066547015299e-05
5.6245475	0.000745506517984609	1.5928190945283e-05
5.0112233	0.000748268537511619	1.68381548693096e-05
4.4642835	0.00074879071225511	1.61732556640072e-05
3.9819033	0.000750565506559634	1.6639876763831e-05
3.5479143	0.000751447785557182	1.54160043504998e-05
3.1629577	0.000752488081449165	1.84902975768349e-05
2.818361	0.000753392243533797	1.92467315855038e-05
2.5112481	0.0007542630532081	1.70109064597658e-05
2.2398233	0.000754080711945008	1.75885106127354e-05
1.9950197	0.000756900378358278	1.67438702841224e-05
1.7775893	0.000758664378268534	1.62811048380129e-05
1.5846864	0.000758610512350429	1.87188740840397e-05
1.4122353	0.000758756993519831	1.70339864169837e-05
1.2582541	0.000762587900751645	1.61475842722381e-05
1.1224822	0.000761668250965993	1.62889963874164e-05
1.0000616	0.000763202773682424	2.03164699117555e-05
0.89082122	0.000764124817722524	1.98805563013087e-05
0.79444051	0.000766510284428766	1.88959443007441e-05
0.70784986	0.00076801631529576	2.20512705346754e-05
0.63126236	0.000769541367077018	2.18923394535124e-05
0.562536	0.000770377615722103	2.08548117624754e-05
0.50118715	0.000771192695301146	2.22839944688119e-05
0.44642836	0.000773910165133808	2.23720711686269e-05
0.39821118	0.000772916213029786	2.57157900664202e-05
0.35475865	0.000775455540728879	2.53471479999481e-05
0.31619295	0.000776909423556284	2.76168731674884e-05
0.2819173	0.000778839286728354	2.97498517930822e-05
0.25117323	0.00077985011185142	3.06341970014968e-05
0.22391155	0.000781951722952719	3.20126462706485e-05
0.19957349	0.000784683110689444	3.33786294779298e-05
0.17779917	0.000786411950705208	3.41813621235732e-05
0.15846863	0.000788649278486539	3.66559796324758e-05
0.14123619	0.00078931417243445	3.63554546013464e-05
0.12590662	0.000792295080435253	3.86516131941637e-05
0.1122199	0.000795463891036459	3.99965247098471e-05
0.10002181	0.00079710913181324	4.4219971210118e-05
