10002.226	0.00117024861233612	-0.00960655118286323
8914.9326	0.00112899749623251	-0.00859975675641554
7943.9951	0.0010933181008262	-0.00769690144925362
7081.583	0.00105784862523955	-0.00689207025648684
6307.7358	0.00102453735278633	-0.00616666543509242
5622.5879	0.000995221895675911	-0.00552071436441714
5011.603	0.000966025446400814	-0.00494439145680418
4466.4292	0.00094335721909118	-0.00442544276897832
3981.2773	0.000917184631631641	-0.00396210586268958
3548.8679	0.00089431725130295	-0.00354828159348103
3163.0398	0.000875531298825077	-0.00317849303653722
2819.0986	0.000858386410587275	-0.00284444827944457
2512.4104	0.000843939582595074	-0.00254829129029942
2239.2869	0.00082895774927018	-0.0022841017658467
1995.6381	0.000813579612401858	-0.00204773473534671
1778.2897	0.000802585190457577	-0.0018333906791873
1584.4927	0.000789169304409776	-0.00164277286922168
1412.7418	0.000777161157017517	-0.00147018147200484
1258.7905	0.000767156305547205	-0.00132085547251676
1121.7966	0.000758598707702237	-0.00118349405076012
999.68164	0.000751167357121623	-0.00106059493431908
891.42474	0.000741242785895181	-0.000951975816618899
794.23932	0.000736741953377652	-0.000856524519950972
707.96161	0.000729752327280299	-0.000766857026502956
631.00977	0.000721113782303294	-0.000686630778205214
562.33929	0.000714193548967473	-0.00061610560549421
501.12231	0.000708887343179957	-0.000551400628291205
446.57214	0.000704212451067899	-0.000493024597651441
398.08899	0.000698492513170264	-0.00044224452717535
354.88681	0.000696249703905276	-0.000394083858356258
316.31589	0.000692277132300565	-0.000350856075364857
281.8942	0.000687946423098703	-0.000311645198977776
251.20601	0.00068178604082268	-0.000278455862218682
223.92496	0.000683238780704107	-0.000243101595393462
199.55338	0.000680962390267251	-0.000216717061772642
177.78128	0.00068066165572869	-0.000188292300807686
158.52898	0.00068145963300308	-0.000166234236947219
141.21979	0.000678824386764256	-0.000144446061721835
125.92673	0.000679295507493451	-0.000124769036186217
112.19009	0.000682266230677751	-0.000109460588100644
99.968163	0.000683872476330558	-9.09219492864939e-05
89.115646	0.000687987853520895	-7.60199770838084e-05
79.415741	0.000688005875043766	-6.33022318514208e-05
70.793182	0.000691536310739856	-5.24917171619444e-05
63.082279	0.000693024621585183	-4.13604149993543e-05
56.241825	0.000697997507136805	-3.19904453869042e-05
50.112232	0.000699154988947785	-2.34221322142962e-05
44.671223	0.000703031926067071	-1.7742811667646e-05
39.808899	0.000705706068145513	-1.32777904757934e-05
35.488308	0.000708360837418416	-7.33590067123171e-06
31.629578	0.00071344631616459	-3.75241514266046e-06
28.187037	0.000714610572147316	9.0762505150471e-07
25.120602	0.00071759388156474	3.8364997068494e-06
22.385418	0.000720033932949789	7.0820801855222e-06
19.955338	0.000725695705221674	9.1971945077795e-06
17.775894	0.000726244413769149	1.27681044305008e-05
15.846864	0.000728129693845988	9.44780398220129e-06
14.127493	0.000731615272790092	1.46364853429309e-05
12.587309	0.00073292802106978	1.39014852852314e-05
11.216775	0.000735557390917143	1.4431722444003e-05
9.9968166	0.000737767748657383	1.42105313072095e-05
8.9082127	0.00073980606826338	1.81787646716962e-05
7.9395623	0.000739934947769013	1.60031508993033e-05
7.0765615	0.000742458582846779	1.65560131806527e-05
6.3105822	0.000744144488785726	1.8475569431573e-05
5.6245475	0.000745968800801714	1.51821994906051e-05
5.0112233	0.000747871465992107	1.76339164089667e-05
4.4642835	0.000748237639537563	1.43705033723655e-05
3.9819033	0.000750291803117461	1.82937330615389e-05
3.5479143	0.000750066392288373	1.81208995232285e-05
3.1629577	0.00075180660435601	1.8179796044942e-05
2.818361	0.000754811125902594	1.66591596549776e-05
2.5112481	0.000754114541116933	1.64982345391032e-05
2.2398233	0.000754684404638258	1.68818066026403e-05
1.9950197	0.000756080054543511	1.66155476973121e-05
1.7775893	0.000757857612960689	1.81281715026851e-05
1.5846864	0.000760909764508099	1.70757836512429e-05
1.4122353	0.000758963890835556	1.88686418508402e-05
1.2582541	0.000760195212302087	1.92979672595096e-05
1.1224822	0.000760891577402525	1.98871233807816e-05
1.0000616	0.000764202108342181	2.14633373236398e-05
0.89082122	0.000764296609698731	2.00035414490227e-05
0.79444051	0.000767170825435547	2.15380630424049e-05
0.70784986	0.000766256906190949	2.17425550010336e-05
0.63126236	0.000767077705481201	2.16608334357839e-05
0.562536	0.000769028787758171	2.39013241181965e-05
0.50118715	0.000772245609591439	2.47817185707303e-05
0.44642836	0.0007725374196071	2.40067706203665e-05
0.39821118	0.000775870907428298	2.69461140717318e-05
0.35475865	0.000776085270268134	2.68015302846527e-05
0.31619295	0.000778392900798911	2.88113211695041e-05
0.2819173	0.000780420718780312	2.80253796046478e-05
0.25117323	0.000780862191737346	2.83581046370132e-05
0.22391155	0.000781680540835063	2.82359647507833e-05
0.19957349	0.000784665938399882	3.21357599572525e-05
0.17779917	0.000786413111021108	3.49938549650523e-05
0.15846863	0.000789108659634826	3.47637802603872e-05
0.14123619	0.000789402147891477	3.78172861461005e-05
0.12590662	0.000793083002783284	3.98381137017575e-05
0.1122199	0.0007962361974843	4.0619595762466e-05
0.10002181	0.000798717252269084	4.17987065172287e-05
