10002.226	0.0011708564076594	-0.00960924674046455
8914.9326	0.00112841335000428	-0.00860013892639854
7943.9951	0.00109113222212271	-0.00769813114430945
7081.583	0.0010576846924506	-0.00689125475978201
6307.7358	0.00102520709197996	-0.00616623811165345
5622.5879	0.000993334841900899	-0.00552193976964637
5011.603	0.000964999000213031	-0.00494363464631991
4466.4292	0.000939335681739103	-0.00442423974736722
3981.2773	0.00091766492600595	-0.00396296336435464
3548.8679	0.000894491293387593	-0.00354829165748824
3163.0398	0.000875614242964668	-0.00317781464648996
2819.0986	0.000857627627047777	-0.00284367750113343
2512.4104	0.000842673471468513	-0.00254772971784103
2239.2869	0.000827301974358558	-0.00228189497025327
1995.6381	0.000813879603513343	-0.0020463556103687
1778.2897	0.000801775756449585	-0.00183246121821085
1584.4927	0.000789100287450345	-0.0016416045627168
1412.7418	0.000775513401730226	-0.00147292660336369
1258.7905	0.00077034295970681	-0.0013210664433524
1121.7966	0.000759290564876613	-0.00118631582552257
999.68164	0.000750691506513448	-0.00106183148822267
891.42474	0.000741240609696977	-0.000952309782809566
794.23932	0.000734061293480307	-0.000857416376047452
707.96161	0.000726178967791173	-0.00076487367316135
631.00977	0.000720195748905781	-0.000687347139162242
562.33929	0.000715361973613606	-0.000617531400394289
501.12231	0.000709831689852349	-0.000555011439469107
446.57214	0.000703641341354044	-0.000492360122635852
398.08899	0.000698886951378997	-0.00044184631457145
354.88681	0.000694869687556316	-0.000394144624567554
316.31589	0.000689640258304467	-0.000349764328970854
281.8942	0.000687229570429614	-0.000313472093133026
251.20601	0.000682002832534162	-0.000276164420360492
223.92496	0.000684894265452639	-0.000245048986841458
199.55338	0.000681052931191052	-0.000216708259211984
177.78128	0.000681738715063619	-0.000188609525772786
158.52898	0.000682442616849167	-0.000166048429757389
141.21979	0.000679185391105059	-0.000142895466179226
125.92673	0.000681694086392871	-0.000123321903205359
112.19009	0.000681934703748491	-0.000107940750855681
99.968163	0.000685077351171906	-8.94901165593392e-05
89.115646	0.000687306580435525	-7.65023252605665e-05
79.415741	0.000686867249518985	-6.32935497539131e-05
70.793182	0.000690455231658269	-5.25156692114239e-05
63.082279	0.000693915124688837	-4.14569843437399e-05
56.241825	0.000698680139090937	-3.31404488822383e-05
50.112232	0.000699118031511722	-2.41844709945987e-05
44.671223	0.00070372747020033	-1.93986234660444e-05
39.808899	0.0007048863667031	-1.40703351840925e-05
35.488308	0.000709712197368048	-7.59021196201943e-06
31.629578	0.000712072115145875	-2.98591972282514e-06
28.187037	0.000714423307671582	4.94077083385748e-07
25.120602	0.000717880889080753	2.87943821771739e-06
22.385418	0.000720841559633092	7.60171194327777e-06
19.955338	0.000724553335913497	8.38946490944793e-06
17.775894	0.000726629149312218	9.32305055071657e-06
15.846864	0.000729670672054042	1.09318946904388e-05
14.127493	0.000731371972612554	1.30996166433474e-05
12.587309	0.000732258320981986	1.27662383936264e-05
11.216775	0.000734062442305101	1.4965846602635e-05
9.9968166	0.00073666696120401	1.30889106792928e-05
8.9082127	0.000740300150905452	1.66941194808404e-05
7.9395623	0.000740189952999488	1.75182401834602e-05
7.0765615	0.000743454692702991	1.90164355383915e-05
6.3105822	0.000744975151919156	1.59068336468801e-05
5.6245475	0.000746656697318306	1.46572858249821e-05
5.0112233	0.00075014038561312	1.92090117608536e-05
4.4642835	0.000747702287560353	1.44632602832874e-05
3.9819033	0.000750321926787055	1.65644811383192e-05
3.5479143	0.000752350760340226	1.79875953857122e-05
3.1629577	0.000751319427237978	1.91432819680083e-05
2.818361	0.000752582843948213	1.65203841512146e-05
2.5112481	0.000755952196743565	1.63905151478131e-05
2.2398233	0.000754962226007504	1.62788444042254e-05
1.9950197	0.000756359919478213	1.77588800940929e-05
1.7775893	0.000758883600718508	1.79532997445422e-05
1.5846864	0.000758563240231429	1.97637948561742e-05
1.4122353	0.000758523092810652	1.7344911553799e-05
1.2582541	0.000758713097762398	2.17664400945915e-05
1.1224822	0.000763375062573159	1.94967441547207e-05
1.0000616	0.000763946967125248	2.03950246882334e-05
0.89082122	0.000765622669410331	2.03878086309268e-05
0.79444051	0.000766311106209495	2.00041630504261e-05
0.70784986	0.000766346148889343	2.08205292294496e-05
0.63126236	0.000769436040344179	2.28763833252151e-05
0.562536	0.000771890312318479	2.37545051124621e-05
0.50118715	0.000770517849243212	2.53519707143054e-05
0.44642836	0.00077275074202934	2.27344940327509e-05
0.39821118	0.000776592021502672	2.5648313195088e-05
0.35475865	0.000776431136573751	2.79577549408142e-05
0.31619295	0.000777744151389743	2.79332028375661e-05
0.2819173	0.000779283687303558	2.72097160468984e-05
0.25117323	0.00078178030119788	3.11932924406165e-05
0.22391155	0.000783169149263751	3.12557197959033e-05
0.19957349	0.000785429523917706	3.19735798851777e-05
0.17779917	0.000785080066501952	3.46744620922834e-05
0.15846863	0.000787979131382239	3.49397255476587e-05
0.14123619	0.000792175187591392	3.68990366642765e-05
0.12590662	0.000792473358364108	3.83194276226419e-05
0.1122199	0.0007933703672211	4.03343449629018e-05
0.10002181	0.00079869815650334	4.03940777356725e-05
