10002.226	0.00116945202986309	-0.00960675258638271
8914.9326	0.00112784734794184	-0.0086001355210855
7943.9951	0.0010916995377772	-0.00769882948675064
7081.583	0.00105636043488452	-0.00689202627953875
6307.7358	0.00102679208870811	-0.00616578164002222
5622.5879	0.000994279886463161	-0.00552044946779773
5011.603	0.000964877735490758	-0.00494353390911775
4466.4292	0.000941170474163962	-0.00442580317611043
3981.2773	0.000916539101108087	-0.00396222967660242
3548.8679	0.00089580057452008	-0.0035496762023132
3163.0398	0.000876398563900906	-0.00317915623784162
2819.0986	0.000860524149265573	-0.00284408020960076
2512.4104	0.00084151366185387	-0.00254722540897533
2239.2869	0.00082782236347761	-0.00228353942769113
1995.6381	0.000813069183865452	-0.00204494476702492
1778.2897	0.00080097335648539	-0.00183155385268422
1584.4927	0.000788870755435852	-0.00164338607555283
1412.7418	0.00077609316350502	-0.00147195764842015
1258.7905	0.000769642880107168	-0.0013205334246011
1121.7966	0.00076000886173022	-0.00118588786159587
999.68164	0.000750711115793419	-0.00106112994729484
891.42474	0.00074025895829055	-0.000952910948282925
794.23932	0.000734887133974021	-0.00085476855380202
707.96161	0.000727509562434838	-0.000765766022195022
631.00977	0.000722047303942565	-0.000690432427770288
562.33929	0.000713588779527113	-0.000617579616478627
501.12231	0.000710143399764559	-0.000554003399015404
446.57214	0.000703020668754172	-0.000494032671410031
398.08899	0.000699663611614443	-0.000443027751974639
354.88681	0.000695558625577359	-0.000395254384808619
316.31589	0.000692611784675142	-0.000352124447428141
281.8942	0.000687483919933448	-0.000313311086116246
251.20601	0.000682795661089461	-0.000277712951307917
223.92496	0.000682632460065576	-0.000245829137070586
199.55338	0.00068257063047603	-0.00021696459990292
177.78128	0.000681692619567659	-0.000188679800050425
158.52898	0.000681080766492069	-0.000164484413563231
141.21979	0.000680573631508983	-0.000144080550087548
125.92673	0.000679894715457542	-0.000123510844089476
112.19009	0.000682318873477035	-0.000107321024860038
99.968163	0.000683780562399428	-8.97504926302023e-05
89.115646	0.000686542885819742	-7.4057793475051e-05
79.415741	0.000686815951863508	-6.51550808521547e-05
70.793182	0.000689984189598002	-5.11660513022271e-05
63.082279	0.000692975448819313	-4.26701491333877e-05
56.241825	0.000696265753949199	-3.14795253040413e-05
50.112232	0.000700758245279647	-2.40510900836331e-05
44.671223	0.000701894814702731	-1.76980537587854e-05
39.808899	0.00070695063102442	-1.44218083973791e-05
35.488308	0.000708275160665842	-8.12420219739174e-06
31.629578	0.000712232647120684	-2.85100597166758e-06
28.187037	0.000714302063421462	2.14630392888921e-06
25.120602	0.000717905226309938	4.76607095611258e-06
22.385418	0.000721011133517085	6.43368905194291e-06
19.955338	0.000722832029197383	8.23586252038232e-06
17.775894	0.000728429612542428	1.02148515639705e-05
15.846864	0.000728633525219254	1.0984375572633e-05
14.127493	0.000731456384534281	1.35349583684045e-05
12.587309	0.000732715179801921	1.24823307998285e-05
11.216775	0.000735555477095355	1.45804442766717e-05
9.9968166	0.000737796161475981	1.32407962290176e-05
8.9082127	0.000738834621561229	1.71677951011989e-05
7.9395623	0.000741028181121038	1.28967690906206e-05
7.0765615	0.000744084531356432	1.62143805226384e-05
6.3105822	0.000744599304137048	1.64553789779133e-05
5.6245475	0.000744246781991677	1.81747144365815e-05
5.0112233	0.000748704107732558	1.59920503027428e-05
4.4642835	0.000749152260800488	1.58665641139915e-05
3.9819033	0.000749660590915432	1.51014710962085e-05
3.5479143	0.000752267173854709	1.50802620132238e-05
3.1629577	0.000752282139372959	2.02837857463478e-05
2.818361	0.000752679117414612	1.71231536716219e-05
2.5112481	0.000752454098616684	1.69926254409343e-05
2.2398233	0.000753587699967896	1.61693476039033e-05
1.9950197	0.000755984261685022	1.78570466472364e-05
1.7775893	0.000757111854716065	1.72483030902378e-05
1.5846864	0.000759682551555056	1.72684963282054e-05
1.4122353	0.000758085578864488	1.80433035035868e-05
1.2582541	0.000761049644664542	1.88806890994703e-05
1.1224822	0.000761070715173252	1.90160761926977e-05
1.0000616	0.000762291673305301	1.98863204721738e-05
0.89082122	0.000764670348041612	2.10469933881384e-05
0.79444051	0.000766244645443703	2.11916440474935e-05
0.70784986	0.0007673632736809	2.24479576509961e-05
0.63126236	0.000768542224203961	2.13286498773827e-05
0.562536	0.000770472992231168	2.35115747124298e-05
0.50118715	0.000769740589033614	2.45224969117392e-05
0.44642836	0.000771685347090198	2.46113559465228e-05
0.39821118	0.000775910523799014	2.66481490921637e-05
0.35475865	0.000776677837535636	2.76839465915518e-05
0.31619295	0.000777704150185632	2.82972983537431e-05
0.2819173	0.000778871940357501	2.96074185862722e-05
0.25117323	0.000780961690413203	2.86420533435589e-05
0.22391155	0.000780524829754148	3.09385147431805e-05
0.19957349	0.000784464960059707	3.298102603544e-05
0.17779917	0.000786778462192032	3.37617216577658e-05
0.15846863	0.000788822854601736	3.41113800525243e-05
0.14123619	0.000792047207992678	3.71922332119516e-05
0.12590662	0.000793130695375312	3.90959047718237e-05
0.1122199	0.000793994762748453	3.97769705384933e-05
0.10002181	0.000798386484747998	4.2302760548163e-05
