10002.226	0.00117478796266268	-0.00943898463266726
8914.9326	0.00113424450793843	-0.00844981395748671
7943.9951	0.00109727601766781	-0.00756296424216241
7081.583	0.00106005410482915	-0.00677182322818844
6307.7358	0.00103235586619731	-0.00605992800644699
5622.5879	0.000999438540087337	-0.00542468141213305
5011.603	0.000971170176821808	-0.0048571496013211
4466.4292	0.000945065999008653	-0.00434993988800766
3981.2773	0.000920506656775296	-0.00389319709893127
3548.8679	0.000898897601951025	-0.00348536061704818
3163.0398	0.000881938860400959	-0.00312124735180554
2819.0986	0.000863020533162936	-0.00279564443356416
2512.4104	0.000848139520410665	-0.00250336839497502
2239.2869	0.000830776758607256	-0.00224412177976603
1995.6381	0.000819521307372643	-0.00200862537141136
1778.2897	0.000806222550861584	-0.00180059300760667
1584.4927	0.00079463183786995	-0.00161281426182383
1412.7418	0.000783361163219487	-0.00144805305356044
1258.7905	0.00077561533067669	-0.00129695038036735
1121.7966	0.000764624138773799	-0.00116620225205952
999.68164	0.0007575391680088	-0.00104318572261842
891.42474	0.000745662644563404	-0.000936608672347967
794.23932	0.000739799221210176	-0.000840723488799642
707.96161	0.000732434840462708	-0.000751745044793542
631.00977	0.00072684849142929	-0.000678078610308358
562.33929	0.000719006902819014	-0.000604633745788166
501.12231	0.00071393395234856	-0.000542104673924356
446.57214	0.000707250566776394	-0.000485168679428512
398.08899	0.000702990369936665	-0.000436198720179323
354.88681	0.000698781152708543	-0.000387506694653452
316.31589	0.000694983793453314	-0.000344858744320931
281.8942	0.000693302043289717	-0.000309181824841824
251.20601	0.000688935579278619	-0.000273120595975708
223.92496	0.00068780086586098	-0.000239452450016005
199.55338	0.00068776091656182	-0.000212770833390948
177.78128	0.00068392723053367	-0.00018551278066745
158.52898	0.000686811822317712	-0.000161282828574986
141.21979	0.000686972165847281	-0.0001410305268912
125.92673	0.000687213900181321	-0.000121166665265353
112.19009	0.000689166676924313	-0.000106228601817609
99.968163	0.000688946016434683	-8.78863156977807e-05
89.115646	0.00069189566513753	-7.53841087230973e-05
79.415741	0.000693316014934935	-6.15868041183762e-05
70.793182	0.000694636567767975	-4.9971550435261e-05
63.082279	0.000697730447905009	-4.00466881313948e-05
56.241825	0.00070327346190214	-3.06489277761924e-05
50.112232	0.000703896406485139	-2.13716153104346e-05
44.671223	0.000707281963138257	-1.87054921924914e-05
39.808899	0.000710738605789377	-1.37011159704362e-05
35.488308	0.00071355428418023	-7.20976589977252e-06
31.629578	0.000718042533137085	-1.29667274380599e-06
28.187037	0.000719781376878443	-1.08483247633177e-07
25.120602	0.000722611113604668	3.50102989952224e-06
22.385418	0.000727017939734603	4.26923829772689e-06
19.955338	0.000728554289975652	6.47716185331975e-06
17.775894	0.000731262412908503	1.11982630533085e-05
15.846864	0.000732670649216572	1.06669680309792e-05
14.127493	0.000737443924672058	1.38812642229614e-05
12.587309	0.000736904598415377	1.41004228940265e-05
11.216775	0.000740591589003681	1.23836230721177e-05
9.9968166	0.000743829687426083	1.44350573805194e-05
8.9082127	0.000743938613760206	1.65792089938625e-05
7.9395623	0.000744559781171076	1.80067295241769e-05
7.0765615	0.000746409515591054	1.84490774176772e-05
6.3105822	0.000749037064397695	1.84967886797955e-05
5.6245475	0.000749710048318229	1.57812525942641e-05
5.0112233	0.000752765482998398	1.79531625124662e-05
4.4642835	0.000753345917751046	1.75868271752229e-05
3.9819033	0.000753562905302032	1.57765971477289e-05
3.5479143	0.000755076651740653	1.84029597689542e-05
3.1629577	0.000756768143496978	1.82332884736131e-05
2.818361	0.000758359186879573	1.72540120708334e-05
2.5112481	0.00075900398478595	1.65004853558e-05
2.2398233	0.000760188217477255	1.79057740084254e-05
1.9950197	0.000759585816766405	1.59480838433376e-05
1.7775893	0.000762671746440861	1.68784774260066e-05
1.5846864	0.000764467435512032	1.83726553134427e-05
1.4122353	0.000764684197655586	1.90951803513217e-05
1.2582541	0.000767015017826057	1.94626968880879e-05
1.1224822	0.000767427201088726	1.85425099006953e-05
1.0000616	0.000769230574109653	2.05795891206995e-05
0.89082122	0.000769240101656167	2.05966904185281e-05
0.79444051	0.00077242457709694	1.91258866729627e-05
0.70784986	0.000772372091261919	2.03984150349959e-05
0.63126236	0.000773301164578397	2.19194017581082e-05
0.562536	0.000774602005725793	2.23035329603708e-05
0.50118715	0.000777450014178531	2.39921931231008e-05
0.44642836	0.000777839943408653	2.27361176338772e-05
0.39821118	0.000778141120332585	2.63087038553301e-05
0.35475865	0.000779232928928328	2.61931628101997e-05
0.31619295	0.000783065279192852	2.77326597302886e-05
0.2819173	0.00078484424843252	2.74135391587841e-05
0.25117323	0.00078513378861894	2.80865458160457e-05
0.22391155	0.000787469000762688	3.18581445465094e-05
0.19957349	0.00079066387851691	3.1004683572169e-05
0.17779917	0.000790398303633404	3.3267257495795e-05
0.15846863	0.000793736454958472	3.490893578892e-05
0.14123619	0.000795333445591938	3.59950431312073e-05
0.12590662	0.00079843963816078	3.9372917595497e-05
0.1122199	0.000800348968789736	3.95122571912736e-05
0.10002181	0.000801971630466907	4.28160149031828e-05
