10002.226	0.00117614071065763	-0.00943936085836381
8914.9326	0.00113467177452434	-0.00844784436594515
7943.9951	0.00109659799785911	-0.00756290623514532
7081.583	0.00106188755831594	-0.00677068345128979
6307.7358	0.00102949401060461	-0.00605830689585227
5622.5879	0.000998355331134141	-0.00542394317529915
5011.603	0.000970058764556951	-0.00485905082775687
4466.4292	0.000948930513748734	-0.00434705988200647
3981.2773	0.00092337930009325	-0.00389268372285781
3548.8679	0.000899131339293825	-0.00348688820954084
3163.0398	0.000880516513206039	-0.00312350323548525
2819.0986	0.000862607467834974	-0.00279540989826127
2512.4104	0.000845797202350029	-0.00250432172228762
2239.2869	0.000831323831974653	-0.0022440048230286
1995.6381	0.000818067643245468	-0.00201119367807447
1778.2897	0.000807684451270259	-0.00180083181829469
1584.4927	0.000794960076743988	-0.00161216117853751
1412.7418	0.000782664750511221	-0.00144626825943253
1258.7905	0.000772683426180479	-0.00129858113285942
1121.7966	0.000763787420155947	-0.00116431754752783
999.68164	0.000755433996595977	-0.00104221437451343
891.42474	0.000747757718264863	-0.000936674026419285
794.23932	0.000740218730474203	-0.000840502091833581
707.96161	0.000730980556345211	-0.000752473755314236
631.00977	0.00072454897664546	-0.000675047303954669
562.33929	0.000718140140413004	-0.000606853499154705
501.12231	0.000712583431567479	-0.000542465784292212
446.57214	0.000710516568781219	-0.000484093629844477
398.08899	0.000702774500984475	-0.000436059617857028
354.88681	0.000700742150554661	-0.000386658104654321
316.31589	0.000697028101225289	-0.00034277199459686
281.8942	0.000692148864373365	-0.000310234096786498
251.20601	0.000688661489726399	-0.000272057241318431
223.92496	0.000688648254612893	-0.000240971142857149
199.55338	0.0006866829617209	-0.000211386478373605
177.78128	0.000684101711678499	-0.000185448991983074
158.52898	0.000685675524094474	-0.000162772907454284
141.21979	0.000686564684007884	-0.000142157278300331
125.92673	0.000685531989179236	-0.000120233058686428
112.19009	0.000688806579378359	-0.000106738634514348
99.968163	0.000689577195487687	-8.88338538370794e-05
89.115646	0.000692825828559268	-7.57286026597248e-05
79.415741	0.00069420493723609	-6.19223926234708e-05
70.793182	0.000697677874023569	-4.95257907604111e-05
63.082279	0.000697265425209016	-4.2090170795186e-05
56.241825	0.000703655054823123	-3.3615839470807e-05
50.112232	0.000703693975513839	-2.40446043015832e-05
44.671223	0.000707183892332235	-1.71399136644222e-05
39.808899	0.00071158206292032	-1.26670729695088e-05
35.488308	0.000713314661388883	-7.31749766446003e-06
31.629578	0.000717146007351968	-2.33510642797311e-06
28.187037	0.000719300385661817	1.32197370995613e-06
25.120602	0.000722081313991643	3.9193473475641e-06
22.385418	0.000726204122005131	6.63822693241422e-06
19.955338	0.000728353363134231	7.72684096481721e-06
17.775894	0.000731279835093159	1.2374407783246e-05
15.846864	0.000734741537223313	1.26214073423306e-05
14.127493	0.00073637331566458	1.14625739825016e-05
12.587309	0.000736113016198294	1.3057546636882e-05
11.216775	0.00074028961131693	1.52724362687333e-05
9.9968166	0.000742078120529332	1.27821743584456e-05
8.9082127	0.000742897381293418	1.53890727113738e-05
7.9395623	0.00074561116720329	1.77206522976228e-05
7.0765615	0.000748390296402078	1.7004224046033e-05
6.3105822	0.000750764197197038	1.8800638992833e-05
5.6245475	0.0007507895549271	1.57697094677895e-05
5.0112233	0.000753915871974067	1.52277997690435e-05
4.4642835	0.0007539364000272	1.66252347581023e-05
3.9819033	0.000752402581748418	1.72688871877507e-05
3.5479143	0.000755805228467653	1.58093658854252e-05
3.1629577	0.000756214490978847	1.88817057442666e-05
2.818361	0.000757261855583796	1.61939939150981e-05
2.5112481	0.000759463073645597	1.74292747355583e-05
2.2398233	0.00075986341437901	1.64374786540141e-05
1.9950197	0.000759544558959395	1.89205928028941e-05
1.7775893	0.00076285831291373	1.82128771332438e-05
1.5846864	0.000762226445406989	1.86413914181766e-05
1.4122353	0.000765854766024016	1.95875939374128e-05
1.2582541	0.000767711802192132	1.95736340387988e-05
1.1224822	0.000767947707963532	1.94562603698153e-05
1.0000616	0.000768874377024995	2.11273893039676e-05
0.89082122	0.00076951627970892	2.06365440335116e-05
0.79444051	0.000769939558236596	2.05487787810017e-05
0.70784986	0.000774848827634508	2.12539133609763e-05
0.63126236	0.000775258147528394	2.33440963925544e-05
0.562536	0.000775554821385389	2.24439802549613e-05
0.50118715	0.000777837195290543	2.38642757631267e-05
0.44642836	0.00077924752549559	2.4797550623033e-05
0.39821118	0.000780506213752547	2.57154858001865e-05
0.35475865	0.000781701317700341	2.70589194987472e-05
0.31619295	0.000784465729762624	2.79340912973177e-05
0.2819173	0.000785502750539997	2.73031202270576e-05
0.25117323	0.000785869079813161	3.00290705071668e-05
0.22391155	0.00078703354015603	2.94015032284347e-05
0.19957349	0.000790632223893277	3.24146422726143e-05
0.17779917	0.00079172544913434	3.34342914529857e-05
0.15846863	0.000793678828130314	3.56531064827002e-05
0.14123619	0.000795549112519131	3.80516288388772e-05
0.12590662	0.000799817894635925	3.90402342197704e-05
0.1122199	0.000799899748697499	4.02349860325845e-05
0.10002181	0.000804293718601276	4.35848449739537e-05
