10002.226	0.00117453370963057	-0.0094404091532581
8914.9326	0.00113522554482717	-0.00845159503899666
7943.9951	0.00109742211615558	-0.00756309740489732
7081.583	0.00106217670147275	-0.00677155912036495
6307.7358	0.00103047513383171	-0.00605910229533841
5622.5879	0.000999029113038247	-0.00542591705401051
5011.603	0.000969396395495893	-0.00485811848922494
4466.4292	0.000945959633844372	-0.00434829153769732
3981.2773	0.000920950707651206	-0.00389229964211627
3548.8679	0.000899183950423261	-0.00348684134293984
3163.0398	0.000880618835311166	-0.00312250522618333
2819.0986	0.000864270883559598	-0.00279471712985973
2512.4104	0.00084695123222926	-0.00250413291963027
2239.2869	0.000830370222246714	-0.00224429708425858
1995.6381	0.000817178729495148	-0.00200931588561352
1778.2897	0.000805157869070208	-0.00180092176027898
1584.4927	0.000794470979361888	-0.0016128357816116
1412.7418	0.000783417181865121	-0.00144643175020587
1258.7905	0.000774592852055744	-0.00129721078165752
1121.7966	0.000765575007384383	-0.00116236840876231
999.68164	0.000756510826486213	-0.00104262792004286
891.42474	0.000748190535900076	-0.000936114121339292
794.23932	0.000741766254075412	-0.000840466312743587
707.96161	0.000731631854083855	-0.00075289328312392
631.00977	0.000726441828582237	-0.000678424204365959
562.33929	0.000720241540414492	-0.000604769051460393
501.12231	0.000713630664083691	-0.000543054919081375
446.57214	0.000708452205858707	-0.000486312794915619
398.08899	0.000703298928884208	-0.000434460449753571
354.88681	0.000698701594674204	-0.000387757638937515
316.31589	0.000696167053792681	-0.000344521378389958
281.8942	0.000692354693966457	-0.000307628012119697
251.20601	0.00068838263528857	-0.000271588417952291
223.92496	0.000688596326975606	-0.000239498389096439
199.55338	0.000686944064573129	-0.000212260962588217
177.78128	0.000685570261843205	-0.000187006103778249
158.52898	0.000684887763970658	-0.000160557014990353
141.21979	0.000685929252567888	-0.000140774224514395
125.92673	0.000686678450899808	-0.000123565003158509
112.19009	0.000690551861274149	-0.000106712905689427
99.968163	0.000688398885286066	-8.81862633238725e-05
89.115646	0.000690876538335986	-7.50620106544833e-05
79.415741	0.000693848348661377	-6.20199868143667e-05
70.793182	0.000695793115977602	-5.12790208299544e-05
63.082279	0.000698453820126396	-4.06397725980897e-05
56.241825	0.000703013268662205	-3.08675967912629e-05
50.112232	0.000704948803215617	-2.12867034307212e-05
44.671223	0.000706213638635394	-1.78795105504964e-05
39.808899	0.000711854946966601	-1.28303484371331e-05
35.488308	0.000712980864070215	-8.54729858940163e-06
31.629578	0.00071762164366224	-1.87325704592351e-06
28.187037	0.000718862264083437	9.73865771302919e-07
25.120602	0.000720862242081828	2.90871274383162e-06
22.385418	0.000726356039798511	5.83863907968236e-06
19.955338	0.00072868362055411	7.80408670019971e-06
17.775894	0.000733087731073246	1.00440787300172e-05
15.846864	0.000732973981243654	1.22595271568842e-05
14.127493	0.000736369761413302	1.53717079295582e-05
12.587309	0.000738611707798014	1.29710803870083e-05
11.216775	0.000740814201349461	1.46870914363908e-05
9.9968166	0.000742084366128607	1.37668328506208e-05
8.9082127	0.000743559119010557	1.23868601876337e-05
7.9395623	0.000743556601361236	1.41781429334859e-05
7.0765615	0.00074550717142524	1.6595043779794e-05
6.3105822	0.000748949014823354	1.85252511738093e-05
5.6245475	0.000751058001464247	1.39988840217546e-05
5.0112233	0.000753809075317781	1.68713150760514e-05
4.4642835	0.000752213005734181	1.84330837668179e-05
3.9819033	0.000753690455659585	1.79897913289235e-05
3.5479143	0.00075742890251165	1.75668867542396e-05
3.1629577	0.00075441282402154	1.9089004386758e-05
2.818361	0.000758605961588456	1.61245685079614e-05
2.5112481	0.000759555367720838	1.5752174375015e-05
2.2398233	0.000762181490535292	1.76739929633826e-05
1.9950197	0.000760276560074562	1.87804122465608e-05
1.7775893	0.000762301952977236	1.77655435521754e-05
1.5846864	0.000765588581308863	1.7712591814121e-05
1.4122353	0.000765726128773672	1.87620660175119e-05
1.2582541	0.000766893145486046	1.89967672611471e-05
1.1224822	0.000767990634826089	1.99368836673779e-05
1.0000616	0.000769139490543579	1.90953439643676e-05
0.89082122	0.0007695842265498	2.12586554751555e-05
0.79444051	0.000772497825170314	1.75269825681687e-05
0.70784986	0.000773739759325598	2.18614151507578e-05
0.63126236	0.000773531944675665	2.14395314020878e-05
0.562536	0.000774591900765889	2.00631813939154e-05
0.50118715	0.000772686359027884	2.31981501811995e-05
0.44642836	0.000778677388348396	2.38049784748023e-05
0.39821118	0.000779299530782603	2.49337228505388e-05
0.35475865	0.000780734726965	2.52379601207404e-05
0.31619295	0.000782822312344209	2.69856577365824e-05
0.2819173	0.000783861382181785	2.78649729331462e-05
0.25117323	0.000786107768028749	2.7678781376147e-05
0.22391155	0.000787477344314918	3.13246278647063e-05
0.19957349	0.000789998738643155	3.27460621200473e-05
0.17779917	0.000789746484893026	3.24398083083788e-05
0.15846863	0.000796420168826522	3.52917364617148e-05
0.14123619	0.000794869339618263	3.63745941104596e-05
0.12590662	0.000799483290398287	3.81103047172396e-05
0.1122199	0.000801452487022068	3.83119756385325e-05
0.10002181	0.000804536723344449	4.17731387509721e-05
