10002.226	0.00117721691647802	-0.00943995208832421
8914.9326	0.00113429014508666	-0.00844964016868567
7943.9951	0.0010981908230523	-0.0075646910250766
7081.583	0.0010611845485984	-0.00676989978303472
6307.7358	0.00102961171692725	-0.00605710271080001
5622.5879	0.00100200058457532	-0.00542460584430972
5011.603	0.000968782921861398	-0.00485766341979142
4466.4292	0.00094670184106356	-0.00434856868327569
3981.2773	0.000922797093772269	-0.0038930075641734
3548.8679	0.0008980263588606	-0.00348832309353808
3163.0398	0.000882110838866956	-0.00312207047348565
2819.0986	0.000864264474788849	-0.00279542422244204
2512.4104	0.000849079368522112	-0.00250568399527328
2239.2869	0.000833835799342207	-0.00224388134692851
1995.6381	0.000818769684972854	-0.00201025557007491
1778.2897	0.000808679459202813	-0.00180081655780659
1584.4927	0.00079397611816664	-0.00161359907638961
1412.7418	0.00078240632817417	-0.0014467651626176
1258.7905	0.000772830127771913	-0.0012978205147377
1121.7966	0.000764205761564093	-0.00116255152184282
999.68164	0.000754714347585622	-0.00104224946482413
891.42474	0.000748587317432917	-0.000935669811871511
794.23932	0.000741102916727863	-0.000840428896556792
707.96161	0.000731474632271523	-0.000752202904362217
631.00977	0.000723484292744419	-0.000676900446630707
562.33929	0.000718939198417056	-0.000606526818461537
501.12231	0.000714820582073093	-0.000542143658655297
446.57214	0.000709258796354478	-0.000484561895179697
398.08899	0.00070407133291623	-0.000434523454286241
354.88681	0.000699887752722194	-0.000387761271561512
316.31589	0.000696336958806325	-0.000342632462438218
281.8942	0.000694390830855905	-0.000307232878572668
251.20601	0.000689078849171712	-0.000271929312312854
223.92496	0.000687894682092059	-0.000240617903318691
199.55338	0.000686386802273297	-0.000210357580219557
177.78128	0.000686611592664041	-0.000184998845418673
158.52898	0.00068591176624342	-0.000163834542997992
141.21979	0.000685037202210037	-0.000144036115717186
125.92673	0.000684228977737464	-0.00011956008431048
112.19009	0.000689975166435533	-0.000107328772129355
99.968163	0.000688506918925265	-8.89566479838337e-05
89.115646	0.000691236142947176	-7.22342352519991e-05
79.415741	0.000693987072454498	-6.42159036292198e-05
70.793182	0.000696587959269788	-5.24203213286279e-05
63.082279	0.00069851140823054	-4.16771087534975e-05
56.241825	0.000701243847799974	-3.23887492666637e-05
50.112232	0.000705016564718553	-2.34190337476704e-05
44.671223	0.000709295288269238	-1.65176269488011e-05
39.808899	0.000708831891862094	-1.27112243911662e-05
35.488308	0.00071537694826499	-7.46845154284557e-06
31.629578	0.000716834210009295	-3.6762403407353e-06
28.187037	0.000720327661103864	1.23759559985406e-06
25.120602	0.000722718815598865	2.97367061432897e-06
22.385418	0.000725778839188595	7.21212615399291e-06
19.955338	0.000728214230145837	8.91860212218535e-06
17.775894	0.000730429464706733	8.78153892497767e-06
15.846864	0.000734151789165266	1.22939000324601e-05
14.127493	0.000736856838114089	1.2861995769259e-05
12.587309	0.000737696567256368	1.27704967290275e-05
11.216775	0.000739700062842792	1.40267040673454e-05
9.9968166	0.000740856692838751	1.40029637649137e-05
8.9082127	0.000744337559177997	1.41068511624798e-05
7.9395623	0.000744758339360743	1.45216414721035e-05
7.0765615	0.000748049837053532	1.71393448660418e-05
6.3105822	0.000750328927923917	1.67633201895551e-05
5.6245475	0.00074963183082359	1.69236505916588e-05
5.0112233	0.000752551666751174	1.67959778325194e-05
4.4642835	0.000753172997125768	1.64935958781143e-05
3.9819033	0.000755447450343473	1.59285512449392e-05
3.5479143	0.000756130549665999	1.60259835806601e-05
3.1629577	0.000758044306746183	1.61387260783067e-05
2.818361	0.000759087577926332	1.61612044874434e-05
2.5112481	0.000760853897592861	1.66350395031136e-05
2.2398233	0.000760652301749341	1.70303068496762e-05
1.9950197	0.000761595939716495	1.76507548058317e-05
1.7775893	0.000761359181939548	1.66174037817969e-05
1.5846864	0.000765497685442117	1.77271187524012e-05
1.4122353	0.000764118245658337	1.61961430387634e-05
1.2582541	0.00076543735072937	1.9271480695544e-05
1.1224822	0.000766029730040057	1.97269747334232e-05
1.0000616	0.00076879515335425	2.006728055609e-05
0.89082122	0.000768734577882971	2.08100675935699e-05
0.79444051	0.000770250566277227	1.91935414941958e-05
0.70784986	0.000772558483707261	2.29396108060113e-05
0.63126236	0.000773379285246188	2.24004845849497e-05
0.562536	0.000774131576361894	2.2764396894683e-05
0.50118715	0.000775326300543704	2.27839392808272e-05
0.44642836	0.000778660786711858	2.55627444961627e-05
0.39821118	0.000780391818604751	2.63722792080307e-05
0.35475865	0.00078008410835691	2.64285621783973e-05
0.31619295	0.000782033554434754	2.83269703520491e-05
0.2819173	0.000786791526043365	2.74199216022454e-05
0.25117323	0.000786490986141935	2.99981231780269e-05
0.22391155	0.000788888739147287	2.93651218927784e-05
0.19957349	0.000789670412007219	3.25906510437072e-05
0.17779917	0.000790278942692975	3.26049909915453e-05
0.15846863	0.000793417076148924	3.60680927316139e-05
0.14123619	0.000795385813282003	3.43613345876975e-05
0.12590662	0.000799337516940792	3.78407178514934e-05
0.1122199	0.000798677898429535	4.07264744816194e-05
0.10002181	0.000802074396313373	4.23910307672775e-05
