10002.226	0.00117566653927615	-0.00943978641437514
8914.9326	0.00113324749044409	-0.00845028049867915
7943.9951	0.00109773960004122	-0.00756246663750962
7081.583	0.00106201405692445	-0.00677206638765488
6307.7358	0.00103191084191315	-0.00606009659680422
5622.5879	0.000999117182128431	-0.00542488400180505
5011.603	0.000971009601495022	-0.0048567314760579
4466.4292	0.000945197788204133	-0.00434609526758655
3981.2773	0.00092159120416131	-0.00389321189350791
3548.8679	0.000899200643987654	-0.00348696950353887
3163.0398	0.000881475063979107	-0.00312334597565378
2819.0986	0.000865322307259646	-0.00279532374610462
2512.4104	0.000846452732504613	-0.00250353567536079
2239.2869	0.000831160381236274	-0.00224442402739991
1995.6381	0.000819761570708726	-0.00201025356262988
1778.2897	0.000805938650576558	-0.00180107490318167
1584.4927	0.000794300210157009	-0.00161498834405897
1412.7418	0.000783582696609444	-0.00144661481739608
1258.7905	0.000774140847195536	-0.00129774460429312
1121.7966	0.000765412097177226	-0.00116379462895162
999.68164	0.000756346923652789	-0.00104203504291286
891.42474	0.000745142018381497	-0.000936690387863776
794.23932	0.000741477928170557	-0.000839544634358084
707.96161	0.000732207027458391	-0.000751842552664443
631.00977	0.000727213059446811	-0.00067737061998786
562.33929	0.00071815004293861	-0.000605868993126641
501.12231	0.000713382110840882	-0.00054366548200901
446.57214	0.000708359336203354	-0.000485958736187902
398.08899	0.000702796682183559	-0.000433062638605411
354.88681	0.000699081074652768	-0.000386585226438096
316.31589	0.000697925768548619	-0.000344088327302563
281.8942	0.000692402161994301	-0.000307768719725213
251.20601	0.000689215762802768	-0.000271081169208443
223.92496	0.000688286610829428	-0.000240153685354174
199.55338	0.000686401832575916	-0.000213212342001356
177.78128	0.00068519949705817	-0.000185976126298869
158.52898	0.000686680460591929	-0.000161393045747999
141.21979	0.000684366474646378	-0.000141826835461245
125.92673	0.000687339098141209	-0.000119945772329038
112.19009	0.000689123103834776	-0.000107470635344468
99.968163	0.000689664437302209	-8.76527224652069e-05
89.115646	0.000691091795653912	-7.46078785692017e-05
79.415741	0.000694521428068197	-6.41969912817738e-05
70.793182	0.000696405052068773	-5.36410595506198e-05
63.082279	0.000698550928522681	-4.05285569405059e-05
56.241825	0.000703527748592794	-3.33314366228136e-05
50.112232	0.00070617227293588	-2.45100610737985e-05
44.671223	0.000707379929495258	-1.72138352503386e-05
39.808899	0.000710394747543039	-1.05666528839238e-05
35.488308	0.000714613169474574	-6.91755342495457e-06
31.629578	0.000716899464426165	-5.34066442129884e-07
28.187037	0.000717649779504606	-1.97766646022386e-07
25.120602	0.00072308437865613	2.6243306211544e-06
22.385418	0.0007258252461012	6.76293228108129e-06
19.955338	0.000728834501201389	9.24965291714386e-06
17.775894	0.000732948908659845	1.07513777424315e-05
15.846864	0.000734224018643553	1.15485272594556e-05
14.127493	0.000736124151877119	1.46015564680672e-05
12.587309	0.000737071272344777	1.20175241706245e-05
11.216775	0.000741592655940401	1.3618753196877e-05
9.9968166	0.000744464830567691	1.33691085869523e-05
8.9082127	0.000745262149554151	1.47946488263312e-05
7.9395623	0.000743973180827766	1.5663978082492e-05
7.0765615	0.000746385143957097	1.9145145837386e-05
6.3105822	0.000750721507824091	1.61577219201405e-05
5.6245475	0.000750606754536398	1.55209951800207e-05
5.0112233	0.000753058231621304	1.73639597415699e-05
4.4642835	0.000752954148560141	1.60126014038933e-05
3.9819033	0.000755444532800056	1.76974452588783e-05
3.5479143	0.000755558903806354	1.53272031729503e-05
3.1629577	0.000756435810824119	1.78383889671833e-05
2.818361	0.000760574058533867	1.67293765109783e-05
2.5112481	0.000757266323122279	1.62739472455436e-05
2.2398233	0.000759522755236692	1.69511947904338e-05
1.9950197	0.000761555365895148	1.47853261995319e-05
1.7775893	0.000763332541324612	1.79259001718401e-05
1.5846864	0.000764182275589765	1.87134152513064e-05
1.4122353	0.000762894508954615	1.73175725603711e-05
1.2582541	0.000765066497357111	1.89122689657271e-05
1.1224822	0.000766128413612452	1.61560335056158e-05
1.0000616	0.000768699893649279	2.05732495783176e-05
0.89082122	0.000769554468208037	2.03699914980973e-05
0.79444051	0.00077115952636559	2.15137705175473e-05
0.70784986	0.000772819872157354	2.23286909300578e-05
0.63126236	0.000772853132226223	2.04415498656913e-05
0.562536	0.000773116430410975	2.54171877889499e-05
0.50118715	0.000776705435549154	2.28011923902722e-05
0.44642836	0.000778978757817342	2.31015970119523e-05
0.39821118	0.000779332006436349	2.56934555882119e-05
0.35475865	0.00078066083535083	2.91820300818554e-05
0.31619295	0.000784528073241048	2.80991833707138e-05
0.2819173	0.000783359653511259	2.85443913945879e-05
0.25117323	0.000785835253075028	3.00440481039883e-05
0.22391155	0.000787213015239794	3.05973832687133e-05
0.19957349	0.000788769757824437	3.21814377319976e-05
0.17779917	0.000790137412512232	3.20250023189325e-05
0.15846863	0.000793444168611158	3.51632248550231e-05
0.14123619	0.000794903536983587	3.73478871170903e-05
0.12590662	0.000797646536467999	3.90668077995467e-05
0.1122199	0.000800466553929342	3.98561793407797e-05
0.10002181	0.000803602148805841	4.33428879420221e-05
