10002.226	0.00117823378715134	-0.00943735618480689
8914.9326	0.00113293810777874	-0.00844983965241308
7943.9951	0.00109621499799148	-0.00756497673199085
7081.583	0.00106374745468877	-0.00677215465957926
6307.7358	0.00103098832241487	-0.00605880280205804
5622.5879	0.000999935855775456	-0.00542542100929627
5011.603	0.000971411831449226	-0.00485740541932935
4466.4292	0.00094504979975825	-0.00434792247558881
3981.2773	0.000923269999140569	-0.00389360591796769
3548.8679	0.000900639585907363	-0.00348634961688456
3163.0398	0.000881768990382387	-0.00312379930939771
2819.0986	0.000863337528264185	-0.00279594060317493
2512.4104	0.000848365749729486	-0.00250424156986735
2239.2869	0.000831567757042725	-0.00224471508932075
1995.6381	0.000819116871683767	-0.00200961072370861
1778.2897	0.000809223328595237	-0.00180173704352391
1584.4927	0.000794502997486497	-0.00161265532419721
1412.7418	0.000781346718415714	-0.00144612814540473
1258.7905	0.000774085539173772	-0.00129791010673609
1121.7966	0.00076308969502567	-0.00116411658273782
999.68164	0.000757970272601875	-0.00104404855490178
891.42474	0.000746854601226082	-0.000936800390241754
794.23932	0.000741176047443072	-0.000840654852097181
707.96161	0.000732330090079467	-0.000753058335397684
631.00977	0.000727665196283191	-0.000675610533679529
562.33929	0.000720138649652748	-0.000606482184865633
501.12231	0.000714033643292539	-0.000543370655834643
446.57214	0.000708176927964201	-0.00048520484436232
398.08899	0.000701453594793614	-0.00043401166231481
354.88681	0.000699921994526644	-0.000388164824908277
316.31589	0.000696008025834138	-0.000346034490645561
281.8942	0.000693833220700663	-0.000309323616382012
251.20601	0.000689129443859488	-0.000273114434811382
223.92496	0.000687169234753063	-0.000240172830557434
199.55338	0.000687112978907635	-0.00021438096542599
177.78128	0.000685584198437203	-0.000184463172067104
158.52898	0.000686207526414453	-0.000160193292466567
141.21979	0.000684703053328834	-0.000141692668240718
125.92673	0.000686092974878217	-0.000120995937349935
112.19009	0.000690079805238382	-0.000104528648751401
99.968163	0.000689941804321811	-8.90326766492461e-05
89.115646	0.000692467102198808	-7.60381559682749e-05
79.415741	0.000694433520774949	-6.27949523116408e-05
70.793182	0.000696086748639395	-5.10371101113036e-05
63.082279	0.000696303669425609	-4.11547354718991e-05
56.241825	0.000704268095404332	-3.41416970141728e-05
50.112232	0.000704819676564701	-2.32724259384444e-05
44.671223	0.000707531698182074	-1.81518055894141e-05
39.808899	0.000711450891746998	-1.23493956070403e-05
35.488308	0.000715263369511186	-6.56613660237248e-06
31.629578	0.000716963305600004	-2.34449793231975e-06
28.187037	0.000719620233766834	5.13992535121006e-07
25.120602	0.000721909939374792	4.39832735178018e-06
22.385418	0.000727738680316765	6.54376524252853e-06
19.955338	0.000726674258481544	7.83071013395397e-06
17.775894	0.000732646901279905	1.13605002680471e-05
15.846864	0.000734333291113817	9.43430213640973e-06
14.127493	0.000737207467226921	1.32642033868579e-05
12.587309	0.000738825196317421	1.12275984236334e-05
11.216775	0.000739818289878551	1.47492021286003e-05
9.9968166	0.000741834797045588	1.3431637437779e-05
8.9082127	0.000743912194378806	1.42319262344412e-05
7.9395623	0.0007460146866705	1.67959263123384e-05
7.0765615	0.000748793476802944	1.66577378373493e-05
6.3105822	0.000749328122585713	1.77352504691894e-05
5.6245475	0.000750742390366129	1.51724703699325e-05
5.0112233	0.000752796411389857	1.56313686352951e-05
4.4642835	0.000753348365881285	1.66984391776681e-05
3.9819033	0.000753434420404172	1.60682863494622e-05
3.5479143	0.000755700852621592	1.74952100316317e-05
3.1629577	0.000758381617655505	1.70635499076929e-05
2.818361	0.000759251885484673	1.66916614736202e-05
2.5112481	0.000758298651503697	1.47694733237167e-05
2.2398233	0.000758394421716415	1.55985973051906e-05
1.9950197	0.000760645253322385	1.71213656590035e-05
1.7775893	0.00076061004369762	1.61745376743966e-05
1.5846864	0.000764268511600883	1.70470239489593e-05
1.4122353	0.000765310763554346	1.8113968965061e-05
1.2582541	0.000765241809604619	2.06184189352916e-05
1.1224822	0.000766982972503975	2.06812981643077e-05
1.0000616	0.000767979346519344	2.05386639104771e-05
0.89082122	0.000770138273783079	1.97385330737365e-05
0.79444051	0.000770985491842917	2.14225993811508e-05
0.70784986	0.000771760104264206	2.22060818391812e-05
0.63126236	0.000774356024072676	2.1595689881073e-05
0.562536	0.000774312671852413	2.03474832386839e-05
0.50118715	0.000776520903195703	2.53907203611551e-05
0.44642836	0.00077937874456255	2.3835775869875e-05
0.39821118	0.000779585511062892	2.73091241744814e-05
0.35475865	0.000781732686688498	2.76853760427416e-05
0.31619295	0.000782014531455952	2.92575827109887e-05
0.2819173	0.000784705418602577	2.59650586338862e-05
0.25117323	0.000785926924049755	2.8820384896164e-05
0.22391155	0.000788088760480472	3.10085613177299e-05
0.19957349	0.000789880098674482	3.11283808721169e-05
0.17779917	0.000791103963344289	3.31414501048968e-05
0.15846863	0.00079338494033044	3.4325362457687e-05
0.14123619	0.000795626347028568	3.67583774220175e-05
0.12590662	0.000796994862937732	3.83109100578871e-05
0.1122199	0.000799794185631913	4.08930736460628e-05
0.10002181	0.000803626030731002	4.19670380393718e-05
