10002.226	0.00117532969261242	-0.00943976854609004
8914.9326	0.00113325386650031	-0.00844920283865689
7943.9951	0.0010981519599444	-0.00756082276821236
7081.583	0.00106264453947197	-0.00677246042576385
6307.7358	0.00103022887756025	-0.00605873920737222
5622.5879	0.00100016720721949	-0.00542562742030347
5011.603	0.000970455924890059	-0.00485767639847507
4466.4292	0.000944850902743976	-0.00434828259922646
3981.2773	0.00092023954395605	-0.00389322436314454
3548.8679	0.000899971275146496	-0.00348683990950126
3163.0398	0.000882213191852316	-0.00312441153380227
2819.0986	0.000863419637803116	-0.002796355164058
2512.4104	0.000845778063758294	-0.0025039296478864
2239.2869	0.000833837656839847	-0.0022440176882984
1995.6381	0.000819007350061531	-0.00200958139640185
1778.2897	0.000806971230345297	-0.00180029348910385
1584.4927	0.000792762934938532	-0.00161213143488788
1412.7418	0.000782531113262888	-0.00144740663463859
1258.7905	0.000772678374867189	-0.00129711655366491
1121.7966	0.000765120981506937	-0.00116463959673795
999.68164	0.000755731493810325	-0.00104190337739835
891.42474	0.000748255143665231	-0.000937448927912974
794.23932	0.000738803318327011	-0.000840848332548521
707.96161	0.000732031593817611	-0.000752386145309755
631.00977	0.00072600126091936	-0.000677967653877009
562.33929	0.000719496518522882	-0.000604115954274018
501.12231	0.00071393545587888	-0.000541948833916576
446.57214	0.000707781053756221	-0.000486310176350317
398.08899	0.000702397472265357	-0.000434482049861984
354.88681	0.000697238275113123	-0.0003869905942983
316.31589	0.000698496305565459	-0.000343042980076268
281.8942	0.000691138245251906	-0.000307096550817362
251.20601	0.000689704535035552	-0.000271447029331745
223.92496	0.000688787368092162	-0.000239442414916281
199.55338	0.00068835869693015	-0.00021520179919538
177.78128	0.000686566255661506	-0.000185056834741663
158.52898	0.000686438636803527	-0.000161799853825109
141.21979	0.000685078780773448	-0.000140495338497882
125.92673	0.000685888852888515	-0.000121407698209987
112.19009	0.000688818395166232	-0.000105325114837218
99.968163	0.000689669258831778	-8.88389387705944e-05
89.115646	0.000691797185677831	-7.70438650629348e-05
79.415741	0.000695178600939888	-6.05436618222696e-05
70.793182	0.00069685642954576	-5.18485394352653e-05
63.082279	0.000697551093458773	-4.1233904709377e-05
56.241825	0.000703226874816891	-3.12237946045538e-05
50.112232	0.000705083291448762	-2.24221344061688e-05
44.671223	0.000707728725352359	-2.05223395577504e-05
39.808899	0.000710450571438801	-1.20859924779594e-05
35.488308	0.00071459161272836	-6.74960261487951e-06
31.629578	0.000717974871457454	-2.91769044572478e-06
28.187037	0.000720348504513908	-9.14636241228794e-07
25.120602	0.000722619815210749	5.21759197324564e-06
22.385418	0.0007254489967619	6.22824930143613e-06
19.955338	0.000728943721371255	8.7044610188079e-06
17.775894	0.00073244292852554	9.8425448492716e-06
15.846864	0.000734239520824285	1.10144526214514e-05
14.127493	0.000736618911022622	1.16014462028608e-05
12.587309	0.000738190283091915	1.27911062152856e-05
11.216775	0.000738154248514831	1.52747368225264e-05
9.9968166	0.000741312793670741	1.4290723557596e-05
8.9082127	0.000742291598715947	1.28008951069248e-05
7.9395623	0.000745317106208718	1.56966661440493e-05
7.0765615	0.000747660938087675	1.66832709965408e-05
6.3105822	0.000747990361577559	1.78569063023277e-05
5.6245475	0.000751399574446647	1.66318081598915e-05
5.0112233	0.000752704139704721	1.74925248619101e-05
4.4642835	0.000754214138607578	1.71101124722422e-05
3.9819033	0.000754214309291188	1.60949210377429e-05
3.5479143	0.000755529389018753	1.78908808978088e-05
3.1629577	0.000757208687040082	1.77605120429633e-05
2.818361	0.000758613581403015	1.74597749091645e-05
2.5112481	0.000760723945949081	1.52914118109257e-05
2.2398233	0.000761443556816459	1.79207933699977e-05
1.9950197	0.000762755671527774	1.66956952671857e-05
1.7775893	0.000763539357572632	1.7547393283052e-05
1.5846864	0.000763623129015127	1.78002579002839e-05
1.4122353	0.000762867831074845	1.7521155809111e-05
1.2582541	0.000766569322079894	1.96974166955588e-05
1.1224822	0.000765770908996692	1.96609500375026e-05
1.0000616	0.000769587260244909	2.06898786061136e-05
0.89082122	0.000768753522220755	1.95206208267589e-05
0.79444051	0.00077033203898408	1.96667629416251e-05
0.70784986	0.000771965948833421	2.21354161054927e-05
0.63126236	0.000773891078301443	2.19583887908954e-05
0.562536	0.000773878972831163	2.23889502128824e-05
0.50118715	0.000776922295335179	2.17423036450808e-05
0.44642836	0.000777625894990955	2.16592158535387e-05
0.39821118	0.000779316292367736	2.48706929231327e-05
0.35475865	0.000781124830498106	2.84688204565389e-05
0.31619295	0.000783737017825534	2.79620865351117e-05
0.2819173	0.000783662629082011	2.88718938455449e-05
0.25117323	0.000785553801766091	3.0787396008326e-05
0.22391155	0.000787002898987124	3.01878289060578e-05
0.19957349	0.000789268960119512	3.27598440705402e-05
0.17779917	0.000792014288737039	3.33610320387856e-05
0.15846863	0.000794146791510841	3.36737009890937e-05
0.14123619	0.000794527123709852	3.60934165352194e-05
0.12590662	0.000797553238136827	3.90125366676702e-05
0.1122199	0.000801664327860112	3.97561032224693e-05
0.10002181	0.000802557330282633	4.18065128804608e-05
