10002.226	0.00116251180142317	-0.00956282001195514
8914.9326	0.00112355358509625	-0.00856044974832126
7943.9951	0.00108646312988379	-0.00766058039744243
7081.583	0.00104960649641134	-0.006860370319531
6307.7358	0.00101912530980997	-0.00613652087479565
5622.5879	0.000985584178186399	-0.00549443549577254
5011.603	0.000958720863495182	-0.0049202296441873
4466.4292	0.000932782961350663	-0.0044062671179031
3981.2773	0.000910938498901509	-0.00394400786325223
3548.8679	0.000888164729165727	-0.00353060707819318
3163.0398	0.000868661865460596	-0.00316220740020617
2819.0986	0.000851873118030568	-0.00283257287617448
2512.4104	0.00083587550975397	-0.00253565120956935
2239.2869	0.000819790326142446	-0.00227404189222472
1995.6381	0.000807271342628249	-0.00203383327422285
1778.2897	0.000793991528707459	-0.00182461797515439
1584.4927	0.00078191241801566	-0.00163454202696151
1412.7418	0.000770026490766626	-0.00146745480154864
1258.7905	0.000761692772878166	-0.00131298252508055
1121.7966	0.000751740997023394	-0.00117913271825401
999.68164	0.000743313796827919	-0.00105575772119211
891.42474	0.000735247777247064	-0.000947192852254121
794.23932	0.000725533073985503	-0.000851979911551491
707.96161	0.000722179437102569	-0.000762096871880768
631.00977	0.000711538107840992	-0.00068649199457715
562.33929	0.000708449452802778	-0.000613733513659278
501.12231	0.000700400451640849	-0.000549867454182905
446.57214	0.000694747918779103	-0.000491438755051248
398.08899	0.000687815214671963	-0.000440570095073309
354.88681	0.000686854271732955	-0.00039276793593779
316.31589	0.000683358954692414	-0.000349333947390973
281.8942	0.000681805348392729	-0.000312856474413844
251.20601	0.000676627782189084	-0.000275854381896394
223.92496	0.000675649884461088	-0.000243240340167872
199.55338	0.000675088334575858	-0.000215177010709252
177.78128	0.000674216476059848	-0.000186477250127782
158.52898	0.000673993674899078	-0.000163313238526315
141.21979	0.000675173538342109	-0.000144113090745248
125.92673	0.000673442083824896	-0.000123665265400092
112.19009	0.000675631560172592	-0.000107139420043715
99.968163	0.000675790112446365	-8.96640449934131e-05
89.115646	0.000679343384134559	-7.50389586961073e-05
79.415741	0.00068038266407737	-6.31673076024874e-05
70.793182	0.000681681048035799	-5.06585342011214e-05
63.082279	0.00068406529485274	-4.24168771445143e-05
56.241825	0.000689339676440895	-3.32570534500989e-05
50.112232	0.000692777570235748	-2.39952659429486e-05
44.671223	0.000694420956219897	-1.88676860277386e-05
39.808899	0.000698743734588542	-1.34276081245001e-05
35.488308	0.000701088776778931	-9.29197451923271e-06
31.629578	0.000704684113576396	-2.88874386646304e-06
28.187037	0.000705796523498866	-9.83717853365695e-08
25.120602	0.000711328006879192	4.49813590040166e-06
22.385418	0.000713324826930049	8.0386066396915e-06
19.955338	0.000717037578307842	7.88559620114151e-06
17.775894	0.000718550772331246	1.16380277201634e-05
15.846864	0.000722125680229457	1.13452053868595e-05
14.127493	0.000725060186139974	1.21010513450915e-05
12.587309	0.000724710330809862	1.28742417660925e-05
11.216775	0.000728643461887311	1.5599537254965e-05
9.9968166	0.000729617206412228	1.4523552092692e-05
8.9082127	0.000732147523922836	1.65519643496043e-05
7.9395623	0.000734937793928073	1.62661257950511e-05
7.0765615	0.000735964848767494	1.89642573954947e-05
6.3105822	0.000739030307047147	1.64677162155331e-05
5.6245475	0.00073713088488045	1.63783573776048e-05
5.0112233	0.000739432500460733	1.61962758969745e-05
4.4642835	0.000742355750915573	1.79637565684209e-05
3.9819033	0.000743139902641984	1.76465021255903e-05
3.5479143	0.000741556314965752	1.67463485582147e-05
3.1629577	0.000745565907939487	1.73299953427057e-05
2.818361	0.000748835575617695	1.73234623781658e-05
2.5112481	0.000745826861509361	1.83551902326413e-05
2.2398233	0.000746014003599725	1.53018650239249e-05
1.9950197	0.000747748736489745	1.69237325452376e-05
1.7775893	0.000750780672946683	1.75957069649773e-05
1.5846864	0.000752692273412059	1.70787093945641e-05
1.4122353	0.000750645545946666	1.68580681726618e-05
1.2582541	0.000753165304225041	1.82943234623868e-05
1.1224822	0.000753883902161221	1.99958106567675e-05
1.0000616	0.00075398433427978	1.92459517189242e-05
0.89082122	0.000755747898619823	2.04394110611944e-05
0.79444051	0.000759541635887022	2.11566917791798e-05
0.70784986	0.000759791154503826	2.09017529152696e-05
0.63126236	0.000760962342509545	2.17531171113881e-05
0.562536	0.00076259709254776	2.2352431182253e-05
0.50118715	0.000764027095554549	2.58361689264288e-05
0.44642836	0.000766411446394617	2.2112684573487e-05
0.39821118	0.000767166347313078	2.59056366024822e-05
0.35475865	0.000768808262602183	2.58554638447354e-05
0.31619295	0.00077083445193023	2.80797886008615e-05
0.2819173	0.000773271293506129	2.82800263037129e-05
0.25117323	0.000773879486420109	3.01502581815069e-05
0.22391155	0.000775149806363278	3.16384315167903e-05
0.19957349	0.000776289611875296	3.12816205393282e-05
0.17779917	0.000779888394137033	3.24766894775162e-05
0.15846863	0.000780078974057799	3.48265754170581e-05
0.14123619	0.000783690729028684	3.67358014708959e-05
0.12590662	0.000787113797212314	3.91096166477455e-05
0.1122199	0.000787622353657472	4.07220586257458e-05
0.10002181	0.000788828324542505	4.16326650949021e-05
