10002.226	0.00116273754873586	-0.00956143834967482
8914.9326	0.00112086262547435	-0.00855913473975032
7943.9951	0.00108415638906158	-0.00766150860676651
7081.583	0.0010520243668753	-0.00685847261874417
6307.7358	0.00101805946603767	-0.00613738671028684
5622.5879	0.000985778007289131	-0.00549366886382005
5011.603	0.000960372233778825	-0.0049230960498236
4466.4292	0.000932432830516664	-0.00440376170504943
3981.2773	0.000909303685941814	-0.00394580533179652
3548.8679	0.00088577670136677	-0.00353183416522487
3163.0398	0.000868327185533543	-0.00316138144269625
2819.0986	0.000849233966292884	-0.00283255256780082
2512.4104	0.00083494132016608	-0.00253664842732138
2239.2869	0.000820686955336474	-0.00227269940765512
1995.6381	0.000806956432017141	-0.00203629796573676
1778.2897	0.000797544785134892	-0.00182451108797757
1584.4927	0.000782722169661444	-0.00163422195466962
1412.7418	0.000768999652472934	-0.00146628069186335
1258.7905	0.000762241447003827	-0.00131455081176543
1121.7966	0.000752242996729063	-0.00117932805226102
999.68164	0.000742932630523919	-0.00105548821842555
891.42474	0.000734897422858315	-0.000949532768056009
794.23932	0.000729314367413998	-0.000851967491564986
707.96161	0.000721450411410539	-0.000763796063523776
631.00977	0.000713565254503218	-0.000684755889528463
562.33929	0.000705572806698941	-0.000613418769920038
501.12231	0.00070133491862792	-0.000549425969452217
446.57214	0.00069639070442895	-0.000489031856183533
398.08899	0.000690580631142601	-0.000438482156189325
354.88681	0.000687386400962597	-0.000392610797815013
316.31589	0.0006840873794047	-0.00034851862864883
281.8942	0.000680564330189315	-0.000310328687385719
251.20601	0.000674131394334728	-0.000275564900052042
223.92496	0.000675242933963792	-0.000244294283438756
199.55338	0.000676528472429278	-0.000216264557031334
177.78128	0.000675039541508964	-0.000187839012097189
158.52898	0.000672544514162299	-0.000164226893341627
141.21979	0.000673925928377631	-0.000143306520567502
125.92673	0.000674393723972398	-0.000123504225576268
112.19009	0.000676367237244137	-0.000104752944538435
99.968163	0.000675746662536438	-9.07683400914472e-05
89.115646	0.000680883032856237	-7.55458377864193e-05
79.415741	0.000682146525277789	-6.34001982530143e-05
70.793182	0.000682659217720755	-5.06930552541802e-05
63.082279	0.000685105924151877	-4.2932891999682e-05
56.241825	0.000689789911438022	-3.03424746145984e-05
50.112232	0.000693114497114041	-2.19400866822204e-05
44.671223	0.000694086610784395	-1.95104790947991e-05
39.808899	0.000698240200784545	-1.30294439563679e-05
35.488308	0.000702842277400622	-7.69790743536072e-06
31.629578	0.000703776047491379	-3.64239568996427e-06
28.187037	0.000707168438206722	1.54569446059548e-06
25.120602	0.000711864332598097	3.10064468524669e-06
22.385418	0.000712641380514585	7.69465072858749e-06
19.955338	0.000716025068073848	8.0238253947258e-06
17.775894	0.000721718056597445	1.17724484762489e-05
15.846864	0.000720406328384618	1.14100094580558e-05
14.127493	0.000724461137395696	1.23735398866635e-05
12.587309	0.000726132440610186	1.49732776772058e-05
11.216775	0.00072767780872212	1.43209937668774e-05
9.9968166	0.000728589190688051	1.5196595827186e-05
8.9082127	0.000732184476526733	1.5731517947397e-05
7.9395623	0.000733205065548307	1.54831313198941e-05
7.0765615	0.000734202422060803	1.66671678752879e-05
6.3105822	0.000735240829630545	1.72570155853885e-05
5.6245475	0.00073782843026817	1.71273996691268e-05
5.0112233	0.000741778442545864	1.83236211517494e-05
4.4642835	0.000742988814722525	1.55912368480489e-05
3.9819033	0.000741658139277209	1.86802071603765e-05
3.5479143	0.000743843817940534	1.64212791014495e-05
3.1629577	0.000746022708915886	1.85342387739082e-05
2.818361	0.00074598397671561	1.70529254178687e-05
2.5112481	0.000747791282826804	1.52778448803821e-05
2.2398233	0.000748888691273541	1.71580053695235e-05
1.9950197	0.000747512005537473	1.73479344846064e-05
1.7775893	0.000750099668024075	1.7716130769894e-05
1.5846864	0.00075057422639688	1.99763854344522e-05
1.4122353	0.000751824375847483	1.79974775316391e-05
1.2582541	0.000752741035392368	2.10943669782146e-05
1.1224822	0.000756063635644638	1.81485526788573e-05
1.0000616	0.000756141209200117	1.95074826544555e-05
0.89082122	0.000755701781666042	1.97202720746176e-05
0.79444051	0.000759167555451566	2.21404407340467e-05
0.70784986	0.000759707234460737	2.18046541900239e-05
0.63126236	0.000762348377472613	2.21340314445076e-05
0.562536	0.000762496406479518	2.11604683680751e-05
0.50118715	0.000763178953726395	2.4239577211061e-05
0.44642836	0.000764771206695036	2.58272501341885e-05
0.39821118	0.000765961226623238	2.43994536966988e-05
0.35475865	0.000768970652473616	2.42755004135326e-05
0.31619295	0.00077055956751872	2.83213842772232e-05
0.2819173	0.00077120165329265	2.9670019326268e-05
0.25117323	0.000774775426051038	3.0334069509408e-05
0.22391155	0.000775563463286984	2.96774851092394e-05
0.19957349	0.000775629523759349	3.22983133937706e-05
0.17779917	0.000780005909672596	3.38125654924261e-05
0.15846863	0.000782352574762458	3.49453505141248e-05
0.14123619	0.000783186781507166	3.54981440926304e-05
0.12590662	0.000785578225536354	3.91114702774291e-05
0.1122199	0.000787929659716239	4.06249171272509e-05
0.10002181	0.000789966327732188	4.41748397825259e-05
