10002.226	0.00116316806091691	-0.00956215982003312
8914.9326	0.00112271528150055	-0.00855952495768076
7943.9951	0.00108523189685991	-0.0076637367066059
7081.583	0.00104960179717354	-0.00685957136011064
6307.7358	0.001018222306935	-0.00613774892630661
5622.5879	0.000984784959822727	-0.00549482897723036
5011.603	0.000958792453761761	-0.00492153648092715
4466.4292	0.000932975756379348	-0.00440324996071377
3981.2773	0.000909256577986959	-0.00394198743361439
3548.8679	0.000887838551737586	-0.00353164606827087
3163.0398	0.00086933703433884	-0.00316315756457032
2819.0986	0.000850845061031419	-0.00283226005547718
2512.4104	0.000834391993252463	-0.00253517662530541
2239.2869	0.000820665362358915	-0.00227427382525189
1995.6381	0.000805442033475168	-0.00203517345405801
1778.2897	0.000795787510994098	-0.00182501917630972
1584.4927	0.000783010874265348	-0.0016335368901967
1412.7418	0.000769048709124093	-0.00146546788928043
1258.7905	0.000761944357248152	-0.00131248743926848
1121.7966	0.000752655286057642	-0.00117799760026102
999.68164	0.000742867079519443	-0.00105700666815474
891.42474	0.00073430022982067	-0.000946702105511501
794.23932	0.000727453228683094	-0.00085147769344315
707.96161	0.00071916391893597	-0.000764001561221688
631.00977	0.000712033791294692	-0.000686446120910616
562.33929	0.000707918826055968	-0.000614130007263513
501.12231	0.00070165006633157	-0.000548595076168332
446.57214	0.000697071374197545	-0.000492801904486707
398.08899	0.00068993353364951	-0.000442022109994306
354.88681	0.000686669905621332	-0.000392904505872085
316.31589	0.000686746318472931	-0.00034893419695883
281.8942	0.000680716162944173	-0.000311796016768859
251.20601	0.000676414747184196	-0.000275390075906826
223.92496	0.000676699375739982	-0.000244044957889615
199.55338	0.000675077926993622	-0.000215233933783557
177.78128	0.000673251441264176	-0.000188484357090553
158.52898	0.000673091251261506	-0.000164909046123996
141.21979	0.000673889074967478	-0.000145547208823983
125.92673	0.000673567209757002	-0.000124341751457617
112.19009	0.00067486973245817	-0.000108166842219886
99.968163	0.000676486050664035	-8.94577799542692e-05
89.115646	0.000679794087761353	-7.52302377683434e-05
79.415741	0.000681541856020246	-6.32688678483636e-05
70.793182	0.00068232144623383	-4.9424965476522e-05
63.082279	0.000685652873544121	-4.23445864999978e-05
56.241825	0.00069082342393749	-3.20588969732459e-05
50.112232	0.000691947527252229	-2.38711161433169e-05
44.671223	0.000693630484015044	-1.76619186770959e-05
39.808899	0.000698633928428692	-1.27532950083635e-05
35.488308	0.000702463388706225	-7.1547973012716e-06
31.629578	0.000704568712415518	-1.67774913559278e-06
28.187037	0.000707187702885563	1.32975944812868e-06
25.120602	0.000708689593634256	5.02819057207255e-06
22.385418	0.000713162941147867	6.06634869282826e-06
19.955338	0.000717581015386926	8.10752605003603e-06
17.775894	0.00071986318202251	1.0889338705074e-05
15.846864	0.000721407371253644	1.03321881503985e-05
14.127493	0.000723318865842706	1.26702097521157e-05
12.587309	0.000726483225612444	1.46899800813554e-05
11.216775	0.000727466896010272	1.4877883338228e-05
9.9968166	0.000729817565482598	1.35955201048053e-05
8.9082127	0.000729631124500748	1.61202578476945e-05
7.9395623	0.000731517806721882	1.5325594364612e-05
7.0765615	0.000735253246628083	1.62596907207114e-05
6.3105822	0.000736562410487288	1.44143759208917e-05
5.6245475	0.000736865385814094	1.60985986534008e-05
5.0112233	0.000738645588058559	1.67955545220691e-05
4.4642835	0.000744545002231998	1.51993890973601e-05
3.9819033	0.000742252933136741	1.58250058624394e-05
3.5479143	0.000744371315471708	1.7194819568399e-05
3.1629577	0.000743818222895691	1.82896109196481e-05
2.818361	0.000747033560887731	1.67212915097959e-05
2.5112481	0.00074747956273261	1.54915161339132e-05
2.2398233	0.000746528964930272	1.79573899230146e-05
1.9950197	0.000747037252942953	1.69200599078902e-05
1.7775893	0.000750456497474109	1.8542484766525e-05
1.5846864	0.000751881709723423	1.84009180324419e-05
1.4122353	0.000752348180079817	1.84274054368918e-05
1.2582541	0.000751480361651819	2.12033170321864e-05
1.1224822	0.000754788789904504	1.76393875291631e-05
1.0000616	0.000755119719470738	2.17418044236782e-05
0.89082122	0.00075832410097245	2.17308147017964e-05
0.79444051	0.000759740540671453	2.01408026992553e-05
0.70784986	0.000759520107053712	1.89366620632067e-05
0.63126236	0.00076052984978178	2.21801800029207e-05
0.562536	0.000762946593528579	2.30172185202683e-05
0.50118715	0.000764036124620674	2.23969563479365e-05
0.44642836	0.000765300976143892	2.54208284808855e-05
0.39821118	0.000765969247207923	2.44981447751909e-05
0.35475865	0.000767809750836736	2.69346837274809e-05
0.31619295	0.000770702535720254	2.78688582859181e-05
0.2819173	0.000771918437698785	2.82421354643827e-05
0.25117323	0.000774322527399233	2.93601603905341e-05
0.22391155	0.000774958019599269	3.16936812967898e-05
0.19957349	0.000775684154416025	3.2353595999341e-05
0.17779917	0.000777493841712481	3.36412015261965e-05
0.15846863	0.000781089966671209	3.58859169439752e-05
0.14123619	0.000784230761358979	3.65861831498479e-05
0.12590662	0.000787572944924337	3.92420530952871e-05
0.1122199	0.000787948987636823	3.99309286989196e-05
0.10002181	0.000788387695322879	4.16285032412076e-05
