10002.226	0.00116255114147431	-0.00956168167889409
8914.9326	0.00112217624409881	-0.00855893496382223
7943.9951	0.00108287308440289	-0.00766205907648523
7081.583	0.00105023178408841	-0.00685816086836368
6307.7358	0.0010177311574957	-0.00613728994916316
5622.5879	0.000985906542406607	-0.00549534153697142
5011.603	0.000959095383999781	-0.00492223591667205
4466.4292	0.000932972288996667	-0.00440511942595997
3981.2773	0.000907480066920195	-0.00394371530933472
3548.8679	0.000888152518302105	-0.00353170856508184
3163.0398	0.000868559602161492	-0.00316377606984605
2819.0986	0.000852521941250468	-0.00283152081226092
2512.4104	0.000834981279659568	-0.00253625464671175
2239.2869	0.000818240372536378	-0.00227307798014626
1995.6381	0.000808314006356504	-0.00203531987797646
1778.2897	0.000795023558747675	-0.00182495445038439
1584.4927	0.000779432476728245	-0.00163475578816449
1412.7418	0.000770288471163027	-0.00146739880328111
1258.7905	0.000761536388596528	-0.00131431057325952
1121.7966	0.000751551456034465	-0.00117901111711728
999.68164	0.000743183231414411	-0.00105606491831817
891.42474	0.000734805353547465	-0.000949067061216686
794.23932	0.000726487132418711	-0.000850123285295148
707.96161	0.000720493565014494	-0.00076258282070738
631.00977	0.000713523902102721	-0.000685921718037165
562.33929	0.00070728265332517	-0.00061335098020283
501.12231	0.000702262312882106	-0.000547219389448162
446.57214	0.000695258938715973	-0.000489410716334727
398.08899	0.000691484434359449	-0.000440727271826025
354.88681	0.000686250351634138	-0.00039305951974004
316.31589	0.000684817694331104	-0.0003502978720382
281.8942	0.000679214493385482	-0.000312208880149281
251.20601	0.00067541672767655	-0.000275799364750834
223.92496	0.000676833707326686	-0.000240975312347241
199.55338	0.00067533492896311	-0.000216341002973673
177.78128	0.000674005002427902	-0.000188742485118701
158.52898	0.000672661826577779	-0.00016432098914308
141.21979	0.000673131097307785	-0.000144069951705833
125.92673	0.00067344503355871	-0.000121308009544455
112.19009	0.000676396843662408	-0.000106637570262409
99.968163	0.00067713494491591	-9.0386017693565e-05
89.115646	0.0006777437474837	-7.59396892293163e-05
79.415741	0.000682176387469224	-6.26797768982251e-05
70.793182	0.00068387020329757	-4.99422404369405e-05
63.082279	0.000685632599276007	-4.13579439171965e-05
56.241825	0.00069052201530017	-3.32490139210637e-05
50.112232	0.000692696365670713	-2.39130016870253e-05
44.671223	0.000694158298860617	-1.72002327339808e-05
39.808899	0.000697539303132178	-1.26277305616208e-05
35.488308	0.000702022067828104	-8.44365867834046e-06
31.629578	0.000706408911355072	-1.03673307862657e-06
28.187037	0.000707990954335435	5.52631285838954e-07
25.120602	0.000709648919242504	4.4279411863185e-06
22.385418	0.000713292850492866	6.23169126657601e-06
19.955338	0.000715967345264831	9.14783093433645e-06
17.775894	0.000720007424715966	1.32488219832044e-05
15.846864	0.000720395164687269	1.01176785964048e-05
14.127493	0.000725436348973045	1.34752492041687e-05
12.587309	0.000725737309504255	1.24811085605619e-05
11.216775	0.00072967183391873	1.37293233065023e-05
9.9968166	0.00073029434723214	1.52780575735887e-05
8.9082127	0.000731995165874066	1.48174698489467e-05
7.9395623	0.000732798050454464	1.62475761513696e-05
7.0765615	0.00073523423145682	1.6962556918601e-05
6.3105822	0.000737028466771671	1.72830198467648e-05
5.6245475	0.000737330211860378	1.65546220059278e-05
5.0112233	0.000739910246025669	1.56484328074844e-05
4.4642835	0.000740064981432326	1.58421612606758e-05
3.9819033	0.000741417375464519	1.55755867790233e-05
3.5479143	0.000743324504613349	1.92770526285408e-05
3.1629577	0.000746494803339678	1.82331692526379e-05
2.818361	0.00074584707762193	1.82470032575084e-05
2.5112481	0.000747514171067727	1.47854028280639e-05
2.2398233	0.000747217200341666	1.69488986560631e-05
1.9950197	0.000748140614078494	1.56882252871243e-05
1.7775893	0.000750371608373974	1.80980160661846e-05
1.5846864	0.000751843717166618	1.82636915436061e-05
1.4122353	0.000752069026397824	1.71442049220891e-05
1.2582541	0.000752136672554563	1.80432113162263e-05
1.1224822	0.000753426774808607	1.87593083147518e-05
1.0000616	0.000753825498118716	2.17274612522425e-05
0.89082122	0.000755034242127197	2.17041671551825e-05
0.79444051	0.00075901080090981	2.0743328697213e-05
0.70784986	0.000760323235618373	2.4084341640403e-05
0.63126236	0.000761881210851967	2.24602198534238e-05
0.562536	0.000764779344954276	2.3520103260481e-05
0.50118715	0.000763411554181567	2.40881153096114e-05
0.44642836	0.000766916660806889	2.23550215721134e-05
0.39821118	0.000765866265729734	2.49706127110661e-05
0.35475865	0.00076822394027216	2.55690205868558e-05
0.31619295	0.000771440800002178	2.80673806758421e-05
0.2819173	0.000771383181531034	2.96447634722598e-05
0.25117323	0.000772884966307699	2.9554344924267e-05
0.22391155	0.000775626346690237	3.15664019121322e-05
0.19957349	0.000777483142684826	3.38203625631659e-05
0.17779917	0.000779686420254412	3.47474461379925e-05
0.15846863	0.000780577767353983	3.53262710645124e-05
0.14123619	0.000785025258690503	3.77008411336828e-05
0.12590662	0.000785682677869048	3.68265138157003e-05
0.1122199	0.000787615819655941	3.84971164335812e-05
0.10002181	0.000791128521103397	4.30330294304959e-05
