10002.226	0.00116143573447603	-0.0095624836944839
8914.9326	0.00112252199715052	-0.00855786219639265
7943.9951	0.00108470573803016	-0.00765984153455196
7081.583	0.00105232683217371	-0.00685954098081603
6307.7358	0.00101943763581777	-0.00613737639759993
5622.5879	0.000986578077793324	-0.00549537865229048
5011.603	0.00095866120185228	-0.0049212694956978
4466.4292	0.000934971779356541	-0.00440471366941888
3981.2773	0.000908710748502558	-0.00394422722147993
3548.8679	0.00088585371947965	-0.0035310240930955
3163.0398	0.000870100874260186	-0.0031639994735787
2819.0986	0.000849812882824284	-0.00283248810834615
2512.4104	0.000835681416497023	-0.00253562173509025
2239.2869	0.000819067155353414	-0.0022730454305712
1995.6381	0.000806886428504075	-0.00203636996570858
1778.2897	0.000793850864404261	-0.00182379748118156
1584.4927	0.000782667813077097	-0.00163602853245681
1412.7418	0.000769758370942219	-0.00146524894592829
1258.7905	0.000762960119931502	-0.00131377469425352
1121.7966	0.000752249440658971	-0.00117808108816512
999.68164	0.00074313376814665	-0.0010557841577426
891.42474	0.00073297999288221	-0.000949515176153044
794.23932	0.000727191618610892	-0.000849088661907274
707.96161	0.000719730706116448	-0.000762452181648863
631.00977	0.000713777873423156	-0.000685247633552125
562.33929	0.000706241550757805	-0.000614310746780089
501.12231	0.000701627672220749	-0.000549770276339898
446.57214	0.000696020855248906	-0.000490124493888284
398.08899	0.000690594457976571	-0.000438933521870206
354.88681	0.000685454548609312	-0.000393134580027747
316.31589	0.000685314115013811	-0.000349048452607527
281.8942	0.000681529228261553	-0.00030949636277363
251.20601	0.000674464239583856	-0.00027560088366724
223.92496	0.000677282186416935	-0.000243293605522859
199.55338	0.000674270474115201	-0.000215967508134928
177.78128	0.000671286934575484	-0.000187773083967336
158.52898	0.000674029415799935	-0.000162055868426683
141.21979	0.000674030529022976	-0.000143792197936881
125.92673	0.000675356892963809	-0.000124090175519262
112.19009	0.000676421307888306	-0.000107286092265374
99.968163	0.00067759106995632	-8.8807968268483e-05
89.115646	0.000678126789989648	-7.64286716815357e-05
79.415741	0.000682029842092149	-6.3769591512702e-05
70.793182	0.0006837575012164	-5.24267169325807e-05
63.082279	0.000684370843179614	-4.20155571427485e-05
56.241825	0.000692122003656865	-3.43045594693318e-05
50.112232	0.000692692699742663	-2.4597016016479e-05
44.671223	0.000694162678818962	-1.83277146916846e-05
39.808899	0.000698127491970996	-1.20116405537133e-05
35.488308	0.000703361466313437	-7.18930627299364e-06
31.629578	0.000704491127334633	-1.06260569475475e-06
28.187037	0.000707968389263642	-5.91660085613406e-07
25.120602	0.000711079233503188	5.06726006634144e-06
22.385418	0.000714006322256952	5.9939902288756e-06
19.955338	0.000718320510806733	7.49458718770129e-06
17.775894	0.00071826676002925	1.26253687059014e-05
15.846864	0.000722681036547456	1.12989625182979e-05
14.127493	0.00072365959353591	1.41262502499352e-05
12.587309	0.000726039310616744	1.03738965275299e-05
11.216775	0.00072808793666758	1.31407642508058e-05
9.9968166	0.000730041635262664	1.30144544038487e-05
8.9082127	0.000729786244143274	1.51450232027408e-05
7.9395623	0.000732320804352052	1.60492613198079e-05
7.0765615	0.000735251758282743	1.68327310479875e-05
6.3105822	0.000735548739149666	1.85947912691679e-05
5.6245475	0.000738932595121742	1.60634261360968e-05
5.0112233	0.000739878638318979	1.80654846990603e-05
4.4642835	0.000742744115823967	1.75998893178388e-05
3.9819033	0.000742859734846988	1.74481280351768e-05
3.5479143	0.000745836907486053	1.67761604919162e-05
3.1629577	0.00074587804619626	1.85539917840364e-05
2.818361	0.00074631869867524	1.72694172025893e-05
2.5112481	0.000745990645802531	1.67811590438793e-05
2.2398233	0.000747297450603848	1.69349851263974e-05
1.9950197	0.000748390789899273	1.88337418344001e-05
1.7775893	0.000748311695446969	1.46252061930552e-05
1.5846864	0.000751992912377968	1.74286412077467e-05
1.4122353	0.00075212244042696	1.83447839274689e-05
1.2582541	0.000752433592169679	2.00310894527352e-05
1.1224822	0.000755114769862398	2.09527228014794e-05
1.0000616	0.00075763684974955	2.20302707489858e-05
0.89082122	0.000758996033665724	1.97153100257248e-05
0.79444051	0.000759753005065177	2.03334810267343e-05
0.70784986	0.00076016805464313	2.15503106426554e-05
0.63126236	0.000761575120755559	2.07323537988168e-05
0.562536	0.000761406517186702	2.18752494570398e-05
0.50118715	0.00076409281406839	2.38170562508369e-05
0.44642836	0.000764948554873316	2.4713709445204e-05
0.39821118	0.000768513029050062	2.49318166472188e-05
0.35475865	0.000767709546077376	2.75140768876875e-05
0.31619295	0.000770516340348757	2.8672034628591e-05
0.2819173	0.000770879422864393	2.75986833789415e-05
0.25117323	0.000772690309561894	2.7075438823004e-05
0.22391155	0.000774272124192529	3.26776200002492e-05
0.19957349	0.000777384925538909	3.22577944588435e-05
0.17779917	0.000779355336811595	3.37091715047996e-05
0.15846863	0.000782154201079121	3.59366993043301e-05
0.14123619	0.000782944953496102	3.85840731155985e-05
0.12590662	0.000785199543232819	3.87720213284896e-05
0.1122199	0.000789136970804266	3.92340420205096e-05
0.10002181	0.000791013202971664	4.21093351226458e-05
