10002.226	0.00116242931761985	-0.00956077823419966
8914.9326	0.00112129402343567	-0.00855916162933671
7943.9951	0.00108425131103698	-0.00766208852935826
7081.583	0.0010501497417089	-0.0068608670217391
6307.7358	0.00101802304089438	-0.0061397778056816
5622.5879	0.00098657631158	-0.00549493533325566
5011.603	0.000958082790346424	-0.00491996961414128
4466.4292	0.000934235804244527	-0.00440405921919914
3981.2773	0.000911405137289593	-0.00394362346549294
3548.8679	0.000886359825504942	-0.00353262008279947
3163.0398	0.000868479054682197	-0.00316142351709651
2819.0986	0.000850198709150143	-0.00283140002128062
2512.4104	0.00083572068468638	-0.00253440686469494
2239.2869	0.000821091502680605	-0.00227431917357319
1995.6381	0.000807408960977011	-0.00203668690019326
1778.2897	0.000794336641517712	-0.00182549794720157
1584.4927	0.000781334144899656	-0.00163373635409752
1412.7418	0.00076864099411031	-0.00146438338988102
1258.7905	0.000762206067499113	-0.00131429081651072
1121.7966	0.000751125058260115	-0.00117842279790376
999.68164	0.000744252647150172	-0.00105655106308444
891.42474	0.000735162719373016	-0.000948725449161004
794.23932	0.000729206059607946	-0.000852226130683547
707.96161	0.000717716451925818	-0.000762948095355651
631.00977	0.000713684602355418	-0.000684995006182997
562.33929	0.000707046703168952	-0.000613164557432708
501.12231	0.000701911944457194	-0.000548355076463002
446.57214	0.000694623950864203	-0.000491846084614721
398.08899	0.000691544957523542	-0.000438703399200397
354.88681	0.00068632463698347	-0.000392747354875699
316.31589	0.00068527187351196	-0.00034723681286883
281.8942	0.00068159465805476	-0.000312885131300866
251.20601	0.000674570918886845	-0.000274621631983374
223.92496	0.000676142576563946	-0.000243138108137785
199.55338	0.000677099981709712	-0.000215808736749961
177.78128	0.000675007627472414	-0.000188323593406028
158.52898	0.000673789772139224	-0.000163732645575736
141.21979	0.000673828679316908	-0.000144623555195264
125.92673	0.00067530837682882	-0.000123908019209942
112.19009	0.000677383326475038	-0.000106793389209073
99.968163	0.000676842094475597	-9.00647672426632e-05
89.115646	0.000679679255723357	-7.57225019399198e-05
79.415741	0.0006818757344724	-6.32074366995214e-05
70.793182	0.000684148958015207	-5.13078485123693e-05
63.082279	0.000686177041657627	-4.23936547048542e-05
56.241825	0.000690235746609583	-3.34223137486897e-05
50.112232	0.000692731466382906	-2.13758592659594e-05
44.671223	0.000693206046836674	-1.86838684267047e-05
39.808899	0.000698510902324958	-1.41743108067179e-05
35.488308	0.000700888459155674	-7.37480864578477e-06
31.629578	0.000704930186979638	-2.39107741932494e-06
28.187037	0.000706989014678386	-2.99123388344351e-07
25.120602	0.000709274106097688	3.29949888489004e-06
22.385418	0.000713958521911736	5.60037439140519e-06
19.955338	0.000715371530151391	7.92366647728138e-06
17.775894	0.00071834895918076	1.05861552390692e-05
15.846864	0.00072169569388922	1.00724740485957e-05
14.127493	0.000724362738533031	1.3009513878377e-05
12.587309	0.000725376561174348	1.19295684969301e-05
11.216775	0.000728443350192974	1.58906252338735e-05
9.9968166	0.000730190957033203	1.34339844042291e-05
8.9082127	0.000733812774987563	1.49741810229168e-05
7.9395623	0.000732055245355718	1.61602378799892e-05
7.0765615	0.000735108577443936	1.5658229000674e-05
6.3105822	0.000736487930670928	1.65629114380123e-05
5.6245475	0.00073946417824578	1.51360875162493e-05
5.0112233	0.000741001322510761	1.76873719092846e-05
4.4642835	0.000741362034107767	1.73978749540307e-05
3.9819033	0.000744013420925225	1.60435354613637e-05
3.5479143	0.000744576031858184	1.90383340230264e-05
3.1629577	0.00074546879405212	1.88420485215261e-05
2.818361	0.000746800542690179	1.70068606435189e-05
2.5112481	0.000746781849577283	1.6410595569842e-05
2.2398233	0.000749981958168979	1.86297360103591e-05
1.9950197	0.00074924685016203	1.64436611881898e-05
1.7775893	0.000751810951074614	1.7676979364186e-05
1.5846864	0.000751343948460388	1.79923152527686e-05
1.4122353	0.000752152312233598	1.89728605715377e-05
1.2582541	0.000753809953827038	1.9263924135891e-05
1.1224822	0.000753745541631901	2.03178245758237e-05
1.0000616	0.000755430248320637	1.98140230005769e-05
0.89082122	0.000758155926868312	1.88178568515762e-05
0.79444051	0.000759015578218292	1.99963693217372e-05
0.70784986	0.00075982506915834	2.18941744075486e-05
0.63126236	0.000761057224921082	2.32935770874903e-05
0.562536	0.000764678299306197	2.30351284468473e-05
0.50118715	0.000765112143560155	2.40448574575204e-05
0.44642836	0.000766171840729245	2.3717617405743e-05
0.39821118	0.000767266499915077	2.65680378664181e-05
0.35475865	0.000768665353037674	2.58660176991558e-05
0.31619295	0.000770817006133301	2.75804143156017e-05
0.2819173	0.000774113210574518	2.83292623250574e-05
0.25117323	0.000773221974386349	2.95791557324222e-05
0.22391155	0.000774024297398961	3.25281323695657e-05
0.19957349	0.000777053654758973	3.22971544017369e-05
0.17779917	0.000779400491514497	3.22107617027462e-05
0.15846863	0.000781325263185938	3.49202455114536e-05
0.14123619	0.000783578890659315	3.68965553787854e-05
0.12590662	0.000785155963002331	4.23176476243233e-05
0.1122199	0.000786477662917368	3.85125668506797e-05
0.10002181	0.000789609137735167	4.29206877703228e-05
