10002.226	0.00116325301178102	-0.0095621492373498
8914.9326	0.00112166655267625	-0.00855949646106246
7943.9951	0.00108434509645677	-0.00766036705800732
7081.583	0.00105052231968099	-0.00685850993699137
6307.7358	0.00101962201605171	-0.0061389020403411
5622.5879	0.000986525054978963	-0.00549294716033096
5011.603	0.000956939005110027	-0.00492017712729399
4466.4292	0.000933632998304067	-0.00440077584344576
3981.2773	0.000910077300025425	-0.00394299755586058
3548.8679	0.000889632303045979	-0.00353112706423081
3163.0398	0.000868343796922679	-0.0031646039895181
2819.0986	0.000850620245365713	-0.00283320671563474
2512.4104	0.000834639015679278	-0.00253652666197451
2239.2869	0.000818841735086838	-0.00227507249440559
1995.6381	0.000807735150709571	-0.00203629215099969
1778.2897	0.000795090398031487	-0.00182386155725187
1584.4927	0.000782854622282229	-0.00163282860931107
1412.7418	0.00076881863287168	-0.00146619021151404
1258.7905	0.00076084788236588	-0.00131423119992273
1121.7966	0.000752310246585623	-0.00117754869695293
999.68164	0.000743265707417692	-0.00105698493429897
891.42474	0.000735023198066227	-0.000949440126839773
794.23932	0.000728642712037855	-0.000852818446345847
707.96161	0.000720314726122269	-0.000763581605389797
631.00977	0.000713242293015949	-0.000685985082922358
562.33929	0.000706710219875815	-0.000612967731461309
501.12231	0.000701146714274537	-0.000549444442384665
446.57214	0.000696744427485843	-0.000491922357310217
398.08899	0.000691442276515441	-0.000440143337045322
354.88681	0.000686168948972132	-0.000390742839589571
316.31589	0.000683835082083838	-0.000348278071619939
281.8942	0.000682806299818694	-0.000311836017207116
251.20601	0.000673855718749557	-0.000274167359992272
223.92496	0.000676035404718175	-0.000242698052397524
199.55338	0.000676929767158932	-0.000215833553688259
177.78128	0.000674181668341373	-0.000185915353566131
158.52898	0.000672630706721456	-0.000164258616959476
141.21979	0.000673167308310364	-0.000144188356917488
125.92673	0.000672643640063731	-0.000122862412036025
112.19009	0.000676417815928375	-0.00010651460864892
99.968163	0.000677835734590329	-9.03117462835071e-05
89.115646	0.000678664616413466	-7.56952952228385e-05
79.415741	0.000681431438208224	-6.34053887421548e-05
70.793182	0.000684293372995564	-5.18876519635993e-05
63.082279	0.00068643200844228	-4.17807957507143e-05
56.241825	0.000691280649223346	-3.16120472512384e-05
50.112232	0.000690456126306994	-2.35358959452578e-05
44.671223	0.000694695488518742	-1.89947302068695e-05
39.808899	0.000699167542379465	-1.25263471992764e-05
35.488308	0.00070150793978833	-7.40177354649193e-06
31.629578	0.000705267075881538	-1.97367241597365e-06
28.187037	0.000708687522006843	-7.97172069377013e-07
25.120602	0.000710640442909578	3.16564032290966e-06
22.385418	0.000713749465532585	7.55610895640358e-06
19.955338	0.0007147863335288	7.47040195317844e-06
17.775894	0.000718102666160325	1.16096807761273e-05
15.846864	0.000721628657868163	1.28661226048741e-05
14.127493	0.000724016476917713	1.35429277942441e-05
12.587309	0.0007253810875364	1.44565119664013e-05
11.216775	0.000726436852916736	1.3408915271496e-05
9.9968166	0.000729625202403363	1.35454003916988e-05
8.9082127	0.000730603971381096	1.32489006534651e-05
7.9395623	0.000733492981678449	1.41824366453172e-05
7.0765615	0.000736871883508648	1.89214603264273e-05
6.3105822	0.000737424107718733	1.63225723891762e-05
5.6245475	0.000738608779096376	1.62378696225683e-05
5.0112233	0.000739819614033113	1.70370464620177e-05
4.4642835	0.000741500059125923	1.6692897102438e-05
3.9819033	0.000742132823059243	1.57624524013182e-05
3.5479143	0.000742275261764927	1.90428271740425e-05
3.1629577	0.000746607045668225	1.81964865310736e-05
2.818361	0.000747866036879665	1.553085937963e-05
2.5112481	0.000748525278355492	1.5465671794808e-05
2.2398233	0.000746488280613748	1.72179175077524e-05
1.9950197	0.000747951426688151	1.57161671043246e-05
1.7775893	0.000750877781939317	1.64671741846706e-05
1.5846864	0.000750541244268517	1.79298609170359e-05
1.4122353	0.000751157496182226	1.768720662768e-05
1.2582541	0.000752395240942118	1.9830643162926e-05
1.1224822	0.000755728724472692	1.96246101141712e-05
1.0000616	0.000755354685954876	1.93663343728198e-05
0.89082122	0.000755851351953541	1.9971136158739e-05
0.79444051	0.000758647225716956	2.06947483391861e-05
0.70784986	0.000758764327126966	2.24522260263713e-05
0.63126236	0.000762943342036757	2.36988754492036e-05
0.562536	0.000762730160759644	2.11853293389285e-05
0.50118715	0.000764293155804975	2.30649366574323e-05
0.44642836	0.000767158921347092	2.47775814779942e-05
0.39821118	0.000768409833404743	2.71101780121383e-05
0.35475865	0.000769201282748364	2.50773840560844e-05
0.31619295	0.000770634412052309	2.87102273527786e-05
0.2819173	0.000770433881805057	2.69473569230112e-05
0.25117323	0.00077565602496421	2.8891645234644e-05
0.22391155	0.000775095919081088	3.11119339637505e-05
0.19957349	0.000777473811701316	3.21048853044147e-05
0.17779917	0.000777818099037131	3.37923995892848e-05
0.15846863	0.000780966855199522	3.67822623475091e-05
0.14123619	0.000782360957468405	3.58757715920794e-05
0.12590662	0.000786561953916016	3.8755823960049e-05
0.1122199	0.000788667175582164	4.06419190525731e-05
0.10002181	0.000790728474556356	4.22044197405057e-05
