10002.226	0.00118855852385849	-0.00948732709371148
8914.9326	0.00114775939349027	-0.00849340395306428
7943.9951	0.0011101796291666	-0.00760144694789427
7081.583	0.00107649252062999	-0.00680620138929968
6307.7358	0.00104494452486307	-0.00608983329993606
5622.5879	0.00101397656800551	-0.00545397194687426
5011.603	0.000983086588567386	-0.00488179736392978
4466.4292	0.000960678434668637	-0.00436976622391481
3981.2773	0.000935969894217875	-0.00391331179172505
3548.8679	0.000912217416287573	-0.00350529704606359
3163.0398	0.000895661633904205	-0.00314012727721566
2819.0986	0.000877544656119245	-0.00280888048944581
2512.4104	0.000860702977416668	-0.00251675483507905
2239.2869	0.000846898772607876	-0.00225407682329385
1995.6381	0.000832316754957403	-0.00201879455220483
1778.2897	0.000819867155620945	-0.00180960481024121
1584.4927	0.000807931678025985	-0.00162125959222649
1412.7418	0.000795886362591598	-0.00145433190166357
1258.7905	0.000786982230341949	-0.00130408045801798
1121.7966	0.000778159338841015	-0.00116993283487702
999.68164	0.000769507766912527	-0.00104899682811232
891.42474	0.000759294983686711	-0.000941086659794977
794.23932	0.000754990138022725	-0.000843616974482374
707.96161	0.000747404610745407	-0.000757126170640776
631.00977	0.00073965064541211	-0.000680300982541777
562.33929	0.000732563144432075	-0.000609938418750506
501.12231	0.000729041186145592	-0.000547125005818761
446.57214	0.000722311963366266	-0.000486735555956674
398.08899	0.00071604500104816	-0.000435695266260535
354.88681	0.000712134401393176	-0.000390522205824488
316.31589	0.000710503852373216	-0.000345971944662081
281.8942	0.000707021717818431	-0.000309782747479063
251.20601	0.000702619295224731	-0.000273526113295497
223.92496	0.000701000743923904	-0.000241903157440438
199.55338	0.000701388822487214	-0.000213984897000099
177.78128	0.000699166302804442	-0.000184611335775146
158.52898	0.000700520158463003	-0.000163389799886365
141.21979	0.000698111250570787	-0.000142133349314284
125.92673	0.000699817217852973	-0.000121623092099092
112.19009	0.000702903762333286	-0.000105720388370055
99.968163	0.000703129142014041	-8.79380000265544e-05
89.115646	0.000706695349026791	-7.65090061723669e-05
79.415741	0.000706999154247143	-6.29148243050314e-05
70.793182	0.000709484296256609	-5.01521349261899e-05
63.082279	0.000711331985278044	-4.02165998925659e-05
56.241825	0.000716060015939377	-3.22335601824153e-05
50.112232	0.000719544652635667	-2.2194073917771e-05
44.671223	0.000721345970190898	-1.7353137876881e-05
39.808899	0.000724543033567329	-1.45408192871899e-05
35.488308	0.000727175801592423	-7.70252565768838e-06
31.629578	0.000730294879000493	-1.21935770610321e-06
28.187037	0.000734454307286867	6.00613447685373e-07
25.120602	0.000737162502708732	3.73575696040959e-06
22.385418	0.000738400231940995	6.11833137934041e-06
19.955338	0.000742585292005781	8.68631862629814e-06
17.775894	0.000747023461859728	9.312008332138e-06
15.846864	0.000749310911084167	1.08498695389835e-05
14.127493	0.000751675651902249	1.22541868564748e-05
12.587309	0.000750917306702682	1.1352727659504e-05
11.216775	0.000753289672324332	1.52047369462547e-05
9.9968166	0.0007558646496797	1.21555645052591e-05
8.9082127	0.000759264749560109	1.57198931911957e-05
7.9395623	0.00075796688802605	1.59905703313259e-05
7.0765615	0.000760580885405567	1.74732147989272e-05
6.3105822	0.000763834727559628	1.58137905421984e-05
5.6245475	0.000764075435899618	1.64213193778294e-05
5.0112233	0.000764492803458862	1.63632522607373e-05
4.4642835	0.000769259856232877	1.66782996937334e-05
3.9819033	0.000768870995403406	1.50478427056186e-05
3.5479143	0.00077022021117615	1.74821311054179e-05
3.1629577	0.000770995666394665	1.82426798137645e-05
2.818361	0.000773938593539616	1.77920155743924e-05
2.5112481	0.000772918263736843	1.58682260311006e-05
2.2398233	0.00077233962659337	1.67291017189454e-05
1.9950197	0.000773569090908894	1.75034427909282e-05
1.7775893	0.000776257343642394	1.79821922374544e-05
1.5846864	0.000777680977469612	1.87347043086283e-05
1.4122353	0.000778580670134063	1.82474579725457e-05
1.2582541	0.000777863986181906	1.86891098272087e-05
1.1224822	0.000782175495241319	1.85269068122274e-05
1.0000616	0.000782207019008691	1.9518378141745e-05
0.89082122	0.000781955725702882	1.80881754589742e-05
0.79444051	0.000784818083914745	2.09725889748424e-05
0.70784986	0.000785964630198	2.20633782303387e-05
0.63126236	0.000784852356108856	2.21758815003541e-05
0.562536	0.000788866739142016	2.29083447645635e-05
0.50118715	0.00079112344034077	2.40211936268435e-05
0.44642836	0.00079177345599392	2.22722175492692e-05
0.39821118	0.000793485093166301	2.52186025581283e-05
0.35475865	0.000795597234286403	2.53018907234009e-05
0.31619295	0.000793374997242784	2.91220430362491e-05
0.2819173	0.000797273945415657	2.87173111273448e-05
0.25117323	0.000799430470717439	2.97251119985524e-05
0.22391155	0.000800575802601824	3.2224920010361e-05
0.19957349	0.000802794205559842	3.18521861527341e-05
0.17779917	0.000804924067785868	3.33733141874399e-05
0.15846863	0.00080851285836215	3.46260000051294e-05
0.14123619	0.000809006492016604	3.64183061305053e-05
0.12590662	0.000811098439994406	3.88044700259918e-05
0.1122199	0.000813709496510916	3.92789251260544e-05
0.10002181	0.000815497896402465	4.35235389305075e-05
