10002.226	0.00119061293158631	-0.00948791653306559
8914.9326	0.00114640778537776	-0.00849353885754161
7943.9951	0.00111085581025242	-0.00760132973248549
7081.583	0.00107425324402675	-0.00680667811779252
6307.7358	0.00104476264048681	-0.00609044566024808
5622.5879	0.00101349682286058	-0.00545451715160713
5011.603	0.000985351077655575	-0.00488319757343036
4466.4292	0.000958099842091541	-0.00437107740062084
3981.2773	0.00093765854534522	-0.00391164440601733
3548.8679	0.000913002182858176	-0.00350466837811871
3163.0398	0.000895238021051377	-0.00313877238704779
2819.0986	0.000876137488866102	-0.00281015265749437
2512.4104	0.000861908176327168	-0.00251536695459622
2239.2869	0.00084688894891138	-0.00225641603373692
1995.6381	0.000831340611226565	-0.00201947277029063
1778.2897	0.000818554239094886	-0.00180903910797176
1584.4927	0.000807341861399083	-0.00162219007172857
1412.7418	0.000794770998082788	-0.00145645686414984
1258.7905	0.000787789571087096	-0.00130466298976217
1121.7966	0.000776171970138275	-0.00117177291754833
999.68164	0.000768857701034592	-0.00104758941074866
891.42474	0.000762008287700806	-0.000939800854253237
794.23932	0.000754586951241624	-0.000844907376506688
707.96161	0.000747334289610237	-0.000756929443924363
631.00977	0.000739020827553504	-0.000680317276164756
562.33929	0.000732820942364395	-0.000609586696486663
501.12231	0.000727823540863138	-0.000545645673649655
446.57214	0.000721499346161177	-0.000486882695648445
398.08899	0.000716473834915787	-0.000437658416501589
354.88681	0.0007123392593168	-0.00038834610096949
316.31589	0.000709511392213141	-0.000344825131337313
281.8942	0.000705351690722084	-0.000310392336761059
251.20601	0.000701915417870307	-0.000274179171135303
223.92496	0.000701017701125146	-0.000242527610963141
199.55338	0.000701224828816424	-0.000212277386113605
177.78128	0.000701064761273774	-0.000186475998231302
158.52898	0.000700253548380477	-0.000162435577755683
141.21979	0.000699453480477017	-0.000143994859930154
125.92673	0.000699463031361745	-0.00012310166943442
112.19009	0.000702494035926155	-0.000106150725795243
99.968163	0.000704368687040093	-9.00037829107831e-05
89.115646	0.00070514241467321	-7.37116328459478e-05
79.415741	0.000707022473900272	-6.2465837226545e-05
70.793182	0.000709079996440829	-5.14449088612289e-05
63.082279	0.000713006145690528	-4.11520147290188e-05
56.241825	0.000716246223645752	-2.94937013398738e-05
50.112232	0.000718771970524674	-2.22251755992898e-05
44.671223	0.000721188703474527	-1.79788552696148e-05
39.808899	0.000724373498452113	-1.29438823156906e-05
35.488308	0.000730255577359664	-7.10531592855438e-06
31.629578	0.000732893654358867	-1.79736655814108e-06
28.187037	0.000733174436996686	9.95581200405391e-07
25.120602	0.000736055791067261	4.9449538611422e-06
22.385418	0.000738470445083829	6.45286994799696e-06
19.955338	0.000742380784825633	8.48374599477638e-06
17.775894	0.000745051404170346	1.14323659671639e-05
15.846864	0.000747157643029106	1.13745702056987e-05
14.127493	0.000750439339808273	1.42335002278693e-05
12.587309	0.000751256558598811	1.34547993155199e-05
11.216775	0.000752414517735889	1.63653970323234e-05
9.9968166	0.000756333660946562	1.46274327037431e-05
8.9082127	0.000757968750809379	1.43541213289522e-05
7.9395623	0.00075805943882087	1.52444283649595e-05
7.0765615	0.000761266369330299	1.74474015339445e-05
6.3105822	0.000763616596986462	1.77122668650228e-05
5.6245475	0.000763108752357915	1.66762947390846e-05
5.0112233	0.000766054743872549	1.67598943424785e-05
4.4642835	0.000768725727116941	1.61161092397434e-05
3.9819033	0.000768457783371895	1.76689305333029e-05
3.5479143	0.000770385598832879	1.87316007514021e-05
3.1629577	0.000769959196010232	1.66170239124255e-05
2.818361	0.000772123671452639	1.73021107178004e-05
2.5112481	0.000773137248117064	1.73314105411634e-05
2.2398233	0.000773254067450421	1.84015678814825e-05
1.9950197	0.000773773565924788	1.79618502390117e-05
1.7775893	0.000776515078186845	1.82063346723967e-05
1.5846864	0.000777515313472895	1.91081539828886e-05
1.4122353	0.000777736411396873	1.73222727500455e-05
1.2582541	0.000779510352399878	1.99562887934123e-05
1.1224822	0.000781358914381626	2.04588506182404e-05
1.0000616	0.000781554313140433	1.8996448182111e-05
0.89082122	0.000783120861281422	2.02904043620205e-05
0.79444051	0.000785945268139304	2.18099323409123e-05
0.70784986	0.000786031794751022	2.07793779931632e-05
0.63126236	0.000788836799033026	2.07435758747431e-05
0.562536	0.00078961450294531	2.36156436974504e-05
0.50118715	0.000788838721146627	2.28406248953186e-05
0.44642836	0.000793045100366797	2.47876453551783e-05
0.39821118	0.000795951314146218	2.44668403091171e-05
0.35475865	0.000792611895169997	2.78925798494069e-05
0.31619295	0.000795199054329023	2.83726727676414e-05
0.2819173	0.00079690544945853	2.82695896732828e-05
0.25117323	0.000799754842350667	2.97754868986016e-05
0.22391155	0.000801634136772468	3.14860130970086e-05
0.19957349	0.000803831722701005	3.22955113931092e-05
0.17779917	0.000804640381325741	3.32772521590542e-05
0.15846863	0.000807112378904141	3.55574676389177e-05
0.14123619	0.000809519230097128	3.6268891826167e-05
0.12590662	0.000811673645318552	3.79707068653592e-05
0.1122199	0.00081459126182751	4.20206998312164e-05
0.10002181	0.000815451320042158	4.21852291835247e-05
