10002.226	0.00118786409777331	-0.00948732023668857
8914.9326	0.00114917665304925	-0.00849237957380389
7943.9951	0.00111007341223123	-0.00760107972432161
7081.583	0.00107609841820877	-0.00680597064021332
6307.7358	0.00104268240005525	-0.00609023745281249
5622.5879	0.00101344119559688	-0.00545283964047663
5011.603	0.000983846788129552	-0.00488327292152682
4466.4292	0.000961397650583839	-0.00437095717465702
3981.2773	0.000935961661288738	-0.00391163044118342
3548.8679	0.000912752798098386	-0.00350291638532323
3163.0398	0.000894687193332057	-0.00314001054525778
2819.0986	0.00087600380734834	-0.00280998347826751
2512.4104	0.000861459583423149	-0.00251600517413421
2239.2869	0.000845429362256065	-0.00225616645677867
1995.6381	0.000831991270422515	-0.00202100451627969
1778.2897	0.000819403876955147	-0.00181001691220423
1584.4927	0.000805813411871663	-0.0016242312143779
1412.7418	0.000795024144021069	-0.00145505645611236
1258.7905	0.000786543597139934	-0.00130387305180975
1121.7966	0.000776665199215763	-0.00116981482658256
999.68164	0.000769039743404918	-0.00104756362845882
891.42474	0.000760458018696945	-0.000940498550233787
794.23932	0.000753895755341779	-0.000845418245930025
707.96161	0.000745089927084825	-0.000756680474267271
631.00977	0.000738167725504781	-0.000680238907506316
562.33929	0.000732430861833024	-0.000607150774402066
501.12231	0.000727080043601527	-0.000544902482471853
446.57214	0.000721573421695162	-0.000485137060471133
398.08899	0.000714180338912868	-0.000436264705925104
354.88681	0.000712740462417427	-0.000388762463915748
316.31589	0.00071092990387275	-0.000347615954946011
281.8942	0.000704351753363451	-0.000310137296706854
251.20601	0.000701935501936073	-0.000275134729403225
223.92496	0.000702535980792557	-0.000240401402213928
199.55338	0.000701461546988305	-0.00021400526006878
177.78128	0.000698178009143499	-0.00018575824809262
158.52898	0.00069890141388186	-0.000163687142798914
141.21979	0.000699091369913518	-0.000141327603482405
125.92673	0.000700540485484924	-0.000123608152300109
112.19009	0.000702362968373988	-0.000107611204597304
99.968163	0.00070298434633675	-8.95863467471965e-05
89.115646	0.000704910793257169	-7.37384441478509e-05
79.415741	0.000707391268995509	-6.35620761538197e-05
70.793182	0.000710154401858269	-4.9664091790466e-05
63.082279	0.000712435500752725	-4.11895598129104e-05
56.241825	0.000719033431755291	-3.2696439469554e-05
50.112232	0.000719206056247011	-2.2662583752487e-05
44.671223	0.00072064096990303	-1.8055734084206e-05
39.808899	0.00072453597897114	-1.09378023211995e-05
35.488308	0.000726055692835742	-8.17586807001599e-06
31.629578	0.000731164572094848	-1.50061364136109e-06
28.187037	0.00073386845303962	-1.39437906135503e-07
25.120602	0.000736901525783205	2.4977815351726e-06
22.385418	0.000740695181734059	7.4558509086624e-06
19.955338	0.000739450182784375	8.77530134703948e-06
17.775894	0.000744217801271544	1.14140845273501e-05
15.846864	0.000747145302318147	1.07637683237424e-05
14.127493	0.00075123128118999	1.53610352512453e-05
12.587309	0.000752576018773027	1.30732090330285e-05
11.216775	0.000754224377991855	1.52131181843124e-05
9.9968166	0.000757107065843091	1.4259195461937e-05
8.9082127	0.000757284466996386	1.64405343238663e-05
7.9395623	0.000759288376774882	1.57314689677324e-05
7.0765615	0.000759634919885576	1.9389391539758e-05
6.3105822	0.000763183454620823	1.76720191023792e-05
5.6245475	0.000765068780240107	1.5703079261427e-05
5.0112233	0.000765166494728088	1.87239548636546e-05
4.4642835	0.000767566708822843	1.70157185262348e-05
3.9819033	0.000769590229645414	1.50035406190416e-05
3.5479143	0.000770466986943656	1.70426306964622e-05
3.1629577	0.000771237729437984	1.70394019863121e-05
2.818361	0.000772717654406173	1.63713497437164e-05
2.5112481	0.00077244969122551	1.55132453861205e-05
2.2398233	0.000775394645117225	1.80612679720137e-05
1.9950197	0.000772888412971176	1.78597785573311e-05
1.7775893	0.000774528178644169	1.64792233441615e-05
1.5846864	0.000776860963466367	1.77330764524995e-05
1.4122353	0.000778101633150234	1.83238613622019e-05
1.2582541	0.000778649825603908	1.87308187588927e-05
1.1224822	0.000778765104641008	1.72000594874573e-05
1.0000616	0.000782224065174813	1.94903673182324e-05
0.89082122	0.000783848378926305	2.08451269854993e-05
0.79444051	0.000782564825991803	2.07786478779043e-05
0.70784986	0.000786145591019783	2.07104574007752e-05
0.63126236	0.000788657949939694	2.14023556491303e-05
0.562536	0.000789219979210297	2.13895958832038e-05
0.50118715	0.000789007680978751	2.29389923872766e-05
0.44642836	0.000792222965385107	2.39293386638429e-05
0.39821118	0.000793136198156121	2.65589112908811e-05
0.35475865	0.000796718398885602	2.66361475539801e-05
0.31619295	0.000797165974422778	2.81751407964882e-05
0.2819173	0.00079625176266121	2.86290054578593e-05
0.25117323	0.000799459945904212	3.00657598862704e-05
0.22391155	0.000801190954552506	2.94351384840959e-05
0.19957349	0.000802802231943877	3.20602958053614e-05
0.17779917	0.000805440996787263	3.29515765667928e-05
0.15846863	0.000805883913778856	3.61897248943634e-05
0.14123619	0.000808786505281825	3.59760583492904e-05
0.12590662	0.00080968578473922	3.72346605706574e-05
0.1122199	0.000814954907160585	4.06512518211564e-05
0.10002181	0.000817284740411041	4.10804895786194e-05
