10002.226	0.00118879920871602	-0.00948858863230212
8914.9326	0.00114940129681636	-0.00849325171364271
7943.9951	0.00110798930478951	-0.00760261600771007
7081.583	0.00107590651827326	-0.00680548507616527
6307.7358	0.00104638327558049	-0.00609043776972499
5622.5879	0.00101263747568726	-0.00545266596518284
5011.603	0.000984718925163413	-0.00488333663211935
4466.4292	0.000960771413102004	-0.00437142998999081
3981.2773	0.000934753223677794	-0.00391206596286246
3548.8679	0.000913161262049883	-0.003504224510592
3163.0398	0.000895025677763251	-0.00313940286840292
2819.0986	0.000879483751269183	-0.00281098892358564
2512.4104	0.000861010555240168	-0.00251733151903537
2239.2869	0.000845412538701418	-0.00225558120129578
1995.6381	0.000833598106761727	-0.00202162781156075
1778.2897	0.000818867876278309	-0.00180934687886371
1584.4927	0.000806455770875452	-0.00162028964885556
1412.7418	0.00079644807365556	-0.00145149943244736
1258.7905	0.000788549304386338	-0.0013048305038793
1121.7966	0.000779883138457255	-0.00117071088585031
999.68164	0.000768951213287714	-0.00104807106752703
891.42474	0.000759771552989986	-0.000940129986363888
794.23932	0.000754523673049743	-0.000845777419830073
707.96161	0.000747914521194473	-0.000757747038015509
631.00977	0.000739265104857227	-0.000678602651363748
562.33929	0.000733379533994264	-0.000608549519260596
501.12231	0.000726455182205628	-0.00054680613384182
446.57214	0.000722970820452841	-0.000486130647696726
398.08899	0.000715337873818212	-0.000437846935317214
354.88681	0.000711693461771491	-0.000389306441556305
316.31589	0.000711989186997197	-0.000345883695393847
281.8942	0.000707244162434981	-0.000308685308670672
251.20601	0.00070117661944792	-0.000274489982530984
223.92496	0.000701558753717251	-0.000241517818577778
199.55338	0.00070034499517705	-0.000213783445215569
177.78128	0.000699960864082318	-0.000187114074605723
158.52898	0.000700569118149467	-0.000162457214063638
141.21979	0.000699844543944715	-0.000142317010272495
125.92673	0.000701962715324323	-0.000122469043300607
112.19009	0.000701630389362306	-0.000106587245000807
99.968163	0.000701699852050542	-8.96324397293482e-05
89.115646	0.000704113892445608	-7.59940596583213e-05
79.415741	0.000708682428872856	-6.14261465962845e-05
70.793182	0.000709332426106091	-5.03156349487159e-05
63.082279	0.000711705861145494	-4.21688430685025e-05
56.241825	0.000715945909373437	-3.05354132788983e-05
50.112232	0.000717435222406906	-2.22281981403215e-05
44.671223	0.000721244586016305	-1.76728836303453e-05
39.808899	0.00072537489018598	-1.27847907366588e-05
35.488308	0.00072685252684777	-8.42790450431131e-06
31.629578	0.000730551638224843	-3.18336322648323e-06
28.187037	0.000733790271434581	2.07282145398506e-06
25.120602	0.000738151005534844	4.7600384487214e-06
22.385418	0.000739036619559157	7.88920753013666e-06
19.955338	0.000743071337825557	7.98016100495906e-06
17.775894	0.000745086539099755	9.45343372313354e-06
15.846864	0.000748348830930575	9.41484505925609e-06
14.127493	0.000752253612918108	1.36616532078478e-05
12.587309	0.000750701044117623	1.03273935400384e-05
11.216775	0.000756071033273112	1.53023311650615e-05
9.9968166	0.000758113144721724	1.4185153123962e-05
8.9082127	0.000756930221499655	1.44451683607838e-05
7.9395623	0.000759701242168176	1.68192009570598e-05
7.0765615	0.00076011988063312	1.87411102152121e-05
6.3105822	0.000763881190566631	1.91344132746815e-05
5.6245475	0.000764163839518122	1.61261354004792e-05
5.0112233	0.000765663755403058	1.79743099227743e-05
4.4642835	0.000767393332431583	1.55931523876117e-05
3.9819033	0.000768575199547474	1.40500030712817e-05
3.5479143	0.000768593288689367	1.68942969550599e-05
3.1629577	0.000771595620110834	1.83543662712914e-05
2.818361	0.000774629328733217	1.55274036671685e-05
2.5112481	0.000773072136110543	1.67381145374144e-05
2.2398233	0.000774568684373144	1.61859400478704e-05
1.9950197	0.000773381284045938	1.75027942946548e-05
1.7775893	0.000776053473664083	1.84134667802321e-05
1.5846864	0.00077723117872605	1.68449306087634e-05
1.4122353	0.00077782163675186	1.57610303949501e-05
1.2582541	0.00077893677775996	1.7469359790878e-05
1.1224822	0.000780939944187285	1.96272781503058e-05
1.0000616	0.000782212268312295	1.92328541732842e-05
0.89082122	0.000783469264436339	2.02265445435585e-05
0.79444051	0.000784689188257017	2.03994944935802e-05
0.70784986	0.000786970622672285	2.04007751339516e-05
0.63126236	0.00078809212758191	2.16179556721942e-05
0.562536	0.000789569620330576	2.09326896823907e-05
0.50118715	0.000788989322520467	2.33179899377523e-05
0.44642836	0.000793226846498884	2.420199459144e-05
0.39821118	0.000794318558406517	2.34412624592134e-05
0.35475865	0.000795266320308414	2.54954314433879e-05
0.31619295	0.000796264856177762	2.8795129363651e-05
0.2819173	0.000798685125931182	2.98298150163678e-05
0.25117323	0.000799931968894033	2.88018701547662e-05
0.22391155	0.000800697718315989	3.03994721422925e-05
0.19957349	0.000803003059360376	3.16095493150518e-05
0.17779917	0.000805209276860969	3.35209087862061e-05
0.15846863	0.000807474987766583	3.34291228552583e-05
0.14123619	0.000808623973107117	3.63505384925788e-05
0.12590662	0.000811786561868623	3.71053184266219e-05
0.1122199	0.000814692329799421	4.0707374495861e-05
0.10002181	0.000817521287254637	4.19410774963828e-05
