10002.226	0.0011895742134084	-0.00948700851683733
8914.9326	0.00114936153425392	-0.00849428556272446
7943.9951	0.00111344427453403	-0.00760261256387779
7081.583	0.00107667514293447	-0.00680452554439194
6307.7358	0.00104544562680269	-0.00608968491971982
5622.5879	0.00101197569564397	-0.00545405531219484
5011.603	0.000985748536690189	-0.00488347061673537
4466.4292	0.000961356328243642	-0.00436958870801614
3981.2773	0.000934986693333544	-0.0039138971456866
3548.8679	0.000912448455776189	-0.00350619943855827
3163.0398	0.00089500590551124	-0.00313912598920342
2819.0986	0.000877774066407688	-0.00281100437091991
2512.4104	0.000861484210504681	-0.00251563485553409
2239.2869	0.000845860252500881	-0.00225554288253987
1995.6381	0.000832845918315874	-0.00202027340389144
1778.2897	0.000820629899521559	-0.00181131977506003
1584.4927	0.000809815852718151	-0.00162100172591817
1412.7418	0.000795505089242354	-0.00145287835794864
1258.7905	0.000787200395609461	-0.00130687344410024
1121.7966	0.000778502902849367	-0.00117098235031935
999.68164	0.000769961791917373	-0.00104793923237414
891.42474	0.00076168399898564	-0.00094114014084574
794.23932	0.000754111555276049	-0.000845454363542047
707.96161	0.000747192925492234	-0.000756472756400857
631.00977	0.000738660791775046	-0.000680761751971642
562.33929	0.000732625933625447	-0.000608415462724102
501.12231	0.000727244133006156	-0.000545071206516514
446.57214	0.000720831452077383	-0.000486787581520383
398.08899	0.000716390405157812	-0.000436211154983974
354.88681	0.00071150071937578	-0.000389878368045304
316.31589	0.000711916847589734	-0.000345718652919374
281.8942	0.000706601922268324	-0.000309573795155176
251.20601	0.000701853115941475	-0.000271644210860539
223.92496	0.000703108964352366	-0.000242472461273962
199.55338	0.000701354739751807	-0.000216287271362075
177.78128	0.000699804099840958	-0.00018555064255732
158.52898	0.000700792731945417	-0.000162768142023885
141.21979	0.000699516260085662	-0.000142592550205186
125.92673	0.0006991415305675	-0.000120920507620837
112.19009	0.000703307491635861	-0.000107282952689639
99.968163	0.000703308366408809	-8.95141979816893e-05
89.115646	0.000704216075949264	-7.58729332798663e-05
79.415741	0.000707371616589331	-6.17394002224608e-05
70.793182	0.000709752723894001	-5.1143832037611e-05
63.082279	0.000712271576272877	-3.96406203520474e-05
56.241825	0.00071707539798595	-3.11477981437673e-05
50.112232	0.000717386381111706	-2.08002531104209e-05
44.671223	0.000720984689210309	-1.7573970569152e-05
39.808899	0.000725915020546936	-1.21542932394462e-05
35.488308	0.000727842219718925	-7.73678172419756e-06
31.629578	0.000731044152977497	-2.41750092641839e-06
28.187037	0.000733217493677967	2.37777107122075e-07
25.120602	0.000734527205753349	2.91728732977588e-06
22.385418	0.000739433763658324	7.46792632212598e-06
19.955338	0.000743889975129793	7.31983578842284e-06
17.775894	0.000745890038827166	1.21986007065604e-05
15.846864	0.000749947134510091	1.10777384141335e-05
14.127493	0.000749365473675608	1.32625510913843e-05
12.587309	0.000750700705498301	1.13895034942801e-05
11.216775	0.000751787079733339	1.41430983305463e-05
9.9968166	0.000755183873827873	1.33677638515494e-05
8.9082127	0.000757673333315887	1.52408000678002e-05
7.9395623	0.000759084430940016	1.37271396133883e-05
7.0765615	0.000761516064381931	1.76867721886511e-05
6.3105822	0.000764063596239618	1.75561662962637e-05
5.6245475	0.000762771682300945	1.62138819380993e-05
5.0112233	0.000765474216370225	1.73825034506371e-05
4.4642835	0.000766923132940921	1.76647022190388e-05
3.9819033	0.000768055880399408	1.62622477467773e-05
3.5479143	0.00076836845286782	1.7064402910157e-05
3.1629577	0.00077130029772658	1.87417997419058e-05
2.818361	0.000772182170429502	1.71968117052995e-05
2.5112481	0.00077254031406372	1.76015430669507e-05
2.2398233	0.000772426173466287	1.72880834384587e-05
1.9950197	0.000774514574207627	1.71687982248551e-05
1.7775893	0.000776933240192288	1.63152441564215e-05
1.5846864	0.000777701014368108	1.8512438204286e-05
1.4122353	0.000780416137443256	1.59053001835168e-05
1.2582541	0.000779344555646099	1.84957215170482e-05
1.1224822	0.000781328899246522	1.74672815757681e-05
1.0000616	0.000780093918327032	2.07801477019354e-05
0.89082122	0.000784178146660326	2.0807168422943e-05
0.79444051	0.000784516514232267	2.14486735336374e-05
0.70784986	0.000785585824749011	2.24305508485321e-05
0.63126236	0.000787755910609949	2.17733397134477e-05
0.562536	0.000789795466486162	2.09596598218344e-05
0.50118715	0.000789317210700657	2.27838521059243e-05
0.44642836	0.000791546208751833	2.5828312414359e-05
0.39821118	0.000793428348854403	2.44115979200611e-05
0.35475865	0.000795810596968796	2.79475458193214e-05
0.31619295	0.00079529435709076	2.75816728549187e-05
0.2819173	0.000798507325919769	2.84624985710373e-05
0.25117323	0.000800204922341669	2.9282215927809e-05
0.22391155	0.000801328564843689	3.03809672730502e-05
0.19957349	0.000801798009816145	3.38722008987047e-05
0.17779917	0.000803679293847129	3.49667638295316e-05
0.15846863	0.000807628978362589	3.2487039615997e-05
0.14123619	0.000807984238408405	3.57655472737202e-05
0.12590662	0.000811029754258002	3.83488112007397e-05
0.1122199	0.00081457449742042	3.99011951386185e-05
0.10002181	0.000814756633713655	4.1266633322618e-05
