10002.226	0.00118819214265869	-0.00948546103075568
8914.9326	0.00114926128268237	-0.00849293917696547
7943.9951	0.00111114606095662	-0.00760280465459743
7081.583	0.00107507638380045	-0.00680500459053748
6307.7358	0.00104181158001861	-0.00608868219605967
5622.5879	0.00101354271034536	-0.00545264935401285
5011.603	0.000984622687107531	-0.00488312780517931
4466.4292	0.000958613340358336	-0.00437063417363937
3981.2773	0.00093581972024304	-0.00391462500638004
3548.8679	0.000914815742226477	-0.00350571631534154
3163.0398	0.00089427002714277	-0.00313818355068218
2819.0986	0.000877436248830679	-0.00281119739194202
2512.4104	0.00086063545206983	-0.00251717938536417
2239.2869	0.000845766153423776	-0.00225509853974826
1995.6381	0.000832851747662943	-0.00202059579991422
1778.2897	0.000822261419071871	-0.00181041882600337
1584.4927	0.0008095009073494	-0.00162259381089491
1412.7418	0.00079456671356995	-0.00145424297509748
1258.7905	0.000786885835727022	-0.00130542799811191
1121.7966	0.000779521156938364	-0.00116786222140191
999.68164	0.000769909222662748	-0.0010476211150784
891.42474	0.000760557268915971	-0.000940283064662974
794.23932	0.000753273899068817	-0.000844912935798928
707.96161	0.00074567434551353	-0.000757405750649485
631.00977	0.000739826585831991	-0.000681081999303102
562.33929	0.000734025371038081	-0.000607402010729628
501.12231	0.000727841418523113	-0.000547036611436256
446.57214	0.000723627307698317	-0.000488852732368698
398.08899	0.000715612555418412	-0.000437181280958502
354.88681	0.00071261938811669	-0.000389808967457665
316.31589	0.000710365691665553	-0.000347193181486614
281.8942	0.000705957025855076	-0.000307577935180291
251.20601	0.000701295623668356	-0.000273282247430822
223.92496	0.000702216661710914	-0.000240800795506687
199.55338	0.000698596537903632	-0.000213538284717435
177.78128	0.000698771309061943	-0.000188464769943195
158.52898	0.000699070840781438	-0.000162072998658194
141.21979	0.000698696122749534	-0.000143585780862514
125.92673	0.000699148807109881	-0.000124532924080345
112.19009	0.000701918189071242	-0.00010653632029715
99.968163	0.000705211665700841	-8.90966555330681e-05
89.115646	0.000706184870106155	-7.77355029228923e-05
79.415741	0.00070784286737667	-6.45394915760301e-05
70.793182	0.000708241092121863	-5.07545116441951e-05
63.082279	0.000710385724394798	-4.16225597838215e-05
56.241825	0.00071773573995962	-3.02616203745556e-05
50.112232	0.000718262093621108	-2.2707742111215e-05
44.671223	0.000722094973229306	-1.87111592808041e-05
39.808899	0.000723955193666797	-1.26703326548805e-05
35.488308	0.000728833461040373	-6.51980964870171e-06
31.629578	0.000730541562412678	-1.54146939628902e-06
28.187037	0.00073351652251025	5.86086983431979e-07
25.120602	0.000735851096490184	2.80469347852507e-06
22.385418	0.00073843616189846	7.20051750932239e-06
19.955338	0.000740869984646944	8.56223469769629e-06
17.775894	0.000746829348572647	1.15872496690506e-05
15.846864	0.000749613678954127	8.91308608977942e-06
14.127493	0.000750894852600191	1.38855599100312e-05
12.587309	0.000752768800017832	1.37934543516723e-05
11.216775	0.000751896019215475	1.46793316713373e-05
9.9968166	0.000756304963300238	1.26385386231063e-05
8.9082127	0.000756415219973807	1.64584170861464e-05
7.9395623	0.000760757236199713	1.83296748275112e-05
7.0765615	0.00076158654597444	1.69406324560423e-05
6.3105822	0.000763859145007813	1.54797805712874e-05
5.6245475	0.000765081046065018	1.50569890703837e-05
5.0112233	0.000768374034472531	1.59957652706767e-05
4.4642835	0.000768224288302271	1.60452538333432e-05
3.9819033	0.000769532027327882	1.83313653378744e-05
3.5479143	0.000770293040711833	1.69847887655471e-05
3.1629577	0.000770750532576861	1.76699787612347e-05
2.818361	0.000772203782950607	1.81643527562468e-05
2.5112481	0.000774734037366898	1.6224878508319e-05
2.2398233	0.000773850295469669	1.541714156071e-05
1.9950197	0.000775321481649665	1.83657702372631e-05
1.7775893	0.000776705154442337	1.83221065516448e-05
1.5846864	0.000777624947777959	1.76054992158812e-05
1.4122353	0.00077790814595371	1.73339293055891e-05
1.2582541	0.000778074179721403	1.90434280288209e-05
1.1224822	0.000780972884053884	1.91837117066821e-05
1.0000616	0.000782395479615099	2.05157223321442e-05
0.89082122	0.00078476887968703	2.0665399213854e-05
0.79444051	0.000785616860636559	2.07172066593979e-05
0.70784986	0.000784536309400162	1.99849263476075e-05
0.63126236	0.00078747310072977	2.22373242447825e-05
0.562536	0.000790368390540709	2.26228576243963e-05
0.50118715	0.000790505000377075	2.26826162026587e-05
0.44642836	0.000791721792616614	2.45373054883831e-05
0.39821118	0.000794110320694707	2.56219592274064e-05
0.35475865	0.000795988269014724	2.7062022290716e-05
0.31619295	0.000797576646865909	2.76341711336869e-05
0.2819173	0.000798400962607556	2.95568507146841e-05
0.25117323	0.000800030121785619	2.85307844736104e-05
0.22391155	0.000801299476283773	3.06076134904031e-05
0.19957349	0.000803866756610709	3.23067443986895e-05
0.17779917	0.00080469062162167	3.38649430333156e-05
0.15846863	0.000806208212111986	3.43718636269594e-05
0.14123619	0.000809724558071988	3.58779825184871e-05
0.12590662	0.000810932431966624	3.83253983353136e-05
0.1122199	0.00081487899306034	3.95051990530557e-05
0.10002181	0.000816441227157381	4.25113179116644e-05
