10002.226	0.001190202386717	-0.0094886688914875
8914.9326	0.00114751731897372	-0.00849277824153615
7943.9951	0.00110878610837517	-0.0076019488523849
7081.583	0.00107610503920519	-0.00680682842268841
6307.7358	0.00104510579691	-0.0060882356360305
5622.5879	0.00101237235803287	-0.00545295742439105
5011.603	0.000985094393005068	-0.00488369725979508
4466.4292	0.000958771272408505	-0.00436999231798618
3981.2773	0.000937325648388144	-0.00391357022893543
3548.8679	0.000912694159124949	-0.00350569277659145
3163.0398	0.000895588946741806	-0.00313869299011874
2819.0986	0.00087791514195713	-0.00280898743947136
2512.4104	0.000860897895458114	-0.00251501879042704
2239.2869	0.000845662041328582	-0.00225626212969294
1995.6381	0.000830790022566213	-0.00201961420270384
1778.2897	0.000820393456143955	-0.00181071676332119
1584.4927	0.000806456805807465	-0.00162105062856204
1412.7418	0.000797377965148289	-0.00145483124894583
1258.7905	0.00078743994481162	-0.00130254956007726
1121.7966	0.00077907753767754	-0.00117180335835407
999.68164	0.000769149884167258	-0.00104872692949219
891.42474	0.00076100742629369	-0.000941337707971829
794.23932	0.000753396277701433	-0.000844347881517852
707.96161	0.000747380417905561	-0.000757673408544343
631.00977	0.000740290884481119	-0.000679615656148685
562.33929	0.000733842091584582	-0.000608370147614949
501.12231	0.000727547663032166	-0.000544403582439327
446.57214	0.000721905860117192	-0.000487028679647292
398.08899	0.000716773141171291	-0.000435910448832393
354.88681	0.000712627355793503	-0.000390301380458448
316.31589	0.000709422854699016	-0.000347056204448035
281.8942	0.000706445447968039	-0.000309263439479566
251.20601	0.000705312133693164	-0.000274367330666504
223.92496	0.000702023514791837	-0.000240908099108926
199.55338	0.000701799225384096	-0.000213542249735486
177.78128	0.000699234480445122	-0.000186393475891619
158.52898	0.000699548483193423	-0.000161246728219094
141.21979	0.000699557902430125	-0.00014166049578729
125.92673	0.000699406504329982	-0.00012329231519501
112.19009	0.000701614124723857	-0.00010682681705647
99.968163	0.000702125179047802	-8.98593826427802e-05
89.115646	0.000705531818462162	-7.71331804225448e-05
79.415741	0.000707850484989006	-6.32651699546053e-05
70.793182	0.00070719144300377	-4.94501109238296e-05
63.082279	0.000711094464539402	-3.98373884458908e-05
56.241825	0.000716458912271847	-3.04881204408398e-05
50.112232	0.000719315739618206	-2.30873246131559e-05
44.671223	0.000721403116042266	-1.87012334239319e-05
39.808899	0.000723652840943419	-1.28561837361999e-05
35.488308	0.000728069160749032	-7.32949439544571e-06
31.629578	0.000730443124420459	-1.97286997886088e-06
28.187037	0.000733783331542553	-8.05564790797468e-07
25.120602	0.000736954177980243	2.50978047138145e-06
22.385418	0.0007400857350923	6.46234414445128e-06
19.955338	0.000743249492149679	8.30178375949047e-06
17.775894	0.000745479837422013	1.18775729327454e-05
15.846864	0.000750347505128429	1.15486083260543e-05
14.127493	0.00075063208699873	1.24140039552116e-05
12.587309	0.000751823536501548	1.28864621193304e-05
11.216775	0.00075352766015992	1.24748242690963e-05
9.9968166	0.000753271741704266	1.40715391054309e-05
8.9082127	0.000757536416579839	1.47447568845987e-05
7.9395623	0.000757525669437719	1.60715461619223e-05
7.0765615	0.000761848445573006	1.72567059073803e-05
6.3105822	0.000762920730169234	1.52738663872091e-05
5.6245475	0.000764175421321688	1.60246536552264e-05
5.0112233	0.000766188296714793	1.83946087169504e-05
4.4642835	0.000768720942507214	1.63023970766084e-05
3.9819033	0.00076933821005779	1.68159908163571e-05
3.5479143	0.000767877285048841	1.65113550084003e-05
3.1629577	0.000771328424484509	1.69752217137382e-05
2.818361	0.000772928618518756	1.66546913504795e-05
2.5112481	0.00077355468943046	1.64172591985258e-05
2.2398233	0.000774210709420815	1.82104174096245e-05
1.9950197	0.000774847436200984	1.74470937240355e-05
1.7775893	0.000775845462091552	1.70574262756543e-05
1.5846864	0.000776718614535714	1.64492937648253e-05
1.4122353	0.000778281556988936	1.8786855967375e-05
1.2582541	0.000778946404641646	1.54580748537016e-05
1.1224822	0.000782639107748154	1.7295116508725e-05
1.0000616	0.000781562809252415	2.1289851437017e-05
0.89082122	0.000782611271418067	1.92105286834114e-05
0.79444051	0.000783410805220681	1.98223969875787e-05
0.70784986	0.000784652505237215	2.18017561899661e-05
0.63126236	0.000787657376595261	2.47961500329913e-05
0.562536	0.000788065586055933	2.25995686923821e-05
0.50118715	0.000789540116812844	2.59875091872633e-05
0.44642836	0.000791859009257804	2.41373017110985e-05
0.39821118	0.000794023152005483	2.38103941756593e-05
0.35475865	0.000794123852520774	2.54629989538607e-05
0.31619295	0.000796665082426983	2.70838933708944e-05
0.2819173	0.000799502626348394	2.85825544788806e-05
0.25117323	0.00079971302038792	3.0523449845784e-05
0.22391155	0.000801820617782887	3.16254118055284e-05
0.19957349	0.000803255906315542	3.33015165397508e-05
0.17779917	0.000803905371448303	3.51799237137197e-05
0.15846863	0.000809378515147699	3.70282389497958e-05
0.14123619	0.000807889691573603	3.70328945250498e-05
0.12590662	0.000812378512234706	3.83590427755108e-05
0.1122199	0.00081490611645432	3.87310824980162e-05
0.10002181	0.000817892505717745	4.25945443089184e-05
