10002.226	0.00117822765004165	-0.00948633629210948
8914.9326	0.00113669256418017	-0.00848863229302032
7943.9951	0.0011000075422919	-0.00759833025211329
7081.583	0.00106425322628286	-0.00680490860367256
6307.7358	0.00103205644310511	-0.00608922927135374
5622.5879	0.00100085773849671	-0.00545125068438053
5011.603	0.00097281310917354	-0.0048793985910897
4466.4292	0.000948129185761138	-0.00436879566601057
3981.2773	0.000926249975206275	-0.00391215009905342
3548.8679	0.0009020917479812	-0.00350297303760464
3163.0398	0.000882870396365229	-0.00313654480042941
2819.0986	0.000867136584156257	-0.0028085962717231
2512.4104	0.00084971330780514	-0.002515253059049
2239.2869	0.000834799492832232	-0.00225460725894776
1995.6381	0.00082067607942388	-0.00202098210532609
1778.2897	0.00080865820994023	-0.00180878711478334
1584.4927	0.000795537046859862	-0.00162231832185156
1412.7418	0.000785829072163722	-0.0014539503068566
1258.7905	0.00077619376525192	-0.00130343034568006
1121.7966	0.000765522059107718	-0.00117173785520792
999.68164	0.000757282232943704	-0.00104826280312111
891.42474	0.000749663982345346	-0.000939381524749492
794.23932	0.000743767502984136	-0.000843084790311818
707.96161	0.000735152251477896	-0.000756302448783367
631.00977	0.000731370258712525	-0.00068023653966067
562.33929	0.000720544289447892	-0.000607811868040492
501.12231	0.000715657263505109	-0.000543994468102787
446.57214	0.00071055800819226	-0.000486130164012718
398.08899	0.000705249340187119	-0.000436213547076469
354.88681	0.000701681391481841	-0.000390486590007544
316.31589	0.000700003208496706	-0.000345823925908942
281.8942	0.000695764321575316	-0.000309479365933432
251.20601	0.000692457191643183	-0.000272434111024353
223.92496	0.000689399891334303	-0.000240488565303082
199.55338	0.000689029834875514	-0.000215583582678665
177.78128	0.000689451475999989	-0.00018655843667754
158.52898	0.000687437948021592	-0.000160455014637671
141.21979	0.000686435550111459	-0.000143155032318228
125.92673	0.000687398654509327	-0.000122205124862481
112.19009	0.000690843165999825	-0.000106816916211705
99.968163	0.000691598257365111	-8.92836071888836e-05
89.115646	0.000693522694334454	-7.63332852006794e-05
79.415741	0.000695364649545227	-6.32898547978795e-05
70.793182	0.000697408670424102	-5.18453364763759e-05
63.082279	0.000702359871223283	-3.93158453924358e-05
56.241825	0.000704139341526524	-3.09489615311448e-05
50.112232	0.000708126555829565	-2.43118092182934e-05
44.671223	0.000710325009254198	-1.79645806722468e-05
39.808899	0.000714686370386719	-1.32856703302237e-05
35.488308	0.000716820193819524	-8.29283358411784e-06
31.629578	0.000719117380764481	-1.95065924548501e-06
28.187037	0.000721885367793447	2.41268742657381e-06
25.120602	0.000723845349509899	3.06204931102524e-06
22.385418	0.000729855100805392	9.02260601070014e-06
19.955338	0.000730662338398759	7.21652742908719e-06
17.775894	0.0007341659413634	1.10702010062495e-05
15.846864	0.000736520564740769	1.12685391337559e-05
14.127493	0.000739350206149402	1.51671600309562e-05
12.587309	0.000739828525690276	1.4664489544749e-05
11.216775	0.000743125634132607	1.43133818782096e-05
9.9968166	0.000744489753736159	1.38852237050056e-05
8.9082127	0.000745666037437158	1.50290346278118e-05
7.9395623	0.000746723690927439	1.58921019049048e-05
7.0765615	0.00075151875403919	1.74530047185462e-05
6.3105822	0.000750177791146636	1.72256595241659e-05
5.6245475	0.00075276121918978	1.53090934897372e-05
5.0112233	0.000755771960745461	1.64216422133816e-05
4.4642835	0.000756441110433947	1.9234909344309e-05
3.9819033	0.000756544466898664	1.78767314476574e-05
3.5479143	0.000757143251535979	1.87103889568075e-05
3.1629577	0.000759382401049181	1.80471000719137e-05
2.818361	0.000760873293913061	1.76109892179415e-05
2.5112481	0.000761372116380927	1.76325007809252e-05
2.2398233	0.000763094164647051	1.66257885099598e-05
1.9950197	0.000763506002307236	1.66526077275359e-05
1.7775893	0.000765245849627517	1.81239164978918e-05
1.5846864	0.000765801955062165	1.7653378585703e-05
1.4122353	0.000765776010715374	1.90352921578605e-05
1.2582541	0.000768267250099925	2.06443439319038e-05
1.1224822	0.000768762757580372	1.83545143573948e-05
1.0000616	0.000772645628335029	1.8019678296561e-05
0.89082122	0.000772932761651668	1.74988028565183e-05
0.79444051	0.000773845786830699	1.97536428399711e-05
0.70784986	0.000774119251492266	2.20512629502923e-05
0.63126236	0.000776170110776963	2.3464771871181e-05
0.562536	0.000777074553526693	2.46481845110998e-05
0.50118715	0.000778816267255877	2.20804195878995e-05
0.44642836	0.000782951689023534	2.44843767535607e-05
0.39821118	0.000782291588464134	2.50441617728971e-05
0.35475865	0.000782902883290342	2.63484531068842e-05
0.31619295	0.000785168310409476	2.72792462408495e-05
0.2819173	0.00078714552649757	2.97539427249147e-05
0.25117323	0.000788581838493135	2.88493370548786e-05
0.22391155	0.000790394936770772	3.08903423998006e-05
0.19957349	0.000791797103577376	3.33099590102523e-05
0.17779917	0.000795525271387569	3.32046808962857e-05
0.15846863	0.000797081975231258	3.40971617720193e-05
0.14123619	0.00079798418419517	3.62168615157823e-05
0.12590662	0.00079938217741682	3.83344097280164e-05
0.1122199	0.000802527469288856	4.05226565749109e-05
0.10002181	0.000802425269839901	4.24119087164031e-05
