10002.226	0.00117565377039495	-0.00948470268965029
8914.9326	0.00113545403216248	-0.0084875593609483
7943.9951	0.00109968288396206	-0.00759801026949011
7081.583	0.00106367312770209	-0.00680306010726873
6307.7358	0.00103501882158525	-0.00608560431844109
5622.5879	0.00100219731836282	-0.0054502121711408
5011.603	0.000973414768777384	-0.00488190237900725
4466.4292	0.000949793612522703	-0.00436776387098639
3981.2773	0.00092424469700799	-0.00391238781919027
3548.8679	0.000902000046971861	-0.00350346153984492
3163.0398	0.00088202805468542	-0.00313817332136935
2819.0986	0.000866622167767647	-0.00280831802778176
2512.4104	0.000851466467195496	-0.00251554540079078
2239.2869	0.000836429936653382	-0.00225387490523091
1995.6381	0.00082156801864226	-0.00201843806951421
1778.2897	0.00080891158319803	-0.00181108431056555
1584.4927	0.000797143214412934	-0.00162315501714821
1412.7418	0.000784691649725293	-0.00145396595509758
1258.7905	0.000776019525343093	-0.00130409010135218
1121.7966	0.00076623435763807	-0.00117138940451398
999.68164	0.000759292673446065	-0.00104559552726171
891.42474	0.000751303520228362	-0.000941072710523322
794.23932	0.000743907828451311	-0.0008454691436451
707.96161	0.000734088801525023	-0.000756240632747974
631.00977	0.00072685992660877	-0.00067921749439704
562.33929	0.000721842606965671	-0.000607197548296553
501.12231	0.000715465755066955	-0.000545317790642639
446.57214	0.000712104483856825	-0.00048924822067032
398.08899	0.000704333962511959	-0.000436689091951188
354.88681	0.000700918577822688	-0.000388672881893876
316.31589	0.000699661970151824	-0.000345260830048121
281.8942	0.000695006715643559	-0.000308407039722317
251.20601	0.000690818055874735	-0.000275260534110664
223.92496	0.000691090324691007	-0.000241270621855544
199.55338	0.000689016858302438	-0.000212750252823634
177.78128	0.000689528154833963	-0.000186129486860628
158.52898	0.000687056412014742	-0.000161922868022178
141.21979	0.000689588851911077	-0.000141144411255499
125.92673	0.000688925291625722	-0.000121360437335865
112.19009	0.000691117392413793	-0.000106788462481763
99.968163	0.000691968069786777	-8.97636844558667e-05
89.115646	0.000695504385055724	-7.6609120766399e-05
79.415741	0.000695782563700026	-6.35574339734796e-05
70.793182	0.000697845609600124	-5.23115989864138e-05
63.082279	0.000701527554412946	-4.29183793210742e-05
56.241825	0.000705201174374955	-3.04843689825829e-05
50.112232	0.000707002603348929	-2.39736339017451e-05
44.671223	0.000710725411367628	-1.78619241398323e-05
39.808899	0.00071199468357978	-1.20056574790882e-05
35.488308	0.000716485825290631	-6.36301432591512e-06
31.629578	0.000718460890965255	-2.73642630568916e-06
28.187037	0.000721779406158329	3.93985067237717e-07
25.120602	0.000724468498054513	2.15035031172976e-06
22.385418	0.000728802136166708	6.63554618621855e-06
19.955338	0.000730345737281365	7.94449373903718e-06
17.775894	0.000733713435934736	9.38820226751257e-06
15.846864	0.000735644062222692	1.1525980306307e-05
14.127493	0.000737991934042861	1.34919019795765e-05
12.587309	0.000738400993405159	1.25125699438313e-05
11.216775	0.000742071949877882	1.43138298936292e-05
9.9968166	0.000744716576985153	1.43394820881963e-05
8.9082127	0.000747294025100022	1.42983418041731e-05
7.9395623	0.000748371509717255	1.5292356846592e-05
7.0765615	0.000749262916702386	1.54101189064032e-05
6.3105822	0.000750557281613962	1.76984940777545e-05
5.6245475	0.000752565803804988	1.62460172389438e-05
5.0112233	0.000754795762405177	1.79031502139094e-05
4.4642835	0.000756542575310335	1.70083589355915e-05
3.9819033	0.000757554571530127	1.59121626137165e-05
3.5479143	0.000756799366489819	1.56968691467808e-05
3.1629577	0.000759648943426818	1.69646594167227e-05
2.818361	0.000760037563824953	1.66539933101951e-05
2.5112481	0.000760772891531047	1.78498669914238e-05
2.2398233	0.000763159421962117	1.73056238143461e-05
1.9950197	0.000762064197729782	1.76035987422164e-05
1.7775893	0.000764878087309503	1.78708728298485e-05
1.5846864	0.000766491569239482	1.77586677094863e-05
1.4122353	0.000765904723312346	1.66955418129627e-05
1.2582541	0.000767574040235163	2.15378274225023e-05
1.1224822	0.000770650358034849	1.75469061388921e-05
1.0000616	0.000770627197250392	1.92280958663431e-05
0.89082122	0.00077173474391948	1.86516665958265e-05
0.79444051	0.000771779697471429	2.16746639446598e-05
0.70784986	0.000773973843684407	2.06197103404863e-05
0.63126236	0.000776540210417086	2.03292211465112e-05
0.562536	0.000776378593019437	2.42989991508909e-05
0.50118715	0.000779855760925543	2.25058979165445e-05
0.44642836	0.000782475417782837	2.53939117802288e-05
0.39821118	0.000782092674705926	2.48213303646298e-05
0.35475865	0.000781966133136712	2.42213290482092e-05
0.31619295	0.000784386387707273	2.64614693724903e-05
0.2819173	0.000786589156908642	2.83909783973088e-05
0.25117323	0.00078816160009669	2.77568593057657e-05
0.22391155	0.000791360240688374	3.20943479867199e-05
0.19957349	0.000792002524303839	3.27175210988018e-05
0.17779917	0.000793872137916429	3.54411435318766e-05
0.15846863	0.000796733500651247	3.51319299230222e-05
0.14123619	0.000797653064296119	3.76209906438232e-05
0.12590662	0.000801642462378414	3.91393956712446e-05
0.1122199	0.000802609031310836	3.77773360592009e-05
0.10002181	0.000803686066206778	4.15569135170453e-05
