10002.226	0.00117628141292679	-0.00948415062836007
8914.9326	0.00113753277594419	-0.00848997734203549
7943.9951	0.00110082851270422	-0.00760044896603746
7081.583	0.00106442594528133	-0.00680375483431691
6307.7358	0.00103514721587132	-0.00608767839903892
5622.5879	0.000999841592005073	-0.00544994122225474
5011.603	0.000972398388132755	-0.00488104895839259
4466.4292	0.000946625723991834	-0.00437049553977129
3981.2773	0.000925165830158088	-0.00391225440285723
3548.8679	0.000901965579297178	-0.00350254391385112
3163.0398	0.000882956102336468	-0.00313799763631542
2819.0986	0.000865649082838431	-0.00280639311996067
2512.4104	0.000849006970568541	-0.00251616478026936
2239.2869	0.000833519318988971	-0.0022560023241119
1995.6381	0.000820618536740673	-0.00201826302289515
1778.2897	0.000805682336684756	-0.00180865106122247
1584.4927	0.000795352047825852	-0.0016229014854708
1412.7418	0.00078428736708317	-0.00145481958505751
1258.7905	0.000775273704381463	-0.00130566842074717
1121.7966	0.000765185881590523	-0.0011686020742172
999.68164	0.000758047241676054	-0.00104806411271224
891.42474	0.000748285734196642	-0.000940788251182129
794.23932	0.000741988968941543	-0.000845499986484326
707.96161	0.000735070085171763	-0.000756054696843892
631.00977	0.000728485882130721	-0.000682614068689619
562.33929	0.000722159216919181	-0.000607912040738048
501.12231	0.00071639960320261	-0.000546049317401957
446.57214	0.000709363332101259	-0.000486857580522542
398.08899	0.000705963057034747	-0.000437593843169412
354.88681	0.000699994057991804	-0.000389802017202069
316.31589	0.000699362039313249	-0.000345343395670408
281.8942	0.000695879187592835	-0.000309769122875264
251.20601	0.000691210609943754	-0.000273510532573269
223.92496	0.000688934780865774	-0.00024338046164066
199.55338	0.000689854365028004	-0.000211971517593928
177.78128	0.000689857909604253	-0.000185843921788314
158.52898	0.000685411312846196	-0.000161439209415686
141.21979	0.000686417555072905	-0.000142311564170455
125.92673	0.000687108608541965	-0.000121771961308414
112.19009	0.000692387887824143	-0.000105960104536667
99.968163	0.000692269163723954	-8.95946682612732e-05
89.115646	0.000691349649694243	-7.65212122644583e-05
79.415741	0.000697184173525766	-6.04978745839724e-05
70.793182	0.000698454069214046	-5.10367508235251e-05
63.082279	0.000699428834332163	-4.03613759509138e-05
56.241825	0.000706374361285037	-3.05629871900717e-05
50.112232	0.00070598792949862	-2.44009379681864e-05
44.671223	0.000707345705076493	-1.82272203037202e-05
39.808899	0.000714740299388587	-1.35977958408737e-05
35.488308	0.000719172213055867	-7.76419814948773e-06
31.629578	0.000719222641707765	-4.08378305005014e-06
28.187037	0.000722003788376087	-1.45548139105797e-06
25.120602	0.000725007874729429	5.6012762050707e-06
22.385418	0.000727064957795628	6.21249038467594e-06
19.955338	0.000731864316886612	7.18364953431859e-06
17.775894	0.00073386993900792	1.17103741286916e-05
15.846864	0.000738276373786666	1.15998588076676e-05
14.127493	0.000740179748152813	1.36342749853794e-05
12.587309	0.000739452634672729	1.4878484365891e-05
11.216775	0.000741683171393937	1.39270536443896e-05
9.9968166	0.000744739915947262	1.50041152395121e-05
8.9082127	0.000745768216894958	1.52487763672617e-05
7.9395623	0.000745560812954602	1.64187556788356e-05
7.0765615	0.000749075718111879	1.69486153088046e-05
6.3105822	0.000751675791206899	1.61037260712334e-05
5.6245475	0.000752535971944979	1.65775602821537e-05
5.0112233	0.000756453941275086	1.78422742739005e-05
4.4642835	0.000755487740253717	1.66650310360139e-05
3.9819033	0.00075707887967825	1.55732867885373e-05
3.5479143	0.00075916797213409	1.72464416570756e-05
3.1629577	0.000762208707246699	1.63969301395634e-05
2.818361	0.000761463053361542	1.63327654860826e-05
2.5112481	0.000760976006089937	1.69451791273104e-05
2.2398233	0.000765609718281956	1.86039876980411e-05
1.9950197	0.000762703692006795	1.617507091835e-05
1.7775893	0.000764855575946257	1.78286948608048e-05
1.5846864	0.000766122631453112	1.84588382942779e-05
1.4122353	0.000766908255597528	1.9016444586332e-05
1.2582541	0.000766705412465267	1.95470572313128e-05
1.1224822	0.000769117001410597	1.92086072244173e-05
1.0000616	0.000770323867350031	1.8683920172359e-05
0.89082122	0.000770179646821932	2.01780872152367e-05
0.79444051	0.000773950797696505	2.01254973667404e-05
0.70784986	0.000774037365905906	2.16997255759481e-05
0.63126236	0.000776469576820431	2.08482119712917e-05
0.562536	0.000778099629491427	2.14629446085568e-05
0.50118715	0.000779461269965734	2.35999570025876e-05
0.44642836	0.000782062012825124	2.36087252694068e-05
0.39821118	0.000784050781659293	2.63746217694462e-05
0.35475865	0.000783416196801692	2.57488457181543e-05
0.31619295	0.000782144213008934	2.55620866262157e-05
0.2819173	0.000786937018372112	2.86154550201137e-05
0.25117323	0.000787162190945703	2.94565300751176e-05
0.22391155	0.000789659132838385	3.0549674579814e-05
0.19957349	0.000792360198088233	3.20558174584675e-05
0.17779917	0.000793348417020139	3.50931676749875e-05
0.15846863	0.000796109514372338	3.61683580682668e-05
0.14123619	0.000799125672118737	3.83057240850559e-05
0.12590662	0.000801217731776601	3.84818292445612e-05
0.1122199	0.000802773733855531	4.07633213573581e-05
0.10002181	0.000804492149290536	4.17448258084829e-05
