10002.226	0.00117821670824359	-0.0094832098890791
8914.9326	0.00113566296467406	-0.00849029645200346
7943.9951	0.00109894767368556	-0.0076001581733975
7081.583	0.00106542538513254	-0.00680305833994834
6307.7358	0.00103260729145196	-0.00608728651816046
5622.5879	0.00100059197858161	-0.00545083868885701
5011.603	0.000972542639842821	-0.0048815557798675
4466.4292	0.000946616652237684	-0.00436853574108
3981.2773	0.000925637979810249	-0.00391415747260997
3548.8679	0.000901811782302223	-0.00350317639333398
3163.0398	0.000883670690572544	-0.00313822640561552
2819.0986	0.000865589557916802	-0.00280887356836897
2512.4104	0.000850833421967701	-0.00251782856297878
2239.2869	0.000834083181290596	-0.00225497239208473
1995.6381	0.000822212590309058	-0.00201815447062922
1778.2897	0.000809434049927252	-0.00180917478723636
1584.4927	0.000796788977399619	-0.00162194121452616
1412.7418	0.000783025357486265	-0.00145379807767081
1258.7905	0.000776481697129775	-0.00130265599929265
1121.7966	0.000767443755721378	-0.00116978254258298
999.68164	0.000758445409461714	-0.00104816132921655
891.42474	0.000749807427105658	-0.000940946346887799
794.23932	0.000743646473941887	-0.000845843078919768
707.96161	0.000732969510860707	-0.000756650881191659
631.00977	0.000727865466957655	-0.000680275777052619
562.33929	0.000720185143325334	-0.000608793637602332
501.12231	0.000715857565811703	-0.000543699729414666
446.57214	0.000709280197600077	-0.000488814248917141
398.08899	0.000706429530044129	-0.000435521190434802
354.88681	0.000701678902919877	-0.000389680666948236
316.31589	0.000698670362808765	-0.000345352388525732
281.8942	0.000695264671911321	-0.000307197535422074
251.20601	0.000691592467233121	-0.000275150883671341
223.92496	0.000689291784254995	-0.000241046101294227
199.55338	0.000689203159791295	-0.000213998559303769
177.78128	0.000688373907005989	-0.000186994147291003
158.52898	0.000688251344577917	-0.000163158299398241
141.21979	0.00068931194137193	-0.000143577988600817
125.92673	0.000686547735822823	-0.000123881609210667
112.19009	0.00069119666250616	-0.000108432409494193
99.968163	0.000692615941975112	-8.91614892788558e-05
89.115646	0.000695555125801056	-7.49648513962487e-05
79.415741	0.000695779101593345	-6.47729301812886e-05
70.793182	0.00069806512178919	-5.15895007089187e-05
63.082279	0.000700844536831241	-4.00103769289034e-05
56.241825	0.000705811231529036	-3.12652407237063e-05
50.112232	0.00070700682576192	-2.54620884499843e-05
44.671223	0.0007100377293831	-1.92769396980055e-05
39.808899	0.000714128662992803	-1.29874077929025e-05
35.488308	0.000717375595793621	-8.39900587109209e-06
31.629578	0.00071986051328983	-3.48209709844157e-06
28.187037	0.000721093963211219	1.47115613549362e-06
25.120602	0.000727286229400832	6.4243961716361e-06
22.385418	0.000728524765740145	7.70432557406174e-06
19.955338	0.000730372527208966	7.44838076639423e-06
17.775894	0.000733511823284989	1.03719072499528e-05
15.846864	0.000735006386083587	1.16756584390172e-05
14.127493	0.000739474448933602	1.36050777674488e-05
12.587309	0.000741355545167743	1.20942526924741e-05
11.216775	0.000741441597125265	1.40001147300854e-05
9.9968166	0.000745881400973942	1.41147985859121e-05
8.9082127	0.000744863037592608	1.58473923215108e-05
7.9395623	0.000744927073464024	1.5881613714958e-05
7.0765615	0.000749471041367212	1.95261342119085e-05
6.3105822	0.000751553973750107	1.74212133476134e-05
5.6245475	0.000752469047353892	1.55693028431951e-05
5.0112233	0.000755416275732692	1.73962589071057e-05
4.4642835	0.000754962408716759	1.59213973427553e-05
3.9819033	0.000757353910353967	1.68764947773638e-05
3.5479143	0.000758150205460514	1.68553513834756e-05
3.1629577	0.000759475258356527	1.66457092090913e-05
2.818361	0.000761877250017877	1.82001337774806e-05
2.5112481	0.000760967620811589	1.72173634473465e-05
2.2398233	0.000762004034895632	1.58129020799167e-05
1.9950197	0.000764198822844033	1.82631104759409e-05
1.7775893	0.000763749290925134	1.88426987078907e-05
1.5846864	0.000765681338558693	1.65343106145821e-05
1.4122353	0.000767994939225449	1.78002435621362e-05
1.2582541	0.000766264256396053	1.99745831685076e-05
1.1224822	0.0007702509374222	1.70811376674861e-05
1.0000616	0.00076958969076303	2.04686179447243e-05
0.89082122	0.000772864337403126	2.07596617533184e-05
0.79444051	0.000773667942550639	2.05425156466563e-05
0.70784986	0.000776637402874028	2.01896335001969e-05
0.63126236	0.000775556382258579	2.06008019448835e-05
0.562536	0.000777444123440979	2.43343241547174e-05
0.50118715	0.000779201502697556	2.3804120816199e-05
0.44642836	0.000780197956288034	2.28525207206967e-05
0.39821118	0.000783976783100086	2.58288386776132e-05
0.35475865	0.000784697227956472	2.60024652726508e-05
0.31619295	0.000784859246291403	2.63679219295702e-05
0.2819173	0.000786482562619094	2.80566653613911e-05
0.25117323	0.000787498549191263	2.78964576014217e-05
0.22391155	0.000789037641342139	3.07608229723857e-05
0.19957349	0.000792158152105441	3.27651997104687e-05
0.17779917	0.00079269620812565	3.37824362350191e-05
0.15846863	0.000795126301984605	3.3505380300269e-05
0.14123619	0.000798950350665129	3.569328287972e-05
0.12590662	0.000798576028878651	3.70694574410045e-05
0.1122199	0.000803608133626891	3.92158983010565e-05
0.10002181	0.000802625699417051	4.21804899099121e-05
