10002.226	0.00117732973748123	-0.00948290756231223
8914.9326	0.00113601167203364	-0.00848903565701089
7943.9951	0.00109956893820571	-0.00760090648980362
7081.583	0.00106590594486294	-0.00680457529259462
6307.7358	0.00103509046026405	-0.00608801609211142
5622.5879	0.00100193799364257	-0.00544919646673242
5011.603	0.000972648450634134	-0.00487985721201257
4466.4292	0.000949923591454947	-0.00436906783954245
3981.2773	0.000925725531228012	-0.00391153523722262
3548.8679	0.000902393992476721	-0.00350329979441152
3163.0398	0.000883248263200758	-0.00313882574051087
2819.0986	0.000864979478386435	-0.00280971436189258
2512.4104	0.0008510986101065	-0.00251602107048942
2239.2869	0.000835255628071402	-0.00225362350068885
1995.6381	0.000821316082228819	-0.002019834176266
1778.2897	0.00080850155596281	-0.00181167729370239
1584.4927	0.000796379473162394	-0.00161946249824742
1412.7418	0.000784596582616282	-0.00145462645241983
1258.7905	0.000776084977020017	-0.00130298896850496
1121.7966	0.000767052661401025	-0.00116916056039024
999.68164	0.000757735177632642	-0.00104785372339216
891.42474	0.00075022310978565	-0.000941144571622378
794.23932	0.000741211939724728	-0.000845174788557012
707.96161	0.000737136008433292	-0.000756840570332772
631.00977	0.000730040968508999	-0.000681031884026361
562.33929	0.000722585077858946	-0.000607261222552934
501.12231	0.000716431104006007	-0.000543662400278036
446.57214	0.000711239025437684	-0.000487596660892091
398.08899	0.000705557306892467	-0.000435841133701682
354.88681	0.000701994044837747	-0.000388238935016937
316.31589	0.00069896278541143	-0.00034601981739459
281.8942	0.000694781173060906	-0.000309071979392981
251.20601	0.000691859222952684	-0.0002727347171029
223.92496	0.000689771452231666	-0.000240116881677765
199.55338	0.000689783545985543	-0.000212702627123939
177.78128	0.000688162268949562	-0.000187352280807836
158.52898	0.000686348300674928	-0.000162316516984169
141.21979	0.000689137088964387	-0.000140005304558184
125.92673	0.000688228456543911	-0.000124638981692876
112.19009	0.000691127021777272	-0.000105398328215224
99.968163	0.000693431642580103	-8.84648068301653e-05
89.115646	0.000694358670618841	-7.49101572152025e-05
79.415741	0.000695998959258142	-6.08933094093545e-05
70.793182	0.000697428811465809	-4.90557236013955e-05
63.082279	0.000698227644570281	-4.31032662166749e-05
56.241825	0.000705700270785163	-3.09501860792061e-05
50.112232	0.000705167589072409	-2.16048488010407e-05
44.671223	0.000710148294446731	-1.76206727387254e-05
39.808899	0.000711465840032933	-1.20622728353886e-05
35.488308	0.000716975432575826	-8.2671034638929e-06
31.629578	0.000720795307004185	-1.62615571448384e-06
28.187037	0.000723390346651956	-1.12471680698292e-06
25.120602	0.00072404766012692	4.27848775853265e-06
22.385418	0.000727849918739479	6.61528830411166e-06
19.955338	0.000729776526275336	7.56566163882019e-06
17.775894	0.00073418712113471	1.12770926650415e-05
15.846864	0.000737773771161517	1.10954788493139e-05
14.127493	0.000740610515513007	1.40378960138969e-05
12.587309	0.000740600323293779	1.57293248666407e-05
11.216775	0.000742374397356353	1.38889644393615e-05
9.9968166	0.000744877305117594	1.35109535552664e-05
8.9082127	0.000746404038469774	1.59197102396658e-05
7.9395623	0.000746482041308046	1.7505982380611e-05
7.0765615	0.000750878766968463	1.81692116159112e-05
6.3105822	0.00075200633844693	1.53072082919048e-05
5.6245475	0.000753402898290243	1.63423152461127e-05
5.0112233	0.000754553620408215	1.77591248919208e-05
4.4642835	0.000756127288378438	1.68314874848084e-05
3.9819033	0.000757281069784206	1.6447703434436e-05
3.5479143	0.00075597898992247	1.65155554268787e-05
3.1629577	0.000759876594963407	1.76539033442356e-05
2.818361	0.000760876070541026	1.7518941745793e-05
2.5112481	0.000761528414505741	1.67109676201551e-05
2.2398233	0.000762235980386295	1.65160110582696e-05
1.9950197	0.000764887096751812	1.80536189360327e-05
1.7775893	0.000764842292473365	1.68806220915513e-05
1.5846864	0.000766278866955848	1.84805908471418e-05
1.4122353	0.000768816397695765	1.75224461143324e-05
1.2582541	0.000768394003919108	1.805748154059e-05
1.1224822	0.000769785751881688	1.91086190418694e-05
1.0000616	0.000768756116950031	1.98336087258645e-05
0.89082122	0.000773130300544935	2.054578008353e-05
0.79444051	0.000772678581539112	2.09292969234899e-05
0.70784986	0.000776513807863607	2.03683556952595e-05
0.63126236	0.000775757054882646	2.22397579499628e-05
0.562536	0.000775939921141734	2.21066915148635e-05
0.50118715	0.000778116042953484	2.46711783361178e-05
0.44642836	0.000780965758202468	2.45538078604748e-05
0.39821118	0.000782498070420836	2.52918643714611e-05
0.35475865	0.000783347946808683	2.74193029761435e-05
0.31619295	0.000784862942131891	2.75659145400763e-05
0.2819173	0.000786625783143194	2.82014184570992e-05
0.25117323	0.000786734540373484	2.90425319710816e-05
0.22391155	0.000790895005043708	3.12181976516196e-05
0.19957349	0.000792271470669755	3.30733887858237e-05
0.17779917	0.000794143089482121	3.40199609901246e-05
0.15846863	0.000793835892371364	3.42305765571069e-05
0.14123619	0.000798018278311145	3.49628257352962e-05
0.12590662	0.000798985880128797	3.96107610347905e-05
0.1122199	0.000801343454850472	3.96822180120904e-05
0.10002181	0.000804752481389461	4.10602247667213e-05
