10002.226	0.00117775201791789	-0.00948311523655937
8914.9326	0.00113557215892756	-0.00849253505832292
7943.9951	0.00109999760894987	-0.00759961989424363
7081.583	0.00106416975908759	-0.00680286670511677
6307.7358	0.00103249683314404	-0.00608575862377869
5622.5879	0.00100054771663683	-0.00545039379644105
5011.603	0.000972322605660767	-0.00488125849893951
4466.4292	0.000948723656183769	-0.00436884677832581
3981.2773	0.000924920709116048	-0.00391373410826454
3548.8679	0.000901966138237579	-0.00350343139211892
3163.0398	0.000883054433477648	-0.00313831978814435
2819.0986	0.000866160048047121	-0.00280986199684886
2512.4104	0.000850736905592635	-0.00251597044573941
2239.2869	0.000834620347832764	-0.00225522138495537
1995.6381	0.000822190165426924	-0.00201929388677618
1778.2897	0.000809500918475654	-0.00180849271672709
1584.4927	0.000796126306004172	-0.00162113761518638
1412.7418	0.000783840322142254	-0.00145330225242208
1258.7905	0.000775182553231887	-0.00130305256304279
1121.7966	0.000767857987096543	-0.00117054336097346
999.68164	0.000756912621563566	-0.00104615448417809
891.42474	0.000749800047048916	-0.000939749548724824
794.23932	0.000743697991260315	-0.000844997373051172
707.96161	0.000734893594182762	-0.000756303592996563
631.00977	0.00072775304982234	-0.000680501120723011
562.33929	0.000721252953334202	-0.000608337242074468
501.12231	0.000716616775588053	-0.000545880819897311
446.57214	0.000712035992302577	-0.000486841007072335
398.08899	0.00070679474981098	-0.000436717512919666
354.88681	0.000701493143790007	-0.000389535197010659
316.31589	0.000701623127205343	-0.000343624463885076
281.8942	0.000696486336168002	-0.000309462691986658
251.20601	0.000691741483094529	-0.000272662061621757
223.92496	0.000690366005866633	-0.000240996206189987
199.55338	0.000688101539333563	-0.000213546962149722
177.78128	0.000688867998776804	-0.000184779049516138
158.52898	0.000688405047807228	-0.000161161622427771
141.21979	0.000688174920129566	-0.000143860917859823
125.92673	0.000688740569387657	-0.000123226447614239
112.19009	0.000691459281129649	-0.000107701279398933
99.968163	0.000690730798520504	-8.85753300768363e-05
89.115646	0.000695694018222373	-7.57869976157471e-05
79.415741	0.000696445709126536	-6.39069482022819e-05
70.793182	0.000698569016101793	-4.99981206808323e-05
63.082279	0.000700163230622931	-4.05246004803844e-05
56.241825	0.000704423780222386	-3.23187541041922e-05
50.112232	0.000706386407688189	-2.32756139327943e-05
44.671223	0.000706993248220277	-1.77730712894619e-05
39.808899	0.000715558411419242	-1.2393417221511e-05
35.488308	0.000715202492705847	-6.3801330815812e-06
31.629578	0.000718946090338694	-3.92160680818054e-06
28.187037	0.000720447293266779	-1.06555969808797e-06
25.120602	0.000724910716086112	4.03115683067656e-06
22.385418	0.000728880732592238	6.25886718972789e-06
19.955338	0.000729374053987268	8.37723425451319e-06
17.775894	0.000734527957864807	7.46265293724681e-06
15.846864	0.000736499036700058	1.06608690505625e-05
14.127493	0.000739518754438868	1.25609495859536e-05
12.587309	0.000739650367128429	1.32941446484353e-05
11.216775	0.000741010826735064	1.33511061961196e-05
9.9968166	0.000745342783450469	1.58628015937995e-05
8.9082127	0.000746221557447193	1.41345290683317e-05
7.9395623	0.00074718072009476	1.68305122611032e-05
7.0765615	0.000748415908108097	1.71168505356309e-05
6.3105822	0.000754341643400221	1.59536302774836e-05
5.6245475	0.000753831876213575	1.68571027113861e-05
5.0112233	0.000755540114694699	1.65884859075378e-05
4.4642835	0.000754821260796755	1.59398657202051e-05
3.9819033	0.000756145644908478	1.66257873135884e-05
3.5479143	0.000758892144289085	1.60068206465977e-05
3.1629577	0.000761408836991743	1.7988923527862e-05
2.818361	0.000762844507596959	1.65420871874616e-05
2.5112481	0.000761953161654946	1.5618136086655e-05
2.2398233	0.000761637632243965	1.91691919887961e-05
1.9950197	0.000762906242883729	1.80922483819786e-05
1.7775893	0.000763181129908024	1.86079781660014e-05
1.5846864	0.000766347574069526	1.84019462816066e-05
1.4122353	0.00076679396190828	1.89866887513503e-05
1.2582541	0.000768101690436254	1.89515148557674e-05
1.1224822	0.000770443257388001	1.97245923685064e-05
1.0000616	0.000769943532660423	1.91410531042074e-05
0.89082122	0.000772620337306964	1.95104110878367e-05
0.79444051	0.000773491749798184	1.999861669309e-05
0.70784986	0.000775708379775444	2.18375689261735e-05
0.63126236	0.000774972063816703	2.21189279433839e-05
0.562536	0.000776730503595894	2.20180719289375e-05
0.50118715	0.00077916179754439	2.20853238344956e-05
0.44642836	0.000781774503187974	2.45009016897395e-05
0.39821118	0.00078273565705089	2.66379834637765e-05
0.35475865	0.000785361713290568	2.60512834480921e-05
0.31619295	0.000784095325629473	2.71295709570583e-05
0.2819173	0.000786488475041135	2.85961612699466e-05
0.25117323	0.000789309617427338	2.88252106595091e-05
0.22391155	0.00079023679981102	3.24465586666591e-05
0.19957349	0.000791881867882377	3.20123076127496e-05
0.17779917	0.000794528762444339	3.37765799509394e-05
0.15846863	0.00079613033139987	3.46883785640907e-05
0.14123619	0.000797364887094031	3.755128082476e-05
0.12590662	0.000801747893769136	3.84699348991041e-05
0.1122199	0.000802201629358878	4.07971630328244e-05
0.10002181	0.000804127591600373	4.26626552012221e-05
