10002.226	0.0011681524250457	-0.00959848770204518
8914.9326	0.00112837374045124	-0.0085907591163998
7943.9951	0.00108867950588012	-0.00768993562980038
7081.583	0.00105785166736051	-0.00688528851695742
6307.7358	0.00102570711346356	-0.00615940199711284
5622.5879	0.000992842117337215	-0.00551586098775707
5011.603	0.000963110154027795	-0.00493823921939519
4466.4292	0.000940414175918792	-0.00442063566286159
3981.2773	0.00091392207480235	-0.00395851630687627
3548.8679	0.000892891954362186	-0.00354566421827054
3163.0398	0.000873276955953785	-0.00317470683503157
2819.0986	0.000857797059664379	-0.00284075189574538
2512.4104	0.000841930853343712	-0.00254509641830031
2239.2869	0.000825762367270958	-0.0022839593559391
1995.6381	0.00081236910456456	-0.00204308922078143
1778.2897	0.000800945362596609	-0.00183138622523339
1584.4927	0.000786874208860563	-0.00164023356699937
1412.7418	0.000777063539772014	-0.00147299474564365
1258.7905	0.000767842806161749	-0.00131941119144765
1121.7966	0.000756731406347728	-0.00118450312705
999.68164	0.000749117163484312	-0.00106183821565333
891.42474	0.000739751964083724	-0.000951431485337759
794.23932	0.000735970836244207	-0.000855164496665786
707.96161	0.000726155529349177	-0.000765826558057537
631.00977	0.000720433395608029	-0.000686870511269794
562.33929	0.000712511074109104	-0.000612865786316856
501.12231	0.000708673655826656	-0.000553231381588195
446.57214	0.000702516803458432	-0.000493278205957314
398.08899	0.000698076237363045	-0.000441572587380946
354.88681	0.000692789881741793	-0.000392862765044709
316.31589	0.000688666122424947	-0.000349837367592401
281.8942	0.000686767426444389	-0.000314041340001263
251.20601	0.000680876485272116	-0.000277436606473403
223.92496	0.000680925924776629	-0.000243572155690984
199.55338	0.000678707973149852	-0.000216278915870353
177.78128	0.000679788583908543	-0.000188384353428777
158.52898	0.000681394914166877	-0.000163905016077334
141.21979	0.000680326340774978	-0.000142880889266358
125.92673	0.000678229260851344	-0.000126357931857843
112.19009	0.000681814496857823	-0.000110699564864354
99.968163	0.000682962344982263	-8.97020611577129e-05
89.115646	0.000684929711292044	-7.48696499785132e-05
79.415741	0.000687230386493468	-6.41086578334897e-05
70.793182	0.000689406164776043	-4.977162978638e-05
63.082279	0.000692497878341834	-4.14341196616882e-05
56.241825	0.000697898222010934	-3.12565958537542e-05
50.112232	0.000696954553245322	-2.33197422966045e-05
44.671223	0.000697793736276853	-1.74471456380378e-05
39.808899	0.000705763739423671	-1.36243235592456e-05
35.488308	0.000708900330505159	-7.25012133472694e-06
31.629578	0.000711783857088942	-3.50423336249623e-06
28.187037	0.000713344536818619	-1.4774364115937e-06
25.120602	0.000715990956446842	4.18666153225842e-06
22.385418	0.000719382142449167	7.20885237277351e-06
19.955338	0.000723617500220639	8.37503669475614e-06
17.775894	0.000726173261884706	1.20952912014915e-05
15.846864	0.000726486727192774	1.03154392669404e-05
14.127493	0.000730752027622044	1.24346134722917e-05
12.587309	0.000731897923129868	1.43864719399669e-05
11.216775	0.000733424293043863	1.50091515338601e-05
9.9968166	0.000737740649169057	1.25767739414499e-05
8.9082127	0.000735619010427546	1.53691477727125e-05
7.9395623	0.000739393655980205	1.62325335706092e-05
7.0765615	0.00074164362397303	1.8355540473614e-05
6.3105822	0.000743107617596362	1.83989452682665e-05
5.6245475	0.000743296900370478	1.60384757821877e-05
5.0112233	0.000746546825596647	1.60062797582941e-05
4.4642835	0.000746609404530808	1.53406487201656e-05
3.9819033	0.000747044828155614	1.63598370136374e-05
3.5479143	0.000748931590212259	1.84995361219212e-05
3.1629577	0.000753242173018009	1.8901326114427e-05
2.818361	0.000751841928925297	1.80880174365528e-05
2.5112481	0.000751283973625388	1.67249925771232e-05
2.2398233	0.000754164558142609	1.69353389830545e-05
1.9950197	0.000755737438667855	1.83726232001425e-05
1.7775893	0.000757202369517817	1.65813347213112e-05
1.5846864	0.000757205193000841	1.84187606013022e-05
1.4122353	0.000757680426637752	1.85858524896539e-05
1.2582541	0.000759776294730566	2.15765035690771e-05
1.1224822	0.000759697394722084	1.86309583965895e-05
1.0000616	0.000762071230134046	1.88612558388814e-05
0.89082122	0.000760749770658257	2.09755509401056e-05
0.79444051	0.000763785980704519	2.07954922601881e-05
0.70784986	0.000765068774903061	2.28730674596018e-05
0.63126236	0.000767496408953156	2.34461246041182e-05
0.562536	0.000768389666746077	2.09192407419851e-05
0.50118715	0.000769006444399961	2.21793173152201e-05
0.44642836	0.000773537737452394	2.40145489818163e-05
0.39821118	0.000772748664358471	2.66758736126747e-05
0.35475865	0.000774879428043229	2.7079939977063e-05
0.31619295	0.000777294517850993	2.62114317938477e-05
0.2819173	0.00077771094749718	2.87892089227466e-05
0.25117323	0.000779581598671833	3.06401888988592e-05
0.22391155	0.000782575476533342	3.20069901880126e-05
0.19957349	0.000782859105886775	3.30016543133069e-05
0.17779917	0.000784800130789911	3.52172008335571e-05
0.15846863	0.000786581561431534	3.64806074612238e-05
0.14123619	0.000788633793543124	3.81317329560407e-05
0.12590662	0.000791948883582314	3.81865576899665e-05
0.1122199	0.000791669745490953	4.01986496903335e-05
0.10002181	0.000795554248720022	4.30100548832405e-05
