10002.226	0.0011687476234993	-0.00959837087957217
8914.9326	0.00112881105514212	-0.00859021648114713
7943.9951	0.00109018997011965	-0.0076899544349669
7081.583	0.00105428819514841	-0.00688446273348384
6307.7358	0.00102303104086063	-0.00615908756185595
5622.5879	0.000991655730087883	-0.00551317585846866
5011.603	0.000962130146783388	-0.00493938406230076
4466.4292	0.00094021938684776	-0.00442022895882688
3981.2773	0.000916734324793856	-0.00395834989380023
3548.8679	0.000894500698284189	-0.00354376238150237
3163.0398	0.000873138821175783	-0.00317305611842742
2819.0986	0.000856677837565931	-0.00284286730811135
2512.4104	0.000841635910802511	-0.00254539911751507
2239.2869	0.000826851267657461	-0.00228174203783728
1995.6381	0.000810778618633629	-0.00204200655607214
1778.2897	0.000797352567053294	-0.00183268256113288
1584.4927	0.000787173308229289	-0.00164020020136183
1412.7418	0.000775306523389615	-0.00147173922450913
1258.7905	0.000767359064058162	-0.00131993270421141
1121.7966	0.000758738695391337	-0.00118346219391999
999.68164	0.000751770193654639	-0.00105865119536419
891.42474	0.00074003467710026	-0.000952411532912233
794.23932	0.000733421828855965	-0.000854337054428803
707.96161	0.000726206197797535	-0.000765543456922405
631.00977	0.000719548830415545	-0.000688747522116645
562.33929	0.000712820200105238	-0.0006157145125577
501.12231	0.000706977468660212	-0.000550361402774538
446.57214	0.00070345175245142	-0.000493457486267871
398.08899	0.000695984319577877	-0.000443287538670195
354.88681	0.000690357347491442	-0.000394239298476226
316.31589	0.000690731165827148	-0.000349594508943491
281.8942	0.000685271909081553	-0.000312675095163334
251.20601	0.000680331668558805	-0.000276526103167706
223.92496	0.000681965748142512	-0.000244189477058592
199.55338	0.000679869727406821	-0.000214743352975224
177.78128	0.000679196702296112	-0.000187715276237498
158.52898	0.000679024562837693	-0.000164578115072136
141.21979	0.000678207218952967	-0.000142678875078345
125.92673	0.000678603064985872	-0.000123218907395808
112.19009	0.000683013393606455	-0.000105532324561581
99.968163	0.000681938945199672	-8.98156087446697e-05
89.115646	0.000684361338846292	-7.51024608281348e-05
79.415741	0.000687180457646181	-6.40676517232442e-05
70.793182	0.000690998280371474	-5.14566400368752e-05
63.082279	0.000691828374250489	-4.21211409862204e-05
56.241825	0.000697713754549037	-3.29517767451782e-05
50.112232	0.000698365926415266	-2.40025597136561e-05
44.671223	0.000701847288399371	-1.65359623460955e-05
39.808899	0.000704212693089943	-1.34784624768665e-05
35.488308	0.000708238808822323	-9.19680116130279e-06
31.629578	0.000710782185587571	-3.219282715625e-06
28.187037	0.000712415130288905	1.81883141489672e-06
25.120602	0.000716055955835018	4.49076702984203e-06
22.385418	0.00072043220380785	6.8626130867515e-06
19.955338	0.000723710230786909	7.81117128979067e-06
17.775894	0.000725995951934132	1.15897379218277e-05
15.846864	0.000728567678709554	1.05473824647143e-05
14.127493	0.000728920488217999	1.2417976271296e-05
12.587309	0.000732644105911676	1.29955614108757e-05
11.216775	0.000734165361705186	1.45841303269296e-05
9.9968166	0.000737126165110468	1.43740724107411e-05
8.9082127	0.000735855472576677	1.44719234002308e-05
7.9395623	0.000740522358932806	1.39193153064748e-05
7.0765615	0.000741731112570914	1.65328524265734e-05
6.3105822	0.000743869372830318	1.6373667430919e-05
5.6245475	0.000745563862971202	1.59146996636212e-05
5.0112233	0.000745403907115809	1.69449336636083e-05
4.4642835	0.000746569962582594	1.67850005903002e-05
3.9819033	0.000747931631590505	1.75269860364661e-05
3.5479143	0.000752267863570223	1.83207917814801e-05
3.1629577	0.000749706386079702	1.95092390180593e-05
2.818361	0.000752525643318399	1.56013955730679e-05
2.5112481	0.000752614769460627	1.59265412263565e-05
2.2398233	0.000753134856770749	1.75577020388932e-05
1.9950197	0.000752832195598615	1.85002424398653e-05
1.7775893	0.000755005110153723	1.66917689943277e-05
1.5846864	0.000756978412328283	1.97337835220231e-05
1.4122353	0.000758229279430282	1.65747809506513e-05
1.2582541	0.000757187187842166	1.9918598151051e-05
1.1224822	0.00075945539199423	1.92663167811345e-05
1.0000616	0.000761778999714347	1.95453278154424e-05
0.89082122	0.000762934417301429	2.17416698836965e-05
0.79444051	0.000764837615889346	2.04779320251597e-05
0.70784986	0.000763998080795011	2.26803743365598e-05
0.63126236	0.000766929175350247	2.18491302214685e-05
0.562536	0.000767410089489205	2.11003678800937e-05
0.50118715	0.000770621693390305	2.33828050127507e-05
0.44642836	0.000771426541391699	2.44899431588668e-05
0.39821118	0.00077102232305294	2.6151702733634e-05
0.35475865	0.000774622331352331	2.90105067425331e-05
0.31619295	0.000776527355914475	2.88118843450077e-05
0.2819173	0.000775482063672168	2.75277084082391e-05
0.25117323	0.00077892275489359	3.07472354461965e-05
0.22391155	0.000782122371412479	3.04585956084872e-05
0.19957349	0.000783914539264718	3.28922058411874e-05
0.17779917	0.000784166233745623	3.36501153829592e-05
0.15846863	0.000786839175061594	3.64267477435777e-05
0.14123619	0.000788266758554673	3.67903310017566e-05
0.12590662	0.000791470734461478	3.7558393018203e-05
0.1122199	0.000792148867059464	3.96579015345159e-05
0.10002181	0.000795690992450356	4.38559474691889e-05
