10002.226	0.00116912037029834	-0.00959797893277255
8914.9326	0.0011275891436937	-0.00859225910487405
7943.9951	0.0010888371157904	-0.00768966619439124
7081.583	0.00105565543167451	-0.0068831195385259
6307.7358	0.00102302023013945	-0.0061587931880509
5622.5879	0.000993076942614571	-0.00551584964545723
5011.603	0.000964171776981874	-0.00494040935289898
4466.4292	0.00093795579754219	-0.00442074962468687
3981.2773	0.000916311999683143	-0.00395835612678995
3548.8679	0.000893859939055156	-0.00354540587922358
3163.0398	0.000873281796477414	-0.0031738206672978
2819.0986	0.000857090050793196	-0.00284155755288973
2512.4104	0.000840385695545961	-0.00254699582903461
2239.2869	0.000825130590431277	-0.00228093809390252
1995.6381	0.000809781218482851	-0.00204524216472331
1778.2897	0.000801813094406388	-0.00183112405588119
1584.4927	0.000788399623013315	-0.00164122117966354
1412.7418	0.000776276150203848	-0.00147236825911497
1258.7905	0.00076758542881604	-0.00131899648874601
1121.7966	0.00075971260060773	-0.00118348464715013
999.68164	0.000748532684785479	-0.00106024256684153
891.42474	0.000742338506228377	-0.000951789129430922
794.23932	0.000731951432620993	-0.00085365959059129
707.96161	0.000725695757325322	-0.000764956911596443
631.00977	0.000717393512326683	-0.000687373923167202
562.33929	0.000711987650188032	-0.000615020816093883
501.12231	0.000707773770625382	-0.000552997974045911
446.57214	0.000702776928344503	-0.000492931755038383
398.08899	0.000696932998250883	-0.000442946693145928
354.88681	0.000692414309044847	-0.000393485954423565
316.31589	0.000689570462766732	-0.000350944961551443
281.8942	0.000687791517298529	-0.000312498480181504
251.20601	0.000681552005890383	-0.000276341464396036
223.92496	0.00068208281134233	-0.0002430703242499
199.55338	0.000680427248050517	-0.00021774048235547
177.78128	0.000678865286074205	-0.000188470849796572
158.52898	0.000677588110897952	-0.000164379768993012
141.21979	0.000681092935408178	-0.00014388755156801
125.92673	0.000679141816936017	-0.000124009301855055
112.19009	0.000681305685968848	-0.000108759988251127
99.968163	0.000684641476109371	-9.22297620906581e-05
89.115646	0.000684839605547059	-7.63428927033217e-05
79.415741	0.00068568676538134	-6.46176260186972e-05
70.793182	0.000689128303186143	-5.12414172285777e-05
63.082279	0.000691849890224031	-3.96946816321934e-05
56.241825	0.000697233242217297	-3.26326487002396e-05
50.112232	0.000697277164211624	-2.34957925796628e-05
44.671223	0.000699772473546387	-1.92836229680408e-05
39.808899	0.000702967235991819	-1.34492572356482e-05
35.488308	0.000707171913565735	-5.96249805984824e-06
31.629578	0.000710054104269217	-2.8458534958718e-06
28.187037	0.000712220496184524	6.55219111516831e-07
25.120602	0.000716969435980062	5.52112782464055e-06
22.385418	0.000719992736969349	6.5739989966461e-06
19.955338	0.000720097923955987	8.33628826336598e-06
17.775894	0.000724296141559288	1.13570146459105e-05
15.846864	0.00072864562458101	1.18841692403941e-05
14.127493	0.000730504250539396	1.45167585720238e-05
12.587309	0.000730374339172847	1.48097519459845e-05
11.216775	0.000733032748759486	1.44921568815316e-05
9.9968166	0.00073557603430855	1.2946874393464e-05
8.9082127	0.000735577104259625	1.49197831952782e-05
7.9395623	0.000738338533407714	1.48840597217205e-05
7.0765615	0.000740633880179692	1.84356274448505e-05
6.3105822	0.000741804534462765	1.70594542276704e-05
5.6245475	0.000744425987749429	1.61243206009367e-05
5.0112233	0.000743876405610193	1.80508904913196e-05
4.4642835	0.000745981502033042	1.57171792587968e-05
3.9819033	0.000747964502137252	1.41756483394806e-05
3.5479143	0.000747401736848743	1.62293736414211e-05
3.1629577	0.000753797557650458	1.79299127925646e-05
2.818361	0.000751810816155125	1.68712199193415e-05
2.5112481	0.0007530125283891	1.60842647638542e-05
2.2398233	0.000751992442025441	1.80720309818645e-05
1.9950197	0.000753271403376365	1.72613190356001e-05
1.7775893	0.00075678964450393	1.84263045349991e-05
1.5846864	0.000757669613182729	1.98358891403499e-05
1.4122353	0.000755605473118164	1.69636446049419e-05
1.2582541	0.000760701166576269	1.94216601138636e-05
1.1224822	0.00075797591317863	2.07308737076358e-05
1.0000616	0.000761776804971073	1.98476993510427e-05
0.89082122	0.000763388223862882	2.16150928836264e-05
0.79444051	0.000763000241225133	2.0999660968874e-05
0.70784986	0.000766776971910606	2.00139792889304e-05
0.63126236	0.000767720550771307	2.30502477541534e-05
0.562536	0.00076895441735016	2.27453433505978e-05
0.50118715	0.00077021362741884	2.4832149535284e-05
0.44642836	0.000769104921485257	2.34180654297687e-05
0.39821118	0.000772811155432409	2.54550816839912e-05
0.35475865	0.000774002830391744	2.58595060321902e-05
0.31619295	0.000775432416634433	2.66358292337852e-05
0.2819173	0.000776858862841062	2.85976993865509e-05
0.25117323	0.000777014874980035	2.94495207549035e-05
0.22391155	0.000781702714725131	3.22875307242074e-05
0.19957349	0.000783470089404752	3.06702194467221e-05
0.17779917	0.000784493097815465	3.29600577882763e-05
0.15846863	0.000787036151455369	3.52728766762361e-05
0.14123619	0.000787508277982411	3.59850728395364e-05
0.12590662	0.000792066238793238	3.8708783575939e-05
0.1122199	0.000793821093908945	4.12159167399163e-05
0.10002181	0.000795684619477943	4.37653108703101e-05
