10002.226	0.00116910142583778	-0.00959936149367598
8914.9326	0.00112926235684396	-0.00859132447585318
7943.9951	0.00108773440023761	-0.00769090994939925
7081.583	0.00105461530587971	-0.00688619435049213
6307.7358	0.00102356048208013	-0.00616259986705781
5622.5879	0.000992321463456382	-0.00551539136515757
5011.603	0.000963967695970588	-0.00493688154888955
4466.4292	0.000939013013875029	-0.00442002871136882
3981.2773	0.000915442603323461	-0.00395653757624646
3548.8679	0.000893195645168296	-0.00354644593221857
3163.0398	0.000874141912295919	-0.00317680076670615
2819.0986	0.000858033855684153	-0.00284316229671327
2512.4104	0.000842553298952901	-0.00254490805349267
2239.2869	0.000824665473738161	-0.00228209072011375
1995.6381	0.000813412762762226	-0.00204243212874132
1778.2897	0.000800961499442515	-0.00183049279017664
1584.4927	0.000786083409208112	-0.00164159843212254
1412.7418	0.000776645582943317	-0.00147051587497595
1258.7905	0.000765963695687587	-0.00131788459966227
1121.7966	0.000757576159672057	-0.00118395020950833
999.68164	0.00075021583402767	-0.00106089466059617
891.42474	0.000739378920419217	-0.000950899511528167
794.23932	0.000734946201027827	-0.000854398890743163
707.96161	0.000725913813622665	-0.000765184987385065
631.00977	0.000720944099008409	-0.000689687246696767
562.33929	0.000713406129068593	-0.000617253905869836
501.12231	0.000709316648238761	-0.000549761015222423
446.57214	0.000699816118308007	-0.000494087214446096
398.08899	0.000696208175965454	-0.000443149382940089
354.88681	0.000689942384393254	-0.000394181827052757
316.31589	0.000689775929261312	-0.000352123108438636
281.8942	0.000685212028106969	-0.000312806062344188
251.20601	0.000682299952640028	-0.000276834363780344
223.92496	0.000682770736620912	-0.000245622166245691
199.55338	0.000680211236707265	-0.000216430574139464
177.78128	0.000679154392060296	-0.000189108153840133
158.52898	0.0006797501860789	-0.000162414742648244
141.21979	0.000678816557391367	-0.000144422383728211
125.92673	0.000679564667894341	-0.000123533166927569
112.19009	0.00068212650765692	-0.000108860678107234
99.968163	0.00068406285388586	-9.04546017819726e-05
89.115646	0.000685676549211088	-7.54962502310422e-05
79.415741	0.000686561996560941	-6.34094879994565e-05
70.793182	0.000689578786716642	-5.04201271638414e-05
63.082279	0.000691982897168448	-4.21140713078753e-05
56.241825	0.000695484099547567	-3.3891580661347e-05
50.112232	0.000697368747880986	-2.48658925862501e-05
44.671223	0.000701771548166145	-1.74196248597278e-05
39.808899	0.000703708455369634	-1.22258077917991e-05
35.488308	0.000708379361024239	-7.8642975143712e-06
31.629578	0.000711445721778662	-1.85852278848969e-06
28.187037	0.00071368253529324	3.40578371294134e-07
25.120602	0.000716897215848738	4.43859100096186e-06
22.385418	0.000718788032002885	7.03688369514023e-06
19.955338	0.000720888811709196	8.97769781339794e-06
17.775894	0.000725875107207708	1.19505687719302e-05
15.846864	0.000726990333308305	1.13241530811977e-05
14.127493	0.000730982919618365	1.31342601421821e-05
12.587309	0.000729184381004777	1.38116413420931e-05
11.216775	0.000733502938850161	1.46010660698695e-05
9.9968166	0.000736190130951355	1.13465286507453e-05
8.9082127	0.000736692361696932	1.65292183642775e-05
7.9395623	0.000738666524587617	1.49559383339265e-05
7.0765615	0.000741650802081862	1.80085319246919e-05
6.3105822	0.000744343385498773	1.8219233351314e-05
5.6245475	0.000746863571950183	1.56999810355781e-05
5.0112233	0.000744555229261798	1.89960210880684e-05
4.4642835	0.000747085505843118	1.53418029186625e-05
3.9819033	0.000747810173515381	1.68641710932959e-05
3.5479143	0.000748958674166868	1.81817902889831e-05
3.1629577	0.000749574487447214	1.95589115693058e-05
2.818361	0.000753616834216139	1.75993315437979e-05
2.5112481	0.000752963448831092	1.53731660994465e-05
2.2398233	0.00075334929721842	1.68071689817532e-05
1.9950197	0.00075449027276652	1.77345412142147e-05
1.7775893	0.000757271304601061	1.51045612286847e-05
1.5846864	0.000756197338349459	2.04569247801783e-05
1.4122353	0.000759400330346627	1.71267472376004e-05
1.2582541	0.000758595935952792	1.81075255443402e-05
1.1224822	0.000760817609314616	1.9518424599785e-05
1.0000616	0.000761860468169474	1.96830887551008e-05
0.89082122	0.000763181894938066	2.10850647888702e-05
0.79444051	0.000763112918604484	2.04970417502737e-05
0.70784986	0.000766147810712506	2.08144144690545e-05
0.63126236	0.000767841811941992	2.23262859881037e-05
0.562536	0.000768897856890766	2.36280780098116e-05
0.50118715	0.000770117350613595	2.44533501405937e-05
0.44642836	0.000770823573313314	2.42850023323978e-05
0.39821118	0.000773876506205386	2.54255517895591e-05
0.35475865	0.000772054823592038	2.62736191532705e-05
0.31619295	0.000776201401014244	2.72008664062693e-05
0.2819173	0.000778152182734646	2.80689176305812e-05
0.25117323	0.000778997529150713	3.06742459955623e-05
0.22391155	0.000782299476994499	3.1900582135402e-05
0.19957349	0.000783645900932802	3.16236732616863e-05
0.17779917	0.00078487693814967	3.44015175734548e-05
0.15846863	0.000786491055101806	3.4737941565423e-05
0.14123619	0.0007904355224669	3.74367792422337e-05
0.12590662	0.000790064043005228	4.00623352017973e-05
0.1122199	0.000792110993748257	4.07162616091234e-05
0.10002181	0.000798256213100067	4.36496626500975e-05
