10002.226	0.00116859628591985	-0.00959934791771791
8914.9326	0.00112815763872459	-0.00859130754962454
7943.9951	0.00109205561285696	-0.00768967298849652
7081.583	0.00105578325522774	-0.006884380595292
6307.7358	0.00102388213278166	-0.00616086972609459
5622.5879	0.00099303327553849	-0.00551466570987487
5011.603	0.000962725365090121	-0.00493885017126718
4466.4292	0.000939552028975768	-0.00442242396128006
3981.2773	0.00091511049894303	-0.00395883450827885
3548.8679	0.000893088849173447	-0.00354499415415431
3163.0398	0.000874520470349543	-0.00317474610117376
2819.0986	0.000857749747456433	-0.00284181581049638
2512.4104	0.000842740667993008	-0.00254627659219551
2239.2869	0.000825254562583907	-0.00228134407706052
1995.6381	0.000811625858046541	-0.00204224111255286
1778.2897	0.000800271701118553	-0.00183294260199928
1584.4927	0.00078762838509686	-0.0016417322098688
1412.7418	0.00077639008130925	-0.00147018804190154
1258.7905	0.000768050680579844	-0.00131820388783857
1121.7966	0.000757890690561991	-0.00118352867626582
999.68164	0.000749172836643967	-0.00105957701020452
891.42474	0.000741995039832059	-0.00095338781845485
794.23932	0.000733794180617026	-0.000856391103711389
707.96161	0.00072485202325041	-0.000766602789032221
631.00977	0.000717833442456641	-0.000687785455397916
562.33929	0.000712710196611317	-0.000615170987764493
501.12231	0.000707253558709145	-0.000552486886433107
446.57214	0.000700158467236018	-0.00049324075264523
398.08899	0.000696195193261576	-0.000441863305808102
354.88681	0.000690580504214772	-0.000394710626872573
316.31589	0.000688325310719553	-0.000348997756450555
281.8942	0.000685677517986705	-0.000313352886442124
251.20601	0.000682892338446393	-0.00027665182367836
223.92496	0.000678531849918439	-0.000244102104825184
199.55338	0.000678472074451906	-0.000216256125639506
177.78128	0.000680754772142823	-0.000187277963721812
158.52898	0.000680137152508499	-0.000164416932234797
141.21979	0.000680780979536582	-0.000145026644889216
125.92673	0.000679960097471849	-0.000123639297350036
112.19009	0.000680587261539235	-0.000109338252842986
99.968163	0.000682249051401525	-8.85594254465191e-05
89.115646	0.000685426920712796	-7.51808287227338e-05
79.415741	0.000687441234108779	-6.32332675371225e-05
70.793182	0.00068920655400834	-5.27201690803803e-05
63.082279	0.000690659433857718	-4.12860434056919e-05
56.241825	0.000695969748923883	-3.12228672989977e-05
50.112232	0.000697036075793973	-2.29246615866587e-05
44.671223	0.000699959187897756	-1.82240195833967e-05
39.808899	0.000705644581539229	-1.22369532396328e-05
35.488308	0.000709489291578856	-7.36193212377449e-06
31.629578	0.000711870983319476	-1.0022221193689e-06
28.187037	0.000712066160149539	3.86355734010866e-07
25.120602	0.000717677885594669	4.75566967138642e-06
22.385418	0.000719607652691496	6.90940546055123e-06
19.955338	0.000721961692074552	8.61636448762641e-06
17.775894	0.00072557097838588	1.19888392060173e-05
15.846864	0.000727179624864151	1.06635367063248e-05
14.127493	0.000728015199626217	1.36500449827843e-05
12.587309	0.000730431541943554	1.25161185275965e-05
11.216775	0.000733648914630941	1.22387453387471e-05
9.9968166	0.000735338743569792	1.48757956107754e-05
8.9082127	0.000736768535347634	1.52132734354631e-05
7.9395623	0.000737100929072079	1.56925914863273e-05
7.0765615	0.000741172609502385	1.7539436513341e-05
6.3105822	0.000744358200274207	1.87728774714441e-05
5.6245475	0.000744730194330572	1.64527578512567e-05
5.0112233	0.000746372113821111	1.73774643657684e-05
4.4642835	0.000746847631168321	1.65142286715854e-05
3.9819033	0.000746668151631847	1.75795083910763e-05
3.5479143	0.000749578918170838	1.74042913212016e-05
3.1629577	0.000752707705353411	1.90845300069148e-05
2.818361	0.000753040404395455	1.80593722401314e-05
2.5112481	0.000753480534925732	1.86172470377269e-05
2.2398233	0.000753052797785963	1.91257391356179e-05
1.9950197	0.000753504187313702	1.64389089006537e-05
1.7775893	0.000754961528638188	1.70380139653196e-05
1.5846864	0.000759317868568402	1.91367503591673e-05
1.4122353	0.000759058795117253	1.75870979862146e-05
1.2582541	0.000760139204709414	1.86826556997782e-05
1.1224822	0.000760010567795877	2.01729534749694e-05
1.0000616	0.000762735974529645	2.1533041367519e-05
0.89082122	0.000762069012587982	2.21343351517922e-05
0.79444051	0.000764287480260607	2.01190395654868e-05
0.70784986	0.000765085975129844	2.2929057610748e-05
0.63126236	0.000766658809308799	2.12500852870928e-05
0.562536	0.000766359740339266	2.11903609660496e-05
0.50118715	0.000769122106274635	2.15465064881834e-05
0.44642836	0.000771269212346644	2.49195499457463e-05
0.39821118	0.00077240691890401	2.67622993234166e-05
0.35475865	0.000774273829781202	2.72032570092399e-05
0.31619295	0.000777040581731182	2.94886385244123e-05
0.2819173	0.000777831068003164	2.86892945225813e-05
0.25117323	0.00077871788776523	3.06974419826376e-05
0.22391155	0.000782043502870971	2.89581099288081e-05
0.19957349	0.000782285816126713	3.3685669426569e-05
0.17779917	0.000783233129402317	3.49444719321164e-05
0.15846863	0.000787234276053753	3.46289921311952e-05
0.14123619	0.000788191251270989	3.73570631018569e-05
0.12590662	0.000791762403898607	3.80847535751082e-05
0.1122199	0.000793792890543721	4.01297654189346e-05
0.10002181	0.000794849887861467	4.32660690182775e-05
