10002.226	0.00119384539179277	-0.00953717422311799
8914.9326	0.00115134557297773	-0.00853683654030179
7943.9951	0.00111426689619098	-0.00764181482636401
7081.583	0.00107850566452862	-0.00684186629891164
6307.7358	0.00104813014304988	-0.00612122085218743
5622.5879	0.00101674638808286	-0.00547986365928075
5011.603	0.000985729918248507	-0.0049064440614222
4466.4292	0.000960953393900192	-0.00439263201665715
3981.2773	0.000939816213958678	-0.00393342742802703
3548.8679	0.000918631503739755	-0.00352230067673464
3163.0398	0.000897855266460544	-0.00315379123245753
2819.0986	0.000881377572531446	-0.00282337530271592
2512.4104	0.000863118608075618	-0.00252896441208866
2239.2869	0.000848409074673687	-0.00226803471809701
1995.6381	0.000835958811918174	-0.00203008275322093
1778.2897	0.000822227030094757	-0.00181957073777626
1584.4927	0.000809636571753938	-0.00163017401671521
1412.7418	0.000798461730639891	-0.00146032138697099
1258.7905	0.000791106377987569	-0.00130895655312699
1121.7966	0.000780992405072891	-0.00117625967893674
999.68164	0.000773231966176789	-0.0010542143043767
891.42474	0.000763726031651772	-0.000947050407790151
794.23932	0.000758040977588638	-0.000850714392626696
707.96161	0.000750337524098375	-0.000761564726275879
631.00977	0.00074293106232912	-0.000685005395572358
562.33929	0.000735743824105028	-0.000612647194543677
501.12231	0.000728865370066728	-0.000550199618259233
446.57214	0.0007255860283741	-0.00048945489330634
398.08899	0.000719731325308042	-0.000440221545715374
354.88681	0.000716151290142481	-0.000391573960916104
316.31589	0.000711449277830289	-0.000346383716074647
281.8942	0.00070917564350638	-0.000309788146647329
251.20601	0.000706096665008837	-0.000275456337967458
223.92496	0.000706660862272072	-0.000242122291990145
199.55338	0.00070312573468835	-0.000215920964793187
177.78128	0.000704022480044497	-0.000187933792025599
158.52898	0.000701490432184426	-0.000164283852353579
141.21979	0.000701773814529581	-0.000143220412210402
125.92673	0.000703782821184268	-0.00012298932417041
112.19009	0.000705931175513621	-0.000104900730186483
99.968163	0.00070726412992245	-8.83984693984908e-05
89.115646	0.000708964592608258	-7.57300717543593e-05
79.415741	0.000711376477397321	-6.33575142828949e-05
70.793182	0.000711523628393852	-5.14479242382457e-05
63.082279	0.000715607565585787	-4.08813279184322e-05
56.241825	0.000720824285193846	-3.16687261488034e-05
50.112232	0.000720736333117734	-2.23416693823785e-05
44.671223	0.000725827480360765	-1.88124399009388e-05
39.808899	0.000729278253406572	-1.27969609895799e-05
35.488308	0.000731082940120188	-9.77633066416527e-06
31.629578	0.000733016537315215	-3.36390236726052e-06
28.187037	0.000737812674950904	1.10102691591471e-06
25.120602	0.000738979311550246	3.85447944124964e-06
22.385418	0.000742168301506072	5.25644810801122e-06
19.955338	0.000746387780927291	7.05596604311552e-06
17.775894	0.000748798253429005	9.72823120044255e-06
15.846864	0.000751520949446569	1.07798244621216e-05
14.127493	0.000754394560986867	1.31198381032927e-05
12.587309	0.000754336465953758	1.207047774303e-05
11.216775	0.000756944469947427	1.25085339730918e-05
9.9968166	0.000760647831082612	1.5913326049715e-05
8.9082127	0.000759026866694249	1.63746165058008e-05
7.9395623	0.00076096122801379	1.5319741300268e-05
7.0765615	0.000763161246035787	1.8486697077353e-05
6.3105822	0.000765698148243342	1.83752928196047e-05
5.6245475	0.000768097812061829	1.49568842340009e-05
5.0112233	0.000769317713148798	1.74154395894783e-05
4.4642835	0.000769585801095327	1.76484631705453e-05
3.9819033	0.000771248355163863	1.74008661231219e-05
3.5479143	0.000772199210608381	1.7357276962336e-05
3.1629577	0.000773537095625148	1.71984785585969e-05
2.818361	0.000776549934901253	1.74798496808202e-05
2.5112481	0.000775341399542187	1.72876905824956e-05
2.2398233	0.000777019742416659	1.74081604717111e-05
1.9950197	0.000776611503739687	1.70478798217967e-05
1.7775893	0.000779783516289034	1.90304725760032e-05
1.5846864	0.000780226241641437	1.79130510125837e-05
1.4122353	0.000780011042313559	1.84707625439964e-05
1.2582541	0.00078211534113812	1.95372006144564e-05
1.1224822	0.000784715428158138	1.81290233279129e-05
1.0000616	0.00078595561719951	2.19920482625799e-05
0.89082122	0.000785820692511331	2.11537110629344e-05
0.79444051	0.000786977615553494	2.1632892966675e-05
0.70784986	0.000787723735441589	2.27909407086675e-05
0.63126236	0.000790436267768404	2.30407408762977e-05
0.562536	0.000792229102418899	2.22202780031416e-05
0.50118715	0.000791869767992826	2.38625332161203e-05
0.44642836	0.000795170186710645	2.66092354873557e-05
0.39821118	0.000797330112559509	2.64882606185927e-05
0.35475865	0.000798494835488802	2.70007912022417e-05
0.31619295	0.000799785602319541	2.82676536961303e-05
0.2819173	0.000800399613709278	2.61693956415134e-05
0.25117323	0.000803248822487568	2.91373941611755e-05
0.22391155	0.000804760950997412	3.12452721979324e-05
0.19957349	0.000807526573503469	3.1550487535052e-05
0.17779917	0.000808234351782131	3.3472510809671e-05
0.15846863	0.000806690471861129	3.42381087551712e-05
0.14123619	0.000813774666287885	3.58047983955553e-05
0.12590662	0.000815616037114227	3.71755618469028e-05
0.1122199	0.000816289368671294	4.05539281212689e-05
0.10002181	0.000819310910462127	4.0212276971225e-05
