10002.226	0.00119293396404665	-0.00953886775901721
8914.9326	0.00115154443252847	-0.00853652138751487
7943.9951	0.00111545746469649	-0.00764050643017248
7081.583	0.00108020561231236	-0.00683905383789381
6307.7358	0.00104762824791575	-0.00611990215424822
5622.5879	0.00101480759107289	-0.00547933231863102
5011.603	0.000987228933131288	-0.00490894762753783
4466.4292	0.000960800443819953	-0.0043931561008233
3981.2773	0.000939301804246407	-0.00393228241485334
3548.8679	0.000915502289389448	-0.00352279849426512
3163.0398	0.000899583685273051	-0.00315561221633343
2819.0986	0.000880255854355101	-0.00282527818113012
2512.4104	0.000864101898982895	-0.00252884890053077
2239.2869	0.000848332878445975	-0.00226702412860006
1995.6381	0.000835975293546012	-0.0020314416786441
1778.2897	0.000823162749913583	-0.00181965169999446
1584.4927	0.00080871487632622	-0.00162801178702363
1412.7418	0.000799834768847247	-0.00146051692844764
1258.7905	0.000790299655290804	-0.00131059287083026
1121.7966	0.000781507034132441	-0.00117579656515639
999.68164	0.000772513413645447	-0.00105439180662764
891.42474	0.000763904069266219	-0.00094905920478164
794.23932	0.000757131204170737	-0.000850032711579997
707.96161	0.000748173377874296	-0.0007619627541476
631.00977	0.000741950851081702	-0.000685391209733999
562.33929	0.000736812236127769	-0.000610770796363726
501.12231	0.00073143309521207	-0.000548950110167343
446.57214	0.000723573205434195	-0.000488890853499414
398.08899	0.000721725125981029	-0.000439155162068742
354.88681	0.000715627626166325	-0.00039351422718843
316.31589	0.000715125622257294	-0.000347749361900253
281.8942	0.000708464320512419	-0.000310147821935
251.20601	0.000705301396276185	-0.000277252209637569
223.92496	0.000704667803421739	-0.000242224846591385
199.55338	0.000703282077667174	-0.000215197142032218
177.78128	0.000702225807361056	-0.000189175859628936
158.52898	0.000703516533078404	-0.000163526244773615
141.21979	0.000704876976538385	-0.000142593496855789
125.92673	0.000704361660340199	-0.000122384419990593
112.19009	0.000704373206872225	-0.000106074429125422
99.968163	0.000705435039225336	-8.90154019551397e-05
89.115646	0.000709736962745339	-7.65881276684405e-05
79.415741	0.000710963857483333	-6.32556063078323e-05
70.793182	0.00071153489378824	-5.16859966122305e-05
63.082279	0.000714433042187678	-4.30611163436901e-05
56.241825	0.000719320980917475	-3.22746684788499e-05
50.112232	0.000721042136824228	-2.28393499575828e-05
44.671223	0.000721765081422695	-1.71609396912334e-05
39.808899	0.00072751559294089	-1.26572037071716e-05
35.488308	0.000731521374153091	-9.04101301635426e-06
31.629578	0.000734858783781137	-4.90466656378421e-07
28.187037	0.000736276008357324	1.0560975914801e-07
25.120602	0.000740176491662132	2.42790093920592e-06
22.385418	0.000742293914680949	5.89763462809944e-06
19.955338	0.000746790913516204	9.43686929440138e-06
17.775894	0.000746607750572998	1.22449546190273e-05
15.846864	0.000750945477264966	1.21742192416449e-05
14.127493	0.000754184913774243	1.28386888941227e-05
12.587309	0.000755411990867862	1.39962153262532e-05
11.216775	0.000756960279351324	1.33639624632795e-05
9.9968166	0.00075901122852771	1.61702078260575e-05
8.9082127	0.000761217876905257	1.5598681566614e-05
7.9395623	0.000763539109595681	1.55504456880906e-05
7.0765615	0.000765271493317863	1.78954131948713e-05
6.3105822	0.000766722291231421	1.77362300485355e-05
5.6245475	0.00076778912092993	1.54019031010492e-05
5.0112233	0.000770164444172455	1.76960202477582e-05
4.4642835	0.000772348583644313	1.63019952906283e-05
3.9819033	0.000770220157160124	1.92258072475024e-05
3.5479143	0.000771168074918053	1.80641813112328e-05
3.1629577	0.000775227628184351	1.85938581172371e-05
2.818361	0.000776353748362016	1.90377514559609e-05
2.5112481	0.00077545810251631	1.51285282307071e-05
2.2398233	0.000776828447875657	1.82111116653952e-05
1.9950197	0.000778198977124128	1.66735049487295e-05
1.7775893	0.000780678540196185	1.86088402222099e-05
1.5846864	0.000781967572364214	1.79163633070631e-05
1.4122353	0.000779879877354885	1.77672541887612e-05
1.2582541	0.000782522699662954	2.05818403884923e-05
1.1224822	0.00078424341316531	1.71653018782391e-05
1.0000616	0.000785299743608713	2.23736211272991e-05
0.89082122	0.000786909480909356	2.00589202332073e-05
0.79444051	0.000788108234180453	2.15200217990395e-05
0.70784986	0.000788789084867407	2.2133552724808e-05
0.63126236	0.000790927767846159	2.10327797976697e-05
0.562536	0.000792523953643769	2.22026891841775e-05
0.50118715	0.000793415246851941	2.31402309489776e-05
0.44642836	0.000794514966615706	2.36426761451077e-05
0.39821118	0.000795890660301839	2.42247625132405e-05
0.35475865	0.000798565084034584	2.63750760946199e-05
0.31619295	0.000798989030245837	2.98075491463197e-05
0.2819173	0.000801290823624646	2.74998675842934e-05
0.25117323	0.000804152363321049	2.81873507638548e-05
0.22391155	0.000804825509489013	2.73012584949567e-05
0.19957349	0.00080502501439165	3.14889134013101e-05
0.17779917	0.000807688156510593	3.36259234619211e-05
0.15846863	0.000809723916584608	3.42319467144341e-05
0.14123619	0.000812475853245235	3.62869255983603e-05
0.12590662	0.000815460149541614	3.78348526593279e-05
0.1122199	0.000816469552597029	4.03348428637489e-05
0.10002181	0.00081737279813981	4.28963289024839e-05
