10002.226	0.00119168154974263	-0.00953629063658765
8914.9326	0.00115240255836747	-0.0085347174540603
7943.9951	0.00111211215290278	-0.00764206346388206
7081.583	0.00107976680034216	-0.00683997131363199
6307.7358	0.00104715015457671	-0.00611981665077283
5622.5879	0.00101525218903006	-0.0054796099321547
5011.603	0.000988361163073846	-0.00490798409429144
4466.4292	0.000961781521165672	-0.00439310907463687
3981.2773	0.000939072477888453	-0.00393357043057716
3548.8679	0.000915931336024536	-0.00352339055608448
3163.0398	0.00089725418209451	-0.00315481019242815
2819.0986	0.000880698697220888	-0.00282407407741077
2512.4104	0.000862680663483522	-0.00253126090134829
2239.2869	0.000847320024044111	-0.00226723958217293
1995.6381	0.000834513674554745	-0.0020313849286313
1778.2897	0.000824189866907157	-0.00181985211609235
1584.4927	0.000811503540017498	-0.00163008503977867
1412.7418	0.000799579216568085	-0.0014614302070571
1258.7905	0.0007909448031086	-0.00130875513815672
1121.7966	0.000779156344780507	-0.00117666083733132
999.68164	0.000771823251647877	-0.00105230189233136
891.42474	0.000762554942995876	-0.000945767138621142
794.23932	0.000757713561659982	-0.000848820384888356
707.96161	0.000749738813498583	-0.000762230131864445
631.00977	0.00074249315264411	-0.000684346412660469
562.33929	0.000737057307755671	-0.000612601998072213
501.12231	0.000732402223628574	-0.00054788229999276
446.57214	0.000724757002586299	-0.000490991608772778
398.08899	0.000719958908514656	-0.000438856488905145
354.88681	0.000715188167893198	-0.000391517976749386
316.31589	0.000712162379923814	-0.00034642982003982
281.8942	0.000709613736697446	-0.000311157881466846
251.20601	0.000705618909065226	-0.000274716174840474
223.92496	0.000704395413052828	-0.000241740385840564
199.55338	0.000704693766171177	-0.000213107215844208
177.78128	0.000701016408280807	-0.000188703133862948
158.52898	0.000702010074549801	-0.000163848101614191
141.21979	0.000702540834361752	-0.000144721407806875
125.92673	0.000702031625958772	-0.000122314233492956
112.19009	0.000705375933654475	-0.000108288122748654
99.968163	0.000705256942293315	-8.85098675016214e-05
89.115646	0.000710068077719792	-7.5871258189312e-05
79.415741	0.000709797928194875	-6.376584276377e-05
70.793182	0.000712796274018252	-5.13352133043578e-05
63.082279	0.000715924465664449	-4.19570676132656e-05
56.241825	0.000721474537394912	-3.34074757173677e-05
50.112232	0.000720138166541915	-2.18337543786307e-05
44.671223	0.000724901667948583	-1.64282017790062e-05
39.808899	0.000727058025187963	-1.17659383942081e-05
35.488308	0.00073091396572274	-8.57252394769479e-06
31.629578	0.000735400726291109	-2.49476381353621e-06
28.187037	0.000735184625277231	4.72020426727504e-07
25.120602	0.000740598040008659	3.95894959211313e-06
22.385418	0.000742349301465091	7.35490013130096e-06
19.955338	0.000744306092382869	6.30716379174224e-06
17.775894	0.000750090935503578	1.097981480213e-05
15.846864	0.000751267601128474	1.08359589119022e-05
14.127493	0.000753740202365028	1.24082663276829e-05
12.587309	0.000754199230762652	1.52561856504496e-05
11.216775	0.000755863934604339	1.46511635017533e-05
9.9968166	0.000759768271178446	1.49682249065032e-05
8.9082127	0.000760654473984861	1.47599083396113e-05
7.9395623	0.000762020559721377	1.62763320733148e-05
7.0765615	0.000765742189305485	1.84928200228244e-05
6.3105822	0.00076521026685907	1.70208957655697e-05
5.6245475	0.00076400999230699	1.6594622349352e-05
5.0112233	0.000768643130217227	1.68968685073722e-05
4.4642835	0.000770972147485063	1.64236890607434e-05
3.9819033	0.000771457733460008	1.79397135366344e-05
3.5479143	0.000771331665038835	1.86032975185924e-05
3.1629577	0.000774161016414628	1.6707251590253e-05
2.818361	0.000777304831486771	1.80313984248545e-05
2.5112481	0.00077506096116821	1.80870826984663e-05
2.2398233	0.000776048491332351	1.62225144374898e-05
1.9950197	0.000777436900895595	1.56629232698769e-05
1.7775893	0.00077830763799316	1.68000177663169e-05
1.5846864	0.000779970909612776	1.79394762905272e-05
1.4122353	0.000780687185492956	1.71812226948768e-05
1.2582541	0.000780809302941789	2.02627817364612e-05
1.1224822	0.000783274071712133	1.70341141565143e-05
1.0000616	0.00078522322434004	1.94463892609672e-05
0.89082122	0.000787093339878582	2.00741961054073e-05
0.79444051	0.000787806201511563	2.21275019021672e-05
0.70784986	0.000788805310153797	2.10566611572549e-05
0.63126236	0.000791368185833297	2.3217193208404e-05
0.562536	0.000792695323179941	2.26344663898159e-05
0.50118715	0.00079116934650931	2.30970727008838e-05
0.44642836	0.000795332915477365	2.32879302688009e-05
0.39821118	0.000796856630901852	2.48843683132682e-05
0.35475865	0.000796539187000141	2.53526567225112e-05
0.31619295	0.000797665827177681	2.74645422893049e-05
0.2819173	0.000801057985862132	3.03517857818169e-05
0.25117323	0.000800817224100362	3.09774212877634e-05
0.22391155	0.0008052265375631	2.91718752592851e-05
0.19957349	0.000806251289586741	3.07944073696965e-05
0.17779917	0.000807275381445923	3.44788069011522e-05
0.15846863	0.000810870813285846	3.39408302795085e-05
0.14123619	0.000811532760343747	3.49050372014829e-05
0.12590662	0.000812493616775988	3.75185598657864e-05
0.1122199	0.000817184463993813	4.06862814645757e-05
0.10002181	0.000819062108385873	4.42769151422267e-05
