10002.226	0.00117616525052426	-0.00958786705979486
8914.9326	0.00113491916689325	-0.00858231438375845
7943.9951	0.00109689365061198	-0.0076815868768115
7081.583	0.0010610227347015	-0.00687742410291414
6307.7358	0.0010302767451412	-0.00615447068127506
5622.5879	0.00100009958513124	-0.00551158032244423
5011.603	0.000970747213509596	-0.00493358321678721
4466.4292	0.00094617246063921	-0.00441527480922936
3981.2773	0.000923633772713115	-0.00395428772805299
3548.8679	0.000901874255030487	-0.00354213317822896
3163.0398	0.000882180436288387	-0.00317130468107787
2819.0986	0.000865793529471486	-0.00283920823831003
2512.4104	0.000849614842793845	-0.00254317589433988
2239.2869	0.00083255900941638	-0.00228124093805505
1995.6381	0.000818975941612658	-0.00204264847400192
1778.2897	0.000805522277423367	-0.00182838659166575
1584.4927	0.000794543152218492	-0.00164045649819227
1412.7418	0.000781264682358657	-0.00146954425797295
1258.7905	0.000775070271490688	-0.00131983922448656
1121.7966	0.000766906053035556	-0.0011809200379719
999.68164	0.00075794488126356	-0.00105963915374847
891.42474	0.000746674769621223	-0.000951473018340927
794.23932	0.000740622556008366	-0.000853461466791734
707.96161	0.000732050966786475	-0.000764191048999043
631.00977	0.000726253783043466	-0.000688932767359872
562.33929	0.000717448721199783	-0.000617343756715102
501.12231	0.000715087521627241	-0.000551717860865397
446.57214	0.000707856665275353	-0.00049322506897412
398.08899	0.000704462010826746	-0.000442934574200663
354.88681	0.000698925311490665	-0.000393923745504792
316.31589	0.000697333969764634	-0.000349180624951353
281.8942	0.00069432610834693	-0.000313217177162862
251.20601	0.000689479418981425	-0.000276468156867438
223.92496	0.00068667116996135	-0.000244089937769345
199.55338	0.000687197327589969	-0.000216487195120673
177.78128	0.000685464954641923	-0.000188221206362263
158.52898	0.000686973824271698	-0.000164463603188398
141.21979	0.00068637687476223	-0.000143657715923245
125.92673	0.000686561809929221	-0.000122813626681124
112.19009	0.000688520077499252	-0.000107892530794492
99.968163	0.000689927892897129	-9.06185819088025e-05
89.115646	0.000692788691299446	-7.66067577723476e-05
79.415741	0.000694778854022804	-6.29028475292995e-05
70.793182	0.000696999989668971	-5.06404666884975e-05
63.082279	0.000699514517181599	-4.20551168463029e-05
56.241825	0.000704530129963276	-3.38239306671371e-05
50.112232	0.000702744339026767	-2.36401704923068e-05
44.671223	0.000708260056630756	-1.74230029875362e-05
39.808899	0.000710306791091173	-1.37992713711937e-05
35.488308	0.000715108947335462	-6.63944301164277e-06
31.629578	0.000718885604302999	-1.40663387829423e-06
28.187037	0.000720869516072341	7.28181011699065e-07
25.120602	0.000722533997492135	5.1245178094622e-06
22.385418	0.00072581188838263	8.39506194047924e-06
19.955338	0.000729894233273275	8.97593775390186e-06
17.775894	0.000731635768110382	1.07996244385164e-05
15.846864	0.000734641534791147	9.31327133045042e-06
14.127493	0.000737238934218739	1.44108841581313e-05
12.587309	0.000738442385205761	1.37598612431297e-05
11.216775	0.000740446417891971	1.3029381615053e-05
9.9968166	0.000741540844057319	1.35116199792155e-05
8.9082127	0.000743541531647267	1.4189065808121e-05
7.9395623	0.000745819834340121	1.75982343359085e-05
7.0765615	0.000747129218459842	1.81020031264261e-05
6.3105822	0.000749833151546832	1.62071190099703e-05
5.6245475	0.000750190140395846	1.49914698937813e-05
5.0112233	0.000752822333915562	1.63842411557407e-05
4.4642835	0.000754010182959247	1.62586240225372e-05
3.9819033	0.000755913848167728	1.71448848895832e-05
3.5479143	0.000756140176347773	1.79949049229231e-05
3.1629577	0.000756623803922923	1.83199303016646e-05
2.818361	0.000761025127018426	1.69380294268114e-05
2.5112481	0.000759797392833273	1.54618921750746e-05
2.2398233	0.000758969644702446	1.59657612940517e-05
1.9950197	0.000761475578384162	1.73649538454654e-05
1.7775893	0.000764368964205323	1.82228472872791e-05
1.5846864	0.000764480139836283	1.82531057696553e-05
1.4122353	0.000762910110469161	2.00752232958619e-05
1.2582541	0.000765766715371181	1.96054843144258e-05
1.1224822	0.000768624721601752	2.165013150573e-05
1.0000616	0.000766897977050989	1.90122792126671e-05
0.89082122	0.000769787894818517	2.15476143453158e-05
0.79444051	0.000770674229186846	2.17204534874752e-05
0.70784986	0.000773865659167766	2.11417318623195e-05
0.63126236	0.000774354902809789	2.27988800931572e-05
0.562536	0.000773534128115541	2.36317979359247e-05
0.50118715	0.00077764051805839	2.28947844808913e-05
0.44642836	0.000778905712931625	2.54480180398975e-05
0.39821118	0.000780722102453538	2.70277903721787e-05
0.35475865	0.000781331150746698	2.74273138403242e-05
0.31619295	0.000783896250693663	2.83044144309213e-05
0.2819173	0.000786835010692972	2.9197641187574e-05
0.25117323	0.000786194033706458	2.93222066302533e-05
0.22391155	0.00078785277083868	3.22168159416749e-05
0.19957349	0.00079078591012593	3.36353589237313e-05
0.17779917	0.000791016444202128	3.46374194198338e-05
0.15846863	0.000792799491641822	3.60494752659688e-05
0.14123619	0.000797017952386958	3.71165239945653e-05
0.12590662	0.000798607168677605	3.85400631254476e-05
0.1122199	0.000801270194959582	4.14110322018384e-05
0.10002181	0.000802372620656682	4.11379073747234e-05
