10002.226	0.00117747278295831	-0.00958836042534313
8914.9326	0.001134593474432	-0.00858403083181292
7943.9951	0.00109851404779478	-0.0076809931470501
7081.583	0.00106219743060903	-0.00687756105966081
6307.7358	0.00103013451190147	-0.00615486902552136
5622.5879	0.00100004754266338	-0.00551176314642251
5011.603	0.000971409221908281	-0.00493294907044605
4466.4292	0.000947550269238493	-0.0044161562579251
3981.2773	0.000922172806240751	-0.00395518205407256
3548.8679	0.000899921349390889	-0.00354318970369661
3163.0398	0.000880430981917648	-0.00317205431026454
2819.0986	0.000863245264983702	-0.00283927997470587
2512.4104	0.000851194459816482	-0.00254543343726642
2239.2869	0.000832256328109136	-0.00227724579357606
1995.6381	0.000818511452059935	-0.00204085648942954
1778.2897	0.000807794658906611	-0.00182684336044567
1584.4927	0.000794512245410039	-0.00163945553206334
1412.7418	0.000783016352697476	-0.00146869416199426
1258.7905	0.000774110168433037	-0.00131773431430791
1121.7966	0.000764705253552755	-0.00118303689476112
999.68164	0.000754348513081063	-0.00105809972316494
891.42474	0.000748271749734673	-0.000952394397543167
794.23932	0.000740554063809379	-0.000853727471565904
707.96161	0.000733557276892377	-0.000766785170139489
631.00977	0.000726739979875918	-0.000687791379176008
562.33929	0.000719786653366741	-0.00061588544559557
501.12231	0.000714419621873315	-0.000552124890368781
446.57214	0.000708909172390724	-0.00049208758985133
398.08899	0.000704527706065753	-0.000442048313689035
354.88681	0.000699193143770834	-0.000392992469006136
316.31589	0.000696622401560151	-0.000351329122954925
281.8942	0.000692853539348585	-0.000312532363312955
251.20601	0.000688387696416846	-0.000274852030045579
223.92496	0.000688524725022925	-0.00024422179025351
199.55338	0.000687135159781329	-0.000216765485072995
177.78128	0.000686438491042251	-0.000189064915416363
158.52898	0.000685865852180938	-0.000164678902462343
141.21979	0.000686341939014715	-0.000144877487387255
125.92673	0.000687058012745435	-0.000123792039573939
112.19009	0.000689648993771493	-0.000107385133046192
99.968163	0.000689934035589145	-8.89282518321455e-05
89.115646	0.000693503096858435	-7.52003708965726e-05
79.415741	0.000695565306704547	-6.43892620624805e-05
70.793182	0.000695519694659889	-5.346640262215e-05
63.082279	0.000699800183453204	-4.14253920422284e-05
56.241825	0.000702785866077002	-3.18037403389235e-05
50.112232	0.000706751377155423	-2.39016308283738e-05
44.671223	0.000707789559144193	-1.6091217815628e-05
39.808899	0.00071252884170247	-1.19511908179314e-05
35.488308	0.000713363328609938	-8.88571039187026e-06
31.629578	0.000717646383456113	-3.45674063742541e-06
28.187037	0.000719372285489496	1.58483282332625e-06
25.120602	0.00072158384981741	5.12251299870642e-06
22.385418	0.000726463614408846	7.03430858475678e-06
19.955338	0.000729976989341746	8.46190049504793e-06
17.775894	0.000732202477899738	1.18672005825625e-05
15.846864	0.000733699494556019	1.09752611213173e-05
14.127493	0.000735986365323507	1.33562865865382e-05
12.587309	0.000740938260509791	1.44109802754735e-05
11.216775	0.000739587617527175	1.59125811577217e-05
9.9968166	0.000742190392144935	1.24700218583016e-05
8.9082127	0.000743915096138795	1.63574522292044e-05
7.9395623	0.000744192467987488	1.68021575249487e-05
7.0765615	0.000746672262400745	1.81266845672866e-05
6.3105822	0.000750257854431673	1.64156647091613e-05
5.6245475	0.00075116177987688	1.45041898783556e-05
5.0112233	0.000753736074467771	1.81920524276655e-05
4.4642835	0.000754390504421491	1.56031250596794e-05
3.9819033	0.000753905631593089	1.44749526291741e-05
3.5479143	0.000754821986312194	1.84007511092051e-05
3.1629577	0.000759121505744126	1.91705687727445e-05
2.818361	0.000758464142283453	1.81405483411383e-05
2.5112481	0.000760971539932398	1.58761953349704e-05
2.2398233	0.000759165103657996	1.77847228749592e-05
1.9950197	0.000761768343833557	1.66110346122184e-05
1.7775893	0.00076237073243654	1.67445582830873e-05
1.5846864	0.00076486562824727	1.85541290646026e-05
1.4122353	0.000765570088018186	1.82790570137321e-05
1.2582541	0.000766621625308678	2.13735991500725e-05
1.1224822	0.000768488721370978	1.90319308744111e-05
1.0000616	0.000769136542710496	1.97909735827289e-05
0.89082122	0.000770150814735685	2.14732521712678e-05
0.79444051	0.000771690503233234	1.97111585031164e-05
0.70784986	0.000772268550022298	2.20051104530649e-05
0.63126236	0.000774969992401581	2.13920198596182e-05
0.562536	0.000776973001132924	2.19205896024224e-05
0.50118715	0.000777395146564309	2.58398403642985e-05
0.44642836	0.000779877967514747	2.29683475089332e-05
0.39821118	0.00077990875858671	2.4480499602597e-05
0.35475865	0.000780321128744278	2.65453698330548e-05
0.31619295	0.000782376288528933	2.89653532354395e-05
0.2819173	0.000785530457137591	2.70345442448268e-05
0.25117323	0.00078565149266412	2.99113259948691e-05
0.22391155	0.000787615919618097	3.30901353794842e-05
0.19957349	0.000790701016695042	3.19464820257843e-05
0.17779917	0.000791695031437351	3.4028801159671e-05
0.15846863	0.000795579986405223	3.47274293796041e-05
0.14123619	0.000795095959153155	3.75181705661201e-05
0.12590662	0.00079824327450946	3.92448561412204e-05
0.1122199	0.000802596668144331	3.98788468652688e-05
0.10002181	0.000803955291853367	4.21248320194456e-05
