10002.226	0.00117379560882508	-0.00958707055043238
8914.9326	0.00113685880570291	-0.00858436411486534
7943.9951	0.00109720111281118	-0.00768316059512594
7081.583	0.00106201983692402	-0.00687757430207086
6307.7358	0.0010326889069685	-0.00615358657328901
5622.5879	0.00100106236274526	-0.0055100367306458
5011.603	0.000970268312479891	-0.00493303544546111
4466.4292	0.00094703706543635	-0.00441740350142822
3981.2773	0.000921366706341201	-0.00395533079600399
3548.8679	0.00089821628370261	-0.0035385343592394
3163.0398	0.000880920738448217	-0.00316953561345477
2819.0986	0.000862837588983852	-0.00284061105844881
2512.4104	0.000848817687481986	-0.00254347718791597
2239.2869	0.000832244236264327	-0.00227996968895005
1995.6381	0.000818474861226653	-0.00204076752947144
1778.2897	0.000808842647014985	-0.00182833903141684
1584.4927	0.000795426075564241	-0.00163897999633021
1412.7418	0.000781138502960045	-0.00147031174084561
1258.7905	0.000775749211431544	-0.0013177993685005
1121.7966	0.000765370021530543	-0.00118106329208614
999.68164	0.000756027692872921	-0.00106113603196308
891.42474	0.000747967972335559	-0.000951914488270193
794.23932	0.000741414430130231	-0.000854109068302559
707.96161	0.000732704535030042	-0.000765501282211776
631.00977	0.000726350823596109	-0.0006878451337756
562.33929	0.000719676599187183	-0.000615447337264278
501.12231	0.000713991937315732	-0.000550405283694036
446.57214	0.000710232733075914	-0.000492710431041651
398.08899	0.000702602310842093	-0.00044024397580653
354.88681	0.000699011872974459	-0.00039522194699712
316.31589	0.000696535425041605	-0.000350565611010175
281.8942	0.00069277829326609	-0.000312086754396227
251.20601	0.000688479011072328	-0.000275726107909519
223.92496	0.000687691760660244	-0.000245868311195709
199.55338	0.000688605590529874	-0.00021598744677025
177.78128	0.000686855936504588	-0.000188684262005142
158.52898	0.000683791550585929	-0.000164608469493372
141.21979	0.00068638830183969	-0.00014468020439147
125.92673	0.000685759767858354	-0.00012447887345135
112.19009	0.000689855410678231	-0.000107502380445422
99.968163	0.000691539470549794	-8.85426534493413e-05
89.115646	0.000693285407497669	-7.70189388610998e-05
79.415741	0.000692962192469864	-6.38350179989359e-05
70.793182	0.000697338846824761	-5.05371834632801e-05
63.082279	0.000699311686077518	-3.93588076508673e-05
56.241825	0.000704002395291495	-3.14935441157653e-05
50.112232	0.000704379553987147	-2.4236664548041e-05
44.671223	0.000707872554709219	-1.92038440230411e-05
39.808899	0.000711845261684308	-1.37490654825473e-05
35.488308	0.000715103071082215	-8.43102288319553e-06
31.629578	0.000717163558582142	-4.30084538063095e-07
28.187037	0.000720426781946655	8.79206158543885e-07
25.120602	0.000723541509408128	4.24176285214186e-06
22.385418	0.000727429455727309	6.36007786377624e-06
19.955338	0.000729969831456991	9.30931497720796e-06
17.775894	0.000735135222097072	1.28581924228186e-05
15.846864	0.000734060780809694	1.08610234995007e-05
14.127493	0.000735297850762271	1.35246228073765e-05
12.587309	0.000739853664566529	1.27592940060332e-05
11.216775	0.000740417522069775	1.53924171746748e-05
9.9968166	0.000744400411328981	1.41045048718656e-05
8.9082127	0.000741917762931615	1.47776260375985e-05
7.9395623	0.00074438349234737	1.53552075853781e-05
7.0765615	0.000747905078612603	1.70420389513108e-05
6.3105822	0.000749929586924468	1.74346882705922e-05
5.6245475	0.000750296389951207	1.66779238399471e-05
5.0112233	0.000753495833250878	1.85940557191351e-05
4.4642835	0.000754648343905288	1.70508418571104e-05
3.9819033	0.000756564576366278	1.72237114691909e-05
3.5479143	0.000756087811339186	1.71847818610696e-05
3.1629577	0.000760493109742968	1.74384382978016e-05
2.818361	0.00075976326389014	1.68390482099784e-05
2.5112481	0.000756654654745509	1.67760860229555e-05
2.2398233	0.000759740539218077	1.73819953767973e-05
1.9950197	0.000762036024830585	1.7985567941664e-05
1.7775893	0.000763218035783157	1.71266293031659e-05
1.5846864	0.000763759291865971	1.73536599153851e-05
1.4122353	0.000764764196809255	1.68113635498864e-05
1.2582541	0.000765770720356849	1.91454837284647e-05
1.1224822	0.00076830510907334	2.02474877966081e-05
1.0000616	0.000768674039223384	1.88179376642691e-05
0.89082122	0.000770120983514945	1.90266011566481e-05
0.79444051	0.000772409992862054	2.12293955628648e-05
0.70784986	0.000772521177102871	1.97742920834656e-05
0.63126236	0.000773052944401173	2.14449520103913e-05
0.562536	0.000774896715665113	2.15897625506077e-05
0.50118715	0.000779149280074088	2.38005163190544e-05
0.44642836	0.000779974165112616	2.51437881625657e-05
0.39821118	0.0007794417656134	2.47010514502745e-05
0.35475865	0.000780794708533674	2.62378192821325e-05
0.31619295	0.000782318661915998	2.77105922573864e-05
0.2819173	0.000784059615938569	3.06780568951043e-05
0.25117323	0.000786550922998309	3.02121713870494e-05
0.22391155	0.000788630000239349	3.05746476245183e-05
0.19957349	0.000791581962130318	3.26989684310139e-05
0.17779917	0.000792148720535156	3.41638018142208e-05
0.15846863	0.000793324288467138	3.55848534515453e-05
0.14123619	0.000796427602691565	3.78756906207769e-05
0.12590662	0.000797806431684984	3.75807253832736e-05
0.1122199	0.000801332027208374	4.2360675457519e-05
0.10002181	0.000802392403941126	4.18532342100988e-05
