10002.226	0.00117591841059566	-0.00958807044401203
8914.9326	0.00113573182018588	-0.0085833732084444
7943.9951	0.00109723525388401	-0.00768130727739339
7081.583	0.00106348619006247	-0.00687826183639369
6307.7358	0.00103158934318752	-0.00615431912848475
5622.5879	0.000998654688451733	-0.00551069242615423
5011.603	0.000972043932692953	-0.00493338787210098
4466.4292	0.000945447795172465	-0.00441725146124288
3981.2773	0.000921691850389687	-0.00395442843170526
3548.8679	0.00090088550710961	-0.00354351048149333
3163.0398	0.000881876720045258	-0.00317185269478926
2819.0986	0.000862837319802062	-0.00283893194501804
2512.4104	0.000846500717432604	-0.00254492721657851
2239.2869	0.000830807081533984	-0.00227951808347895
1995.6381	0.000818598244523504	-0.00204115767119453
1778.2897	0.000807058879510011	-0.0018286390482034
1584.4927	0.000795354362577271	-0.00163992601154644
1412.7418	0.000780219544230132	-0.00146876130170678
1258.7905	0.00077407056582006	-0.00131952198854958
1121.7966	0.000764904486454409	-0.00118292390517022
999.68164	0.000756380139414385	-0.00105808239694917
891.42474	0.000747588280344873	-0.000952582402094649
794.23932	0.000740885985586814	-0.000853907065318764
707.96161	0.000734150977616567	-0.000765550958910263
631.00977	0.0007268386664011	-0.000688388471259763
562.33929	0.000719143624422706	-0.000613099746934403
501.12231	0.000713822825391662	-0.000550828756207127
446.57214	0.000710487879376153	-0.000494074105311488
398.08899	0.000706072484290218	-0.000441397552256645
354.88681	0.000700119623476121	-0.000392905228558355
316.31589	0.000698149006303719	-0.000351522540269525
281.8942	0.000695063108933645	-0.000311563469425016
251.20601	0.000690541943137396	-0.000277152165014692
223.92496	0.000687904010358666	-0.000243746159262944
199.55338	0.000686840576130962	-0.000216746458197527
177.78128	0.000685936346664404	-0.00018991067663371
158.52898	0.000685357163069618	-0.000163454857565995
141.21979	0.000686418548816525	-0.000143743980414859
125.92673	0.000686789500177345	-0.000124258379646374
112.19009	0.000687656694912552	-0.000107724687653331
99.968163	0.000690971381837523	-8.96437624647067e-05
89.115646	0.000691241403554775	-7.64584479808257e-05
79.415741	0.000695300386860358	-6.17507953441979e-05
70.793182	0.000695944643407652	-4.89278437479995e-05
63.082279	0.000697948643311938	-4.05832475381013e-05
56.241825	0.000701677894883238	-3.25675516289705e-05
50.112232	0.000705969163188114	-2.32573347361719e-05
44.671223	0.000707012729100803	-1.68075136211682e-05
39.808899	0.00071193004359546	-1.10799728715556e-05
35.488308	0.000714497033692722	-8.00001779080832e-06
31.629578	0.000716393566868885	-3.39125247826886e-06
28.187037	0.000718492238329142	1.10833417741143e-06
25.120602	0.000723396997724333	4.2420610403023e-06
22.385418	0.000725173562951618	7.93976012333744e-06
19.955338	0.0007311773410496	8.92567112005247e-06
17.775894	0.000732264224111711	1.20126764099175e-05
15.846864	0.000734005899363491	9.9935911230513e-06
14.127493	0.000736176448419106	1.47423575077481e-05
12.587309	0.000738049706253142	1.52889787310165e-05
11.216775	0.000741707402040658	1.42160354359393e-05
9.9968166	0.000743314200899277	1.44245104666719e-05
8.9082127	0.00074557374005477	1.51877299752536e-05
7.9395623	0.000745451106455368	1.64088570309591e-05
7.0765615	0.000749189665157956	1.80871954444897e-05
6.3105822	0.000749743536044729	1.47724601790788e-05
5.6245475	0.000751777143967969	1.61564551843166e-05
5.0112233	0.000753522728127676	1.7259042734659e-05
4.4642835	0.000753565923512342	1.86329368324452e-05
3.9819033	0.000755386982901326	1.84348316840315e-05
3.5479143	0.000757430031430882	1.71741785503438e-05
3.1629577	0.000760423843445755	1.84753042810055e-05
2.818361	0.000759581166882516	1.67441389355677e-05
2.5112481	0.000759863388069676	1.57791035586769e-05
2.2398233	0.000760591186680538	1.76456860576381e-05
1.9950197	0.000759929875397447	1.70881352524394e-05
1.7775893	0.000762087228629179	1.59035548408615e-05
1.5846864	0.000765292633362881	1.84276006872658e-05
1.4122353	0.000764017589740754	1.93040231559473e-05
1.2582541	0.000765801846710179	1.77841532827554e-05
1.1224822	0.000768005564999589	1.99373829743705e-05
1.0000616	0.000769398060010824	1.91591246549041e-05
0.89082122	0.000768328705211639	2.04641927617941e-05
0.79444051	0.000769047942347364	2.09020606285594e-05
0.70784986	0.000771889096444877	2.24811215731304e-05
0.63126236	0.000774067237757257	2.17491146875558e-05
0.562536	0.000776225866136547	2.14208960246691e-05
0.50118715	0.000775354440178051	2.40127250929973e-05
0.44642836	0.000778495526436238	2.57298026701757e-05
0.39821118	0.000780696548146079	2.66150566909655e-05
0.35475865	0.000780247785991089	2.78605615268531e-05
0.31619295	0.000782664112921974	2.87791693775469e-05
0.2819173	0.00078563565395289	2.89629063403057e-05
0.25117323	0.000784761637048849	2.89448599517284e-05
0.22391155	0.000788355148500535	3.02185601468644e-05
0.19957349	0.000789669286890324	3.09446348629341e-05
0.17779917	0.000791362550628783	3.43385556554415e-05
0.15846863	0.000793756370739869	3.65100783818182e-05
0.14123619	0.000796312315236601	3.72829742219527e-05
0.12590662	0.000799752125543078	3.9953190305083e-05
0.1122199	0.000800468569941223	4.09227574237512e-05
0.10002181	0.00080443670753936	4.27712864737993e-05
