10002.226	0.00117583004045277	-0.00958727569878545
8914.9326	0.00113460208988797	-0.00858277803653193
7943.9951	0.00109756019107165	-0.00768231415860929
7081.583	0.00106239972426867	-0.00687766836067514
6307.7358	0.00103035462921999	-0.00615459737158665
5622.5879	0.00100012817998176	-0.00551109215373689
5011.603	0.000971203781030583	-0.00493402777875863
4466.4292	0.000946638128902966	-0.00441853242989618
3981.2773	0.000921744751201459	-0.00395461613793619
3548.8679	0.000902183897281738	-0.00354212773392427
3163.0398	0.000882083446152132	-0.00317088069139393
2819.0986	0.00086184444469176	-0.00283860104424947
2512.4104	0.000847591604380115	-0.00254528059311153
2239.2869	0.000832755171865738	-0.00227984209556859
1995.6381	0.000819953102807519	-0.00204047525958983
1778.2897	0.000808992795282822	-0.00182919773173825
1584.4927	0.000796561298875107	-0.00163736842864706
1412.7418	0.000782123447475165	-0.00146785255560929
1258.7905	0.000776510419814818	-0.00131945515089047
1121.7966	0.000763607418637482	-0.00118217236638586
999.68164	0.000756139594148771	-0.00106007353918245
891.42474	0.000748963461726402	-0.000951432097400909
794.23932	0.00074091484825474	-0.00085541987491852
707.96161	0.000733260634205266	-0.000764820868918004
631.00977	0.000725701833626365	-0.000687548163582855
562.33929	0.000719936696100561	-0.000613545353765539
501.12231	0.000716476089643361	-0.000551083463753207
446.57214	0.00070844726994564	-0.000492262274445339
398.08899	0.000703288371305437	-0.000439745952164269
354.88681	0.000699364981659209	-0.000394426907670704
316.31589	0.000697170073509809	-0.000348725031274051
281.8942	0.000692471628583202	-0.000312353397520329
251.20601	0.000687242875156499	-0.000275464519780863
223.92496	0.000688565086638761	-0.000243956175276679
199.55338	0.000687880487101777	-0.000217347762919847
177.78128	0.000686317331869218	-0.000187438960155146
158.52898	0.000686325007274288	-0.000164060127349788
141.21979	0.00068619976373197	-0.00014478773977295
125.92673	0.000685290699837029	-0.000123267546591869
112.19009	0.000687292767742605	-0.000108369194105095
99.968163	0.000690892132441502	-9.15302624713518e-05
89.115646	0.000691683419651975	-7.79215970257644e-05
79.415741	0.000693478079632509	-6.26964397430214e-05
70.793182	0.00069363433366399	-4.99584009136314e-05
63.082279	0.000698439823736916	-4.03251113718609e-05
56.241825	0.00070228235790993	-3.04902110200264e-05
50.112232	0.000704637534895564	-2.36610958065829e-05
44.671223	0.000707646902521541	-1.98540671380646e-05
39.808899	0.000712806415910909	-1.28703381598805e-05
35.488308	0.000716250561982656	-7.75201481782059e-06
31.629578	0.000717705711169201	-1.54708932641576e-06
28.187037	0.000719195168014929	1.48402018767592e-06
25.120602	0.000724354323056489	5.12084729379234e-06
22.385418	0.000727621952049094	7.3316621103545e-06
19.955338	0.000729821967605348	8.7504545414135e-06
17.775894	0.000731472916390868	1.17714210948238e-05
15.846864	0.000735388623534181	8.97239254595229e-06
14.127493	0.000739539179455419	1.45721665528077e-05
12.587309	0.000738605263882576	1.27835211100226e-05
11.216775	0.000739306622039041	1.3440280212628e-05
9.9968166	0.000740911663140294	1.35684167590793e-05
8.9082127	0.000745086408664956	1.44485419634797e-05
7.9395623	0.00074654701309188	1.780763767391e-05
7.0765615	0.000746907407011336	1.77735524726802e-05
6.3105822	0.000749725057953925	1.66355901178327e-05
5.6245475	0.000750756950138117	1.43518183343935e-05
5.0112233	0.000752196487072797	1.81843675653714e-05
4.4642835	0.00075459137684028	1.56773783824828e-05
3.9819033	0.000754545484285202	1.54487599022759e-05
3.5479143	0.000755474106482264	1.80615202039713e-05
3.1629577	0.000758775896222861	1.60394427930192e-05
2.818361	0.00076006771686848	1.73585036701399e-05
2.5112481	0.000759388235985792	1.63829044821876e-05
2.2398233	0.000759981472224582	1.77914968270448e-05
1.9950197	0.000761930241584165	1.73731206733576e-05
1.7775893	0.000762459858187453	1.75676988084944e-05
1.5846864	0.000764489182628748	1.7850612135367e-05
1.4122353	0.000766546205831325	1.68540461484637e-05
1.2582541	0.000765258872557413	1.94319959893002e-05
1.1224822	0.000766874032050479	2.03476775845804e-05
1.0000616	0.000769240322581618	2.14242050237521e-05
0.89082122	0.000768718200744048	2.15533251748484e-05
0.79444051	0.000769060567599041	2.10607449726103e-05
0.70784986	0.000770785757474738	2.1230228652162e-05
0.63126236	0.000775590221309383	2.25754502452501e-05
0.562536	0.000773690083547752	2.21875395253107e-05
0.50118715	0.000776811273582505	2.28361171673423e-05
0.44642836	0.000779408566855693	2.42943383602693e-05
0.39821118	0.000781345489035865	2.66524378305009e-05
0.35475865	0.000781055636443899	2.42895600145713e-05
0.31619295	0.000782860820217884	2.68055013927679e-05
0.2819173	0.000784172176243624	2.97362505623356e-05
0.25117323	0.00078647506231056	2.94409343681861e-05
0.22391155	0.000788600770702506	3.17349172349148e-05
0.19957349	0.000790498513684014	3.18688123607782e-05
0.17779917	0.000792670725187098	3.28653573867173e-05
0.15846863	0.000794562203412301	3.6024912447678e-05
0.14123619	0.000795905471829465	3.75788573200816e-05
0.12590662	0.00079922259172944	3.8147945566815e-05
0.1122199	0.000800455471436706	4.12132001700548e-05
0.10002181	0.000802648365580139	4.20849799508679e-05
