10002.226	0.00117520925958976	-0.00958757346708657
8914.9326	0.00113497118069939	-0.00858377118269919
7943.9951	0.00109661066526491	-0.00768246136762399
7081.583	0.00106341450887408	-0.00687850203363889
6307.7358	0.00103098157889478	-0.00615310248180231
5622.5879	0.000998054061468101	-0.00551056112759101
5011.603	0.000969487405679305	-0.00493512112407583
4466.4292	0.000946924896996242	-0.0044145093642996
3981.2773	0.000922879055604642	-0.00395752751152465
3548.8679	0.00089973904683425	-0.00354130294228557
3163.0398	0.000882185076011854	-0.00317075368654711
2819.0986	0.000864888597182432	-0.00283983034167646
2512.4104	0.000847779569699702	-0.00254261692583456
2239.2869	0.000831533830781996	-0.00227820216478333
1995.6381	0.000819025141352565	-0.00204284906148264
1778.2897	0.000806063948466446	-0.00182977806322708
1584.4927	0.000792478809536321	-0.00163971108939191
1412.7418	0.000782802595318259	-0.00146991816156115
1258.7905	0.000774138025788472	-0.00131905672908556
1121.7966	0.000764661387701914	-0.00118138384570939
999.68164	0.000756582853643367	-0.0010591864539067
891.42474	0.000746349889824625	-0.000950525151466014
794.23932	0.000742097291970217	-0.000853323082807449
707.96161	0.000732232574678211	-0.000763377897227619
631.00977	0.000726713263175124	-0.000688332160125719
562.33929	0.000719909699239209	-0.000613428773456617
501.12231	0.000714637061209596	-0.000550192194024784
446.57214	0.000709041161393595	-0.000492015609399614
398.08899	0.000704746275257396	-0.000442435172712177
354.88681	0.000697228990815344	-0.000394083085160129
316.31589	0.000698811754384385	-0.000349163502674133
281.8942	0.000692929056246596	-0.000311734533131629
251.20601	0.00068941837414892	-0.000276762028012014
223.92496	0.000688358129507684	-0.00024439021209211
199.55338	0.000688196681972386	-0.000217807181081043
177.78128	0.000686279462552314	-0.000189474948509471
158.52898	0.000684862325474724	-0.000165055158843045
141.21979	0.000684233493566525	-0.000144500916995038
125.92673	0.000686826255894627	-0.000124610405827019
112.19009	0.000689072051742262	-0.0001078748327154
99.968163	0.000690022790277176	-8.88564658121069e-05
89.115646	0.000692808068998649	-7.7412137037086e-05
79.415741	0.000693947477658035	-6.22834949426223e-05
70.793182	0.000696448742225547	-5.15177719097568e-05
63.082279	0.000699911501758749	-4.31684427828878e-05
56.241825	0.000704498642137543	-3.29739192453761e-05
50.112232	0.00070598439743426	-2.27363298775375e-05
44.671223	0.000704758747239673	-1.84108514984255e-05
39.808899	0.000712804447743592	-1.15802715421558e-05
35.488308	0.000715333390740784	-6.73232076920631e-06
31.629578	0.000717567156107058	-1.88257541936974e-06
28.187037	0.000718866408960832	2.00389800033457e-07
25.120602	0.000724560566805191	4.00108466109043e-06
22.385418	0.000725596447000499	5.9795281241331e-06
19.955338	0.00072932851959664	8.87963566287379e-06
17.775894	0.000733901254750043	1.32840299687541e-05
15.846864	0.000732153275911969	1.15156803097401e-05
14.127493	0.000735789127460163	1.41266957863876e-05
12.587309	0.000737478544724829	1.32655757174794e-05
11.216775	0.000741132604839794	1.38375786262984e-05
9.9968166	0.000742833819790436	1.39107702132571e-05
8.9082127	0.000745933672093429	1.62526452799925e-05
7.9395623	0.000745636791506632	1.59882777728377e-05
7.0765615	0.00074902176343857	1.89780212118529e-05
6.3105822	0.000749676996701585	1.77074858525525e-05
5.6245475	0.000750822710478724	1.76922188570233e-05
5.0112233	0.000753091153965556	1.66564356918716e-05
4.4642835	0.000754662936361067	1.56410468966947e-05
3.9819033	0.00075431492683692	1.81883908990805e-05
3.5479143	0.000757806285580044	1.6782772370503e-05
3.1629577	0.000758765115847435	1.83275017210636e-05
2.818361	0.000759402532625154	1.60669581845777e-05
2.5112481	0.000759273218369545	1.57021022107269e-05
2.2398233	0.000759886328680852	1.71003020715936e-05
1.9950197	0.000760516282466854	1.5660125326256e-05
1.7775893	0.000762776879879605	1.89152209637959e-05
1.5846864	0.000764571777667099	1.94171076050938e-05
1.4122353	0.000762830028707533	2.03413232922657e-05
1.2582541	0.000766116242934382	1.90698552023151e-05
1.1224822	0.00076949176725376	2.10159059947003e-05
1.0000616	0.000768773674294779	2.03538670684673e-05
0.89082122	0.000770561344820787	1.98553616649883e-05
0.79444051	0.000772200796251208	2.21839901596877e-05
0.70784986	0.000773072836726485	2.07982062550241e-05
0.63126236	0.000776536769652943	2.36889635284971e-05
0.562536	0.000776147855055998	2.35127162565592e-05
0.50118715	0.000777415032870583	2.2994763682221e-05
0.44642836	0.000777189561447347	2.76839438898144e-05
0.39821118	0.00078016751892491	2.51844129434591e-05
0.35475865	0.000780609172479457	2.50921353532649e-05
0.31619295	0.000783034933427732	2.79304136832682e-05
0.2819173	0.000785268596336968	2.88988565627453e-05
0.25117323	0.000786185484036937	2.85381215226213e-05
0.22391155	0.00078816182816109	3.18313922483236e-05
0.19957349	0.000790353526943482	3.26002496853319e-05
0.17779917	0.000790867708572079	3.4004464517503e-05
0.15846863	0.000794588714506347	3.52213356790645e-05
0.14123619	0.000796379453268496	3.73888605144806e-05
0.12590662	0.000797614939168808	4.03773858854186e-05
0.1122199	0.00080276738825238	4.19037468668634e-05
0.10002181	0.00080311537024961	4.29431690572371e-05
