10002.226	0.00117558740017714	-0.00958852962430255
8914.9326	0.00113513347433678	-0.00858249811177207
7943.9951	0.00109596410869569	-0.00768139885459763
7081.583	0.00106302020633993	-0.00687757312971231
6307.7358	0.00103042357027662	-0.00615282165758356
5622.5879	0.000999740509707058	-0.00551064428901525
5011.603	0.000970901764264461	-0.00493371993723476
4466.4292	0.000946384742001766	-0.00441560968874636
3981.2773	0.000922936357986176	-0.00395480343709921
3548.8679	0.000901150816907741	-0.00354061353339635
3163.0398	0.000882649960361382	-0.00317279461548166
2819.0986	0.000864415685974252	-0.0028402023778487
2512.4104	0.000848047171764553	-0.00254237648419863
2239.2869	0.000832677673399254	-0.00228112861454285
1995.6381	0.000821190969960987	-0.00204182532904275
1778.2897	0.000807655580228077	-0.00183143986643509
1584.4927	0.000795183100910484	-0.00163942614897196
1412.7418	0.000782357760717617	-0.00146956031762643
1258.7905	0.000774198551148585	-0.00131750612931686
1121.7966	0.0007636267677663	-0.00118213091395285
999.68164	0.00075593655636785	-0.00105865161472984
891.42474	0.000749257864646687	-0.000951914832977952
794.23932	0.000739045744745271	-0.000854513454298497
707.96161	0.000733772780961686	-0.000765136024600255
631.00977	0.00072587375858025	-0.000686964558936912
562.33929	0.000721323500112219	-0.000613298251366001
501.12231	0.000716366465657966	-0.000549924190520052
446.57214	0.000707692185376069	-0.00049266633283541
398.08899	0.000702772163509005	-0.000440661281880065
354.88681	0.00069984020649815	-0.000393859994017783
316.31589	0.000696524095878481	-0.000348737000951707
281.8942	0.000692931576135026	-0.000313145364294483
251.20601	0.000687425906135716	-0.000276236251040486
223.92496	0.00068827991849278	-0.000244105707979681
199.55338	0.000687241403739136	-0.000214416316528104
177.78128	0.000684987398193587	-0.000188176023560267
158.52898	0.00068683829836009	-0.000165164736406337
141.21979	0.000686643529473425	-0.000142440932899652
125.92673	0.000687151000387256	-0.000123535070653386
112.19009	0.000689789210816709	-0.000107379832133079
99.968163	0.000690729953193709	-9.04545183251495e-05
89.115646	0.000694482906620406	-7.79919108508506e-05
79.415741	0.000694233047652097	-6.39632387640131e-05
70.793182	0.00069620577836235	-5.10916197718962e-05
63.082279	0.000697299809334796	-4.14967252766128e-05
56.241825	0.000704387311414218	-3.17290481379417e-05
50.112232	0.000705452587565986	-2.42998858999689e-05
44.671223	0.000709870533051643	-1.91720403771184e-05
39.808899	0.000710966887923936	-1.51536112219736e-05
35.488308	0.000715778101779939	-8.55652029717853e-06
31.629578	0.000716879966809425	-2.83098864503739e-06
28.187037	0.000721245173831664	7.0784361306571e-07
25.120602	0.000723728238100078	5.31065282847409e-06
22.385418	0.000726816936809728	6.19643452473294e-06
19.955338	0.00072868247440262	9.39113950921988e-06
17.775894	0.000732781972167508	1.09421235795807e-05
15.846864	0.000734355769758427	9.88029349057111e-06
14.127493	0.000738032585000064	1.37309966114658e-05
12.587309	0.000737189259116461	1.32205616662685e-05
11.216775	0.000739951398911322	1.39263607936313e-05
9.9968166	0.000742561316472103	1.39765222791741e-05
8.9082127	0.000746130510970677	1.55145624740082e-05
7.9395623	0.000744842705916038	1.54883242266819e-05
7.0765615	0.000749170395828489	1.87558981003159e-05
6.3105822	0.000749167759164229	1.6956039351279e-05
5.6245475	0.000750241049182772	1.57855137009222e-05
5.0112233	0.000753229424848045	1.71160416564036e-05
4.4642835	0.000753382437882781	1.50643849623479e-05
3.9819033	0.00075559525192555	1.66631246950279e-05
3.5479143	0.000755910972302255	1.93853447058269e-05
3.1629577	0.000757709261574698	1.86183460223421e-05
2.818361	0.000759309437075169	1.630318519481e-05
2.5112481	0.000760135868359299	1.47944206055288e-05
2.2398233	0.00075989381423586	1.84736193766023e-05
1.9950197	0.000761495525689582	1.6995368254706e-05
1.7775893	0.000764144384087	1.71616527128265e-05
1.5846864	0.0007656082765097	1.76533835607234e-05
1.4122353	0.000764422097824089	1.89120553239524e-05
1.2582541	0.000766736952135082	1.89464095939273e-05
1.1224822	0.000768469537447928	1.82099281884424e-05
1.0000616	0.00076897167280323	2.00092819111937e-05
0.89082122	0.000770395945403005	2.06741850017859e-05
0.79444051	0.000770425664995543	2.07190420284338e-05
0.70784986	0.000772284248046448	2.24324946033673e-05
0.63126236	0.000773658570273721	2.13116963822141e-05
0.562536	0.000774113413208784	2.07767171925324e-05
0.50118715	0.000776983754141695	2.66119141662518e-05
0.44642836	0.000777955440032783	2.47471285174566e-05
0.39821118	0.000779734346938182	2.56604596352604e-05
0.35475865	0.00078102753516234	2.82486222059899e-05
0.31619295	0.000783714224611706	2.674423651492e-05
0.2819173	0.000783311788456885	2.89675670593923e-05
0.25117323	0.000785530027894456	2.95750506253159e-05
0.22391155	0.000788542506139331	3.03924625054217e-05
0.19957349	0.000790698533546362	3.12923225743031e-05
0.17779917	0.000791901242422712	3.3158037757713e-05
0.15846863	0.000792933998915936	3.49777146785313e-05
0.14123619	0.000795042144562626	3.63870723821481e-05
0.12590662	0.000797555017024413	3.81153645994273e-05
0.1122199	0.000801957235550484	4.14626849379227e-05
0.10002181	0.000804211983067372	4.19901187074e-05
