10002.226	0.00119131822736336	-0.00954523457445069
8914.9326	0.00115005833576643	-0.0085443495473771
7943.9951	0.00111038884728377	-0.00764658148927794
7081.583	0.00107678982065794	-0.00684527934613833
6307.7358	0.00104376125757157	-0.00612869549418108
5622.5879	0.00101265239706185	-0.00548599983872069
5011.603	0.000985508444980241	-0.00491035842520927
4466.4292	0.000960750586944035	-0.0043960437983888
3981.2773	0.000936506909227819	-0.00393814513057791
3548.8679	0.000914850427786387	-0.00352609433876934
3163.0398	0.000896046677572028	-0.00315852349893431
2819.0986	0.000877216138402857	-0.00282638672509895
2512.4104	0.000863139794289283	-0.00253247511943571
2239.2869	0.000847288879626682	-0.00226859429233928
1995.6381	0.000831019776826079	-0.002033787684284
1778.2897	0.000821401746008107	-0.00182072890244793
1584.4927	0.00081021975031322	-0.00163123243530029
1412.7418	0.000796538656312629	-0.00146347184362549
1258.7905	0.000786815037930005	-0.0013118577493718
1121.7966	0.00077845399466225	-0.00117772628330341
999.68164	0.000770195215864667	-0.00105450072306496
891.42474	0.000762940768521593	-0.000945018609085954
794.23932	0.000753716087561535	-0.000850051740868434
707.96161	0.000746755364705978	-0.000760363802608919
631.00977	0.00073922922921752	-0.000685117813201824
562.33929	0.000734884076025813	-0.000611812178263256
501.12231	0.000728995313582343	-0.000549732705211511
446.57214	0.000723317153651608	-0.000490902050700439
398.08899	0.000718354761776671	-0.000438606876057621
354.88681	0.000713685831094022	-0.00039302188750739
316.31589	0.00071056100510874	-0.000347277843313906
281.8942	0.000706615463951145	-0.00031115476271251
251.20601	0.000702548306963488	-0.00027761080280188
223.92496	0.000702617775887623	-0.000243355560013996
199.55338	0.000701150447662936	-0.000215101477994592
177.78128	0.000701688431857604	-0.000187441556903024
158.52898	0.000699408562335729	-0.000163442029864809
141.21979	0.000699199754560236	-0.000143560097066039
125.92673	0.00070133290830681	-0.000123328442569551
112.19009	0.000701013685661428	-0.000107306485075609
99.968163	0.000706585810524796	-8.98764578705674e-05
89.115646	0.000706501913139332	-7.58213144155421e-05
79.415741	0.000710275718804934	-6.36649433107372e-05
70.793182	0.000709535597730865	-5.02529131982574e-05
63.082279	0.000712518716820443	-3.97766595637462e-05
56.241825	0.000717831057760263	-3.17993244794322e-05
50.112232	0.000719656959592422	-2.2085121750712e-05
44.671223	0.000721898521374245	-1.55988418439229e-05
39.808899	0.000725407405937218	-1.41262881127812e-05
35.488308	0.000730152738016996	-7.19642447190718e-06
31.629578	0.000731637550472365	-7.96412434796825e-07
28.187037	0.000733174755367738	2.64649812688021e-06
25.120602	0.000736888320682982	5.6234834600981e-06
22.385418	0.000738696964036466	6.94186569734305e-06
19.955338	0.00074242603854366	8.46744940593216e-06
17.775894	0.000746238555825186	1.07508673120863e-05
15.846864	0.000747046193168271	1.10706878838936e-05
14.127493	0.000751567997900066	1.28123887746493e-05
12.587309	0.000752900841979493	1.3063472759529e-05
11.216775	0.000755032730528135	1.4324316364004e-05
9.9968166	0.0007572611590548	1.32529560168129e-05
8.9082127	0.000756623205638135	1.49338644386936e-05
7.9395623	0.000762403939868611	1.6668984114581e-05
7.0765615	0.00076284658363326	1.76690476357e-05
6.3105822	0.000762696180744895	1.72281064642458e-05
5.6245475	0.000764750736124574	1.60275487529744e-05
5.0112233	0.000766075010529125	1.83466268640513e-05
4.4642835	0.000766797463969305	1.76886562182315e-05
3.9819033	0.000770218574648235	1.52424009630623e-05
3.5479143	0.000768983754982264	1.65609916470334e-05
3.1629577	0.00077317641093799	1.77229179796021e-05
2.818361	0.000773604879124866	1.80703739550142e-05
2.5112481	0.000772405717483418	1.66897569974982e-05
2.2398233	0.000774513435734285	1.77015960552222e-05
1.9950197	0.000775133248673348	1.63715395029088e-05
1.7775893	0.000777818572529951	1.96815060289418e-05
1.5846864	0.000778516258738423	1.69700477141138e-05
1.4122353	0.000779509140063711	1.85198992072455e-05
1.2582541	0.000782494725069931	2.10746523463456e-05
1.1224822	0.000780798244557339	1.94659316140103e-05
1.0000616	0.000781283936569087	1.94836405507628e-05
0.89082122	0.000785533606332407	1.9733795828088e-05
0.79444051	0.000786061817091832	2.17590184249959e-05
0.70784986	0.000787721009618803	2.16776683044112e-05
0.63126236	0.000787533397055736	2.24880117113474e-05
0.562536	0.000790292426307577	2.26124144732035e-05
0.50118715	0.00079056904394219	2.56739646234167e-05
0.44642836	0.000792299897086585	2.52627974218182e-05
0.39821118	0.000795592299952981	2.47709368821081e-05
0.35475865	0.000793474256263982	2.71575917677454e-05
0.31619295	0.000796317300781444	2.79570030173735e-05
0.2819173	0.000797345373402974	2.91261186766158e-05
0.25117323	0.000800801886134896	2.95006902628653e-05
0.22391155	0.000803897684790253	3.19190772806753e-05
0.19957349	0.000803356441132079	3.21291868611423e-05
0.17779917	0.00080684917192823	3.40003413704061e-05
0.15846863	0.000807260896190508	3.54754419172639e-05
0.14123619	0.000811137430360855	3.69308871303335e-05
0.12590662	0.000813862490329053	3.84308082746285e-05
0.1122199	0.000814196805516835	3.89943576602037e-05
0.10002181	0.000817348529375482	4.29195160388573e-05
