10002.226	0.00118952612571672	-0.00954479741805834
8914.9326	0.00114732640877463	-0.00854305413059282
7943.9951	0.0011077063835153	-0.00764764926735165
7081.583	0.00107520256323705	-0.00684718891454249
6307.7358	0.00104471792270757	-0.00612637369106646
5622.5879	0.00101282238776995	-0.00548423680122695
5011.603	0.000986429098168148	-0.00491314052737214
4466.4292	0.000960832764253215	-0.00439578418566294
3981.2773	0.000937613025844785	-0.00393698129490125
3548.8679	0.000913768165502074	-0.0035251326044879
3163.0398	0.000896263022808733	-0.00315751576962742
2819.0986	0.000877219501310893	-0.00282624728564649
2512.4104	0.000862606878751704	-0.00253141524021228
2239.2869	0.000846004754062341	-0.00226835102530599
1995.6381	0.00083234355847586	-0.00203238850658859
1778.2897	0.000822752624769277	-0.00182145005150916
1584.4927	0.000809002949565408	-0.00163213812323056
1412.7418	0.000796159254366597	-0.0014631644290296
1258.7905	0.000788741418307163	-0.00131323403233181
1121.7966	0.000778055706837497	-0.00117600432234205
999.68164	0.000770508155760538	-0.00105337228364448
891.42474	0.000762426582215913	-0.000948149193853003
794.23932	0.000756299694610833	-0.000850607675006167
707.96161	0.000747346188620499	-0.000761780576213367
631.00977	0.000740633137014028	-0.000684702951901132
562.33929	0.000734869681014026	-0.000612450557887863
501.12231	0.000728781561856793	-0.000548343080628624
446.57214	0.000723055223574442	-0.000489150072994463
398.08899	0.000717733157018246	-0.000437701822942803
354.88681	0.00071372259478179	-0.000392850600846025
316.31589	0.000709807666571893	-0.000348610645291715
281.8942	0.000707741569032242	-0.000310454501670743
251.20601	0.000701779329019792	-0.000274732250993237
223.92496	0.000702135970557266	-0.000243440258042131
199.55338	0.000700424582976311	-0.000216363223924779
177.78128	0.000699374820641861	-0.000186928358325631
158.52898	0.000701584243165366	-0.000164635614906375
141.21979	0.000699602561496334	-0.000143254884594545
125.92673	0.000700982733448346	-0.000122397320510263
112.19009	0.000702298762676196	-0.000106717614400277
99.968163	0.000702730736816578	-8.88461944516285e-05
89.115646	0.00070758735310394	-7.68415322360084e-05
79.415741	0.000709532780176652	-6.32286674520031e-05
70.793182	0.000709153773281603	-5.06871167921632e-05
63.082279	0.000713047673474898	-3.94958053312909e-05
56.241825	0.000717284854223269	-3.20545795362181e-05
50.112232	0.000720213419647524	-2.33864412540053e-05
44.671223	0.000720957504323745	-1.65676104104014e-05
39.808899	0.000724230011249276	-1.37382351312926e-05
35.488308	0.000730093896101714	-7.43460441816901e-06
31.629578	0.000732596727714549	-4.3680980874942e-06
28.187037	0.000733596723983578	2.13505912421365e-06
25.120602	0.000738459973592782	4.9827051066673e-06
22.385418	0.000739105891061825	8.13019054903531e-06
19.955338	0.000743115649126629	8.61833904373357e-06
17.775894	0.000747322704102577	9.88035851859062e-06
15.846864	0.000749188053959562	9.63170555369953e-06
14.127493	0.000751818443471503	1.20986544716003e-05
12.587309	0.000753720902553952	1.38902407555447e-05
11.216775	0.00075499427083767	1.40080474686472e-05
9.9968166	0.000757183206827589	1.35677226619255e-05
8.9082127	0.000758016483307798	1.48982540156963e-05
7.9395623	0.0007605387173415	1.64839572034744e-05
7.0765615	0.00076208831449309	1.69065623636577e-05
6.3105822	0.000763304340923577	1.67890639937926e-05
5.6245475	0.000765946789397191	1.55863092593924e-05
5.0112233	0.000769207656310097	1.73897652505161e-05
4.4642835	0.000770080541595533	1.72656812509277e-05
3.9819033	0.000767750119743574	1.63395479267137e-05
3.5479143	0.000770618492757668	1.71822849992018e-05
3.1629577	0.00077177605034068	1.87305658156622e-05
2.818361	0.000772299841627268	1.84640111300208e-05
2.5112481	0.000772491415754617	1.68987168827108e-05
2.2398233	0.000773554252155739	1.7724567681767e-05
1.9950197	0.000775131669086697	1.68100110535102e-05
1.7775893	0.000776677928568681	1.74982973965813e-05
1.5846864	0.000778390129414508	1.64752593996913e-05
1.4122353	0.000778967634937725	1.83250851677176e-05
1.2582541	0.000779425146369778	1.90126765112202e-05
1.1224822	0.000780681752607901	1.97639256393444e-05
1.0000616	0.000783972959836288	1.96948328954683e-05
0.89082122	0.000783355186086502	2.04438825520988e-05
0.79444051	0.000788158010396401	2.10713202583168e-05
0.70784986	0.000786744934432758	2.01606633104627e-05
0.63126236	0.000788844319147173	2.23465053382028e-05
0.562536	0.000787972415534006	2.05666362234374e-05
0.50118715	0.000791110251041012	2.29746644275194e-05
0.44642836	0.00079222275212618	2.65567845092328e-05
0.39821118	0.000794234626466776	2.45698412626519e-05
0.35475865	0.000797234467148712	2.63131706480732e-05
0.31619295	0.000795566275837015	2.65804091942251e-05
0.2819173	0.0008000992098836	2.84137704623534e-05
0.25117323	0.000801648361573393	3.03105346558701e-05
0.22391155	0.000801558357170052	3.08501587507505e-05
0.19957349	0.000804327494116084	3.15762615561227e-05
0.17779917	0.000805760175627241	3.39580992381254e-05
0.15846863	0.000807345804169452	3.491290351606e-05
0.14123619	0.000808998580975659	3.74410058162193e-05
0.12590662	0.000812566337522928	3.87545467354862e-05
0.1122199	0.000815150685155019	4.1275804307565e-05
0.10002181	0.000816513989801882	4.28597927424515e-05
