10002.226	0.00118954966030587	-0.00954553436785206
8914.9326	0.00114832511894995	-0.0085429260532009
7943.9951	0.00111257875599786	-0.00764697809083442
7081.583	0.00107792429628822	-0.00684681964963935
6307.7358	0.00104611985657691	-0.00612505910454674
5622.5879	0.00101184389069118	-0.00548503996604396
5011.603	0.000985476879680186	-0.0049138350137403
4466.4292	0.000958747395412446	-0.00439495210594319
3981.2773	0.000936997791863213	-0.00393833610630333
3548.8679	0.000914776719216094	-0.00352888312137069
3163.0398	0.000895939806161353	-0.00315621786432228
2819.0986	0.000875817017034402	-0.00282632273153331
2512.4104	0.000861316678453385	-0.00253210307408502
2239.2869	0.000846318091694219	-0.0022698072807598
1995.6381	0.000835109898047038	-0.00203170397358373
1778.2897	0.000820655327766245	-0.00182241928848535
1584.4927	0.000807739911804505	-0.00163115820313868
1412.7418	0.00079438235531373	-0.00146318867739745
1258.7905	0.000788966244509648	-0.00131281603224768
1121.7966	0.000778808480125289	-0.00117678160248821
999.68164	0.000770364688930925	-0.00105334471964185
891.42474	0.000762177170838047	-0.000945418326671391
794.23932	0.000754857989316092	-0.000850789633385614
707.96161	0.000745440181199174	-0.000761187671857042
631.00977	0.000740034635275677	-0.000682280711644145
562.33929	0.000735305415951101	-0.000614290072337643
501.12231	0.000728233824885066	-0.000549498127957249
446.57214	0.000722235912541303	-0.000487390705249855
398.08899	0.000717597854384442	-0.000437959659362656
354.88681	0.000714135083824225	-0.000392007672941577
316.31589	0.000710371172974837	-0.000347194496604406
281.8942	0.000707020684457811	-0.000311385128510633
251.20601	0.000704756024848662	-0.00027331158840508
223.92496	0.00070092082667586	-0.000242043249576222
199.55338	0.000701061185043607	-0.000214597530835198
177.78128	0.000700933717040003	-0.000187670469040566
158.52898	0.000699463577869781	-0.000162846697879945
141.21979	0.000701593016320233	-0.000143322510009536
125.92673	0.000699744159535666	-0.00012235928742364
112.19009	0.000701632872194654	-0.000108085893606055
99.968163	0.000704696178496109	-9.00313568285202e-05
89.115646	0.000705584050443894	-7.54441360313401e-05
79.415741	0.000707575549157443	-6.26133605715813e-05
70.793182	0.000711639654186991	-5.08543933233923e-05
63.082279	0.000711651638955445	-4.1449036181437e-05
56.241825	0.000717094284147639	-3.06439298942514e-05
50.112232	0.000719651128422517	-2.32880982888705e-05
44.671223	0.000724691893684205	-1.90736714012724e-05
39.808899	0.000725917029890872	-1.37560544530317e-05
35.488308	0.000729696305715373	-7.73234953432023e-06
31.629578	0.000732664422980975	-4.46345326574726e-06
28.187037	0.000735150311249894	-3.341693880863e-07
25.120602	0.000738081772978514	2.78660513199364e-06
22.385418	0.000740115772120749	5.18305010660358e-06
19.955338	0.000743141236107875	9.31153378522756e-06
17.775894	0.000747942878145962	1.2053944810221e-05
15.846864	0.000749683842090866	1.17567806953163e-05
14.127493	0.000752734245279088	1.33351438505291e-05
12.587309	0.000755293916256567	1.25782540238585e-05
11.216775	0.000753229813709837	1.58670781041727e-05
9.9968166	0.000756474837252285	1.34962592050053e-05
8.9082127	0.000758161778659374	1.38008659757851e-05
7.9395623	0.000759858083933242	1.75664333773365e-05
7.0765615	0.000763138734115829	1.63458831736105e-05
6.3105822	0.000763382966305253	1.60869328641445e-05
5.6245475	0.000764830267812651	1.64375154254846e-05
5.0112233	0.000768968891086221	1.6379739836876e-05
4.4642835	0.000768593972421414	1.69897731374562e-05
3.9819033	0.000768923924325567	1.53381417782139e-05
3.5479143	0.000772003201968978	1.89935265992862e-05
3.1629577	0.000772056412075264	1.66377306822383e-05
2.818361	0.000773036653695063	1.93790662161036e-05
2.5112481	0.000773382040146425	1.80531137091422e-05
2.2398233	0.000775459315845427	1.69193831468682e-05
1.9950197	0.000776108017695663	1.66427562012878e-05
1.7775893	0.000776429453601132	1.750434253483e-05
1.5846864	0.000777572337193994	1.80914059610873e-05
1.4122353	0.000779782901245173	1.90471882796729e-05
1.2582541	0.000780846691599495	1.96215183286148e-05
1.1224822	0.000782157654874212	2.14765099709225e-05
1.0000616	0.000782858325454113	2.05870891188573e-05
0.89082122	0.000784256529671535	2.12499004639025e-05
0.79444051	0.000786682686914974	2.07153177027353e-05
0.70784986	0.00078620761346194	2.39418613130518e-05
0.63126236	0.000788636394630485	2.04192195862283e-05
0.562536	0.000789377793461086	1.93466627391785e-05
0.50118715	0.000790930062186631	2.403202029693e-05
0.44642836	0.000792006329639285	2.45336673343077e-05
0.39821118	0.000793032995831899	2.67917858321766e-05
0.35475865	0.000795902699685213	2.61544876863413e-05
0.31619295	0.000797415990991029	2.78443906453466e-05
0.2819173	0.000800436473180136	2.99446605857055e-05
0.25117323	0.000802383708266605	3.01705144806756e-05
0.22391155	0.000803474994345261	3.05632229450853e-05
0.19957349	0.000803241709236022	3.03723380574903e-05
0.17779917	0.000806476872339386	3.51093378166335e-05
0.15846863	0.000809214265916515	3.61282533410532e-05
0.14123619	0.000810486354942449	3.76250638547262e-05
0.12590662	0.000813983360679066	3.92965285643051e-05
0.1122199	0.000815255076375904	4.05143087415079e-05
0.10002181	0.00081659521809459	4.18634195801177e-05
