10002.226	0.00118935638199293	-0.00954336159664922
8914.9326	0.00114765830121383	-0.0085435033171569
7943.9951	0.00111209754931106	-0.00764701425833993
7081.583	0.00107723095486559	-0.00684730876785198
6307.7358	0.00104544635315322	-0.0061271278188795
5622.5879	0.00101236370294278	-0.00548390624137201
5011.603	0.000985252927589976	-0.00490858802953895
4466.4292	0.000961100658725351	-0.00439583534915766
3981.2773	0.000937172213917657	-0.00393601887016767
3548.8679	0.000915179556139123	-0.00352496969128397
3163.0398	0.00089545715825604	-0.00315672893815783
2819.0986	0.000877279140335155	-0.00282665372930221
2512.4104	0.000862350091670762	-0.00253259588022839
2239.2869	0.000846554944646145	-0.00227089636905516
1995.6381	0.00083442540295873	-0.00203162343950196
1778.2897	0.000821215929031342	-0.00182092223834223
1584.4927	0.000810427242167927	-0.00163167989583246
1412.7418	0.000797174892536442	-0.00146531645946122
1258.7905	0.000790113884527051	-0.00131313753918203
1121.7966	0.000779925347558059	-0.00117702420249938
999.68164	0.000769542357017301	-0.00105274689953065
891.42474	0.000762269445392102	-0.000947354537074366
794.23932	0.000754100408296272	-0.000850216117740138
707.96161	0.000748190247250967	-0.000761362932844541
631.00977	0.000738231602704799	-0.000684430023342481
562.33929	0.000734928938865647	-0.00061215422557253
501.12231	0.000727503146374225	-0.000548409066131679
446.57214	0.000724057290831857	-0.000489784764498946
398.08899	0.000717845776269191	-0.000440677391727454
354.88681	0.000714864178027677	-0.000392509746073431
316.31589	0.000713856757048585	-0.000346577336818435
281.8942	0.000707226289957666	-0.000310239296671837
251.20601	0.000703303639897575	-0.000275385310889931
223.92496	0.000703818090347264	-0.000241892657324737
199.55338	0.000701550957387393	-0.000215230239659461
177.78128	0.000700748892564365	-0.000186005398879996
158.52898	0.000699353009528039	-0.000163999520568535
141.21979	0.000699887547263161	-0.000141925487116156
125.92673	0.000701348107919951	-0.000122787332859621
112.19009	0.000704243763581901	-0.000107329316405843
99.968163	0.000703774283840101	-8.78023825647351e-05
89.115646	0.000706503443331328	-7.45509231117771e-05
79.415741	0.000710057009364943	-6.22301022878265e-05
70.793182	0.000711344465717148	-5.06146678500335e-05
63.082279	0.000713120419521186	-4.14324432991917e-05
56.241825	0.000719249515813722	-3.29592450135767e-05
50.112232	0.000719861562098509	-2.39131350783513e-05
44.671223	0.000721212704488371	-1.68509138702648e-05
39.808899	0.000724977992733305	-1.26112906041409e-05
35.488308	0.000729365183747756	-8.20739435409557e-06
31.629578	0.000731435445592882	-1.55275542421308e-06
28.187037	0.000733045369174087	9.4267595890691e-07
25.120602	0.000739307311392198	1.95582018398481e-06
22.385418	0.000739580569646426	7.52963690152774e-06
19.955338	0.000741725021921965	7.51863471675359e-06
17.775894	0.000745682503179241	1.22575253364518e-05
15.846864	0.000748463142719742	1.05742023704111e-05
14.127493	0.000750962505093573	1.10367300614294e-05
12.587309	0.000754368307245768	1.35157462428755e-05
11.216775	0.00075502656158594	1.48075711445018e-05
9.9968166	0.000757065615406572	1.20961202623778e-05
8.9082127	0.000757755828741453	1.59387212633076e-05
7.9395623	0.000758719675583377	1.42591439994469e-05
7.0765615	0.000761115005095197	1.8589491508847e-05
6.3105822	0.000764488592817746	1.77096384785901e-05
5.6245475	0.000764539579260209	1.75618594354459e-05
5.0112233	0.000768373807625688	1.84515593103517e-05
4.4642835	0.000767973326380456	1.58861520482262e-05
3.9819033	0.000767605078069046	1.73686080053847e-05
3.5479143	0.000769389200782688	1.75010340060082e-05
3.1629577	0.000771015366040605	1.7051282256384e-05
2.818361	0.000774048214159051	1.69100139319065e-05
2.5112481	0.000772812646288108	1.65525026803179e-05
2.2398233	0.000773696557479661	1.57901471947359e-05
1.9950197	0.000775181325191072	1.72505208192095e-05
1.7775893	0.000776466768756206	1.70085208730813e-05
1.5846864	0.000778871501270692	1.87130401518265e-05
1.4122353	0.000778823220416823	1.76616805718374e-05
1.2582541	0.000779901218073521	1.91521739325061e-05
1.1224822	0.000782434281264236	2.05386014147725e-05
1.0000616	0.000784260420570525	1.98435081099063e-05
0.89082122	0.000785235630859932	1.80640053645542e-05
0.79444051	0.00078783489763905	2.11510871669621e-05
0.70784986	0.000787707093359144	2.01843552701274e-05
0.63126236	0.000786283229963122	2.07871971090497e-05
0.562536	0.000787530367083218	2.27053485675022e-05
0.50118715	0.000791489603910585	2.21552284286121e-05
0.44642836	0.00079303760479903	2.27750175663413e-05
0.39821118	0.000793306498423116	2.51420421927378e-05
0.35475865	0.000795984174777463	2.72074336786246e-05
0.31619295	0.000796811768840747	2.57918065209737e-05
0.2819173	0.000799093334388293	3.04718100861202e-05
0.25117323	0.000800701233350186	2.96973738029957e-05
0.22391155	0.000802634355851743	3.21763634696499e-05
0.19957349	0.000804551701102308	3.1396667121823e-05
0.17779917	0.00080625285177748	3.32251465294941e-05
0.15846863	0.000809005342095288	3.44794249984938e-05
0.14123619	0.00080952464197219	3.75286840768204e-05
0.12590662	0.00081171888563472	3.95922803955646e-05
0.1122199	0.000816756106828144	4.20284796229599e-05
0.10002181	0.000816371729498108	4.32361000975043e-05
