10002.226	0.00118909479946931	-0.00954636073622737
8914.9326	0.00114949038481156	-0.0085425583675504
7943.9951	0.00111126727841891	-0.00764960929520439
7081.583	0.00107729731648143	-0.00684555384395258
6307.7358	0.00104349574877433	-0.00612631265773239
5622.5879	0.00101346098135772	-0.00548537115748321
5011.603	0.0009857070240606	-0.00491213049917923
4466.4292	0.000961201413049183	-0.00439532658611599
3981.2773	0.000937053661155328	-0.00393728629355402
3548.8679	0.000914456147032254	-0.00352486362665681
3163.0398	0.000895927488901642	-0.00315821104984011
2819.0986	0.000877243212660432	-0.00282792233618572
2512.4104	0.000862434942451462	-0.00253189009113521
2239.2869	0.000846997366056191	-0.0022673354348286
1995.6381	0.000832967576413363	-0.00203447600617229
1778.2897	0.000820724917051001	-0.001823449593198
1584.4927	0.000808755891456278	-0.00163179830564832
1412.7418	0.000796466577821551	-0.00146332084187208
1258.7905	0.000788606199350382	-0.00131089919917884
1121.7966	0.000778554208162804	-0.00117782686775293
999.68164	0.000768615473985061	-0.00105506132761285
891.42474	0.000762603754778738	-0.000947167199853543
794.23932	0.000753333533319948	-0.000850964818647548
707.96161	0.000748534497529847	-0.000761979261692853
631.00977	0.000740089614707676	-0.000683559941956514
562.33929	0.000734795517976529	-0.000610705615844836
501.12231	0.000727879318856784	-0.000548937607986325
446.57214	0.000722572825323635	-0.00048938040157649
398.08899	0.000718331098619143	-0.0004387191897773
354.88681	0.000713800618860195	-0.000393879705731694
316.31589	0.000711816900895813	-0.000346427416753918
281.8942	0.000707450162931339	-0.00031177612449029
251.20601	0.000702391583250475	-0.00027495930727402
223.92496	0.000701384758432082	-0.000242494618082517
199.55338	0.000703023273340852	-0.000215302682374842
177.78128	0.000699374476202201	-0.000187846717091115
158.52898	0.000701090911554234	-0.000163702207716231
141.21979	0.00070081885504031	-0.000143395601386889
125.92673	0.000699940597648304	-0.000123180074980089
112.19009	0.000704018129561048	-0.000106769293325537
99.968163	0.000704148191279432	-8.96563189999764e-05
89.115646	0.000706114226669558	-7.55604936837364e-05
79.415741	0.000707844017284807	-6.36438875459349e-05
70.793182	0.000711905924806056	-5.07863249634812e-05
63.082279	0.000712461776623144	-4.10374506370642e-05
56.241825	0.000717452388327008	-3.23063691297774e-05
50.112232	0.000717903069934508	-2.40924687541751e-05
44.671223	0.000721155227308611	-1.78537495142158e-05
39.808899	0.000725293323723709	-1.2978607895204e-05
35.488308	0.00072693646137063	-8.32438264557469e-06
31.629578	0.000730757968849399	-5.77883501935841e-07
28.187037	0.000733865642772965	-8.65593326384744e-07
25.120602	0.0007367413203861	4.67606388435641e-06
22.385418	0.000741153709450676	6.78922214879742e-06
19.955338	0.000742817423852039	8.89929750642533e-06
17.775894	0.000747193127528003	1.00786702558293e-05
15.846864	0.000747806469261718	1.1256186285462e-05
14.127493	0.000751648380593587	1.192642916307e-05
12.587309	0.000752723266567757	1.363572721987e-05
11.216775	0.00075639017649956	1.49980457191759e-05
9.9968166	0.000758088454906551	1.35136045833781e-05
8.9082127	0.000755940759237574	1.64522623820309e-05
7.9395623	0.000761427395688962	1.49466462464638e-05
7.0765615	0.000760732662009968	1.96320952283824e-05
6.3105822	0.0007637615194368	1.72525452593511e-05
5.6245475	0.000766314789488828	1.6780676172912e-05
5.0112233	0.000767274702607968	1.77723456794268e-05
4.4642835	0.000769285174384814	1.57061387729093e-05
3.9819033	0.000767784422447597	1.559162477841e-05
3.5479143	0.000769950552652405	1.81560983490478e-05
3.1629577	0.000772219502255406	1.71300100258049e-05
2.818361	0.000774034961761295	1.67773715711464e-05
2.5112481	0.00077342665777633	1.67430891050139e-05
2.2398233	0.000773851872523472	1.96964736355076e-05
1.9950197	0.000775157779374634	1.70895575219006e-05
1.7775893	0.000776908994353771	1.73710298970019e-05
1.5846864	0.000778546259290485	1.92934337231384e-05
1.4122353	0.000778279824554239	1.75357693065621e-05
1.2582541	0.000780254043118066	1.82594273250259e-05
1.1224822	0.00078156656294009	1.93339746616771e-05
1.0000616	0.000782435206734802	1.88760395759e-05
0.89082122	0.000784964345962679	1.95167043134128e-05
0.79444051	0.000784395290562049	1.87127076300402e-05
0.70784986	0.000786716655093537	2.24902240206852e-05
0.63126236	0.000789235695790743	2.23304457348809e-05
0.562536	0.000790465978054238	2.13816469804255e-05
0.50118715	0.000788999154384445	2.26351492026262e-05
0.44642836	0.00079328259024322	2.19434763660477e-05
0.39821118	0.000795492043754791	2.51433045223223e-05
0.35475865	0.000795758991319764	2.66406857858269e-05
0.31619295	0.000796489881614687	2.75440034361775e-05
0.2819173	0.000799031348755307	2.73915972449774e-05
0.25117323	0.000799534812460484	3.04586768315962e-05
0.22391155	0.000802759242151652	3.1507728011777e-05
0.19957349	0.00080559021150151	2.94078072052172e-05
0.17779917	0.000804388537339596	3.36096158183686e-05
0.15846863	0.000807554292985895	3.39137332002797e-05
0.14123619	0.000810429016432327	3.69139462772736e-05
0.12590662	0.00081412901453488	3.92671034458551e-05
0.1122199	0.000813969450253256	4.01681779121281e-05
0.10002181	0.000816196077525432	4.36164386704437e-05
