10002.226	0.00118959086343924	-0.00954469083148323
8914.9326	0.00114996090377786	-0.00854373964459118
7943.9951	0.00111194761610844	-0.00764771972000257
7081.583	0.00107857588648121	-0.00684520446805141
6307.7358	0.00104458099541754	-0.00612717081446245
5622.5879	0.00101360874453173	-0.0054846933853157
5011.603	0.000984163956499102	-0.00491244810656176
4466.4292	0.000960618847877384	-0.00439622453613348
3981.2773	0.000936976358494726	-0.00393660199560097
3548.8679	0.000914413379782675	-0.00352565896828785
3163.0398	0.00089567981726251	-0.00316068992806975
2819.0986	0.000876956563498167	-0.00282768724525298
2512.4104	0.000860766104474563	-0.00253185086544261
2239.2869	0.000847903890800084	-0.00226901994553439
1995.6381	0.000834286620173519	-0.00203397821613389
1778.2897	0.000823411287043001	-0.00182175007339664
1584.4927	0.00080825734499519	-0.00163125390722144
1412.7418	0.000796344439502776	-0.00146145419635163
1258.7905	0.000788929760115189	-0.00131366044861013
1121.7966	0.000778044788367939	-0.00117870245905061
999.68164	0.000770234841213035	-0.00105375778067525
891.42474	0.000762782109136714	-0.000946862837013978
794.23932	0.000754344433834445	-0.000849855734306756
707.96161	0.000748623275849446	-0.000762169902476996
631.00977	0.000739866750722867	-0.000683227530997908
562.33929	0.000734200266620362	-0.000612339404074419
501.12231	0.000728861131378051	-0.00054883302734397
446.57214	0.000723720998365415	-0.000490007305635934
398.08899	0.000717798327782436	-0.000441707164883487
354.88681	0.000714466353007088	-0.00039118476243165
316.31589	0.000709606468522149	-0.000347034585579488
281.8942	0.000707261368369639	-0.000310507055664912
251.20601	0.000702756035705454	-0.000275064324100995
223.92496	0.00070114759525037	-0.000242053419888467
199.55338	0.000703618664678997	-0.000215814844347962
177.78128	0.000700363490487978	-0.000187969913300701
158.52898	0.000701522045060517	-0.000164727030341812
141.21979	0.000698558264805029	-0.000142579038059262
125.92673	0.000701211368357716	-0.000123337622695579
112.19009	0.000702349757634357	-0.000106532943288212
99.968163	0.000704132884301744	-8.8871800390968e-05
89.115646	0.00070663102809294	-7.71044707969342e-05
79.415741	0.000709872063136324	-6.21719290224945e-05
70.793182	0.00071075830589974	-5.09585775636222e-05
63.082279	0.00071290887686019	-4.19847398088054e-05
56.241825	0.00071737535391026	-3.23248689871659e-05
50.112232	0.000718331833650145	-2.33991971669417e-05
44.671223	0.000722114760592821	-1.76606557601545e-05
39.808899	0.000723324906434715	-1.34000702152151e-05
35.488308	0.000728894337294861	-6.40787417800671e-06
31.629578	0.000730554492197958	-8.43381257090669e-07
28.187037	0.000734676506549282	8.22212589209513e-08
25.120602	0.000736845850750933	4.52509436782337e-06
22.385418	0.00074118434810783	6.78725936489407e-06
19.955338	0.000745449602302809	7.80341622438664e-06
17.775894	0.000747130912765074	1.35144336152243e-05
15.846864	0.000750525252600156	1.05279758299249e-05
14.127493	0.000750121856345211	1.40948974605365e-05
12.587309	0.000752873676881142	1.42076295871494e-05
11.216775	0.000753779330684033	1.53718494900566e-05
9.9968166	0.000756135085171649	1.27127738129851e-05
8.9082127	0.000758395653948811	1.49364983286388e-05
7.9395623	0.000757814127156899	1.64170243461877e-05
7.0765615	0.000761442824493215	1.67151346088123e-05
6.3105822	0.000763426752705561	1.72828382842097e-05
5.6245475	0.000766526869202793	1.61827863132774e-05
5.0112233	0.000767587610049407	1.76995275484328e-05
4.4642835	0.000767709651692401	1.56235349045801e-05
3.9819033	0.00077047764839437	1.64277279867786e-05
3.5479143	0.000769508452914213	1.54340510621405e-05
3.1629577	0.000770853507243556	1.62733857949815e-05
2.818361	0.000774370815457535	1.68289777769496e-05
2.5112481	0.000772188241116914	1.69548404495344e-05
2.2398233	0.000775004066042149	1.59825024626203e-05
1.9950197	0.000776236132739337	1.73064008184115e-05
1.7775893	0.000777255758985199	1.70213790175692e-05
1.5846864	0.000778377792843332	1.790163016488e-05
1.4122353	0.000777899020323154	1.72423219453749e-05
1.2582541	0.000779166800629973	2.01932869117526e-05
1.1224822	0.000781173090843865	1.88996204682842e-05
1.0000616	0.000781057284268402	1.90617296079695e-05
0.89082122	0.000783767170142046	2.03772805499369e-05
0.79444051	0.000785186168689349	2.10419531059572e-05
0.70784986	0.000787202510648748	1.98009088653426e-05
0.63126236	0.000788736140251339	2.43250812530463e-05
0.562536	0.00079020108656867	2.07668808919697e-05
0.50118715	0.000790369404867715	2.26413895125387e-05
0.44642836	0.000793634616379954	2.48461459831838e-05
0.39821118	0.000794133045565748	2.63632766931925e-05
0.35475865	0.000796167048557151	2.58148123444132e-05
0.31619295	0.000797012519445753	2.90352269563441e-05
0.2819173	0.000798141915950544	2.90249074453766e-05
0.25117323	0.000800449293136286	3.07300034875136e-05
0.22391155	0.000803661053129029	3.13392384737274e-05
0.19957349	0.000804149329028346	3.1306539184064e-05
0.17779917	0.000805550937150674	3.42004752938033e-05
0.15846863	0.000805624117701084	3.52557909679539e-05
0.14123619	0.000809032289620135	3.62199649992854e-05
0.12590662	0.000812251969545914	3.85280855847218e-05
0.1122199	0.000813276051952621	3.93896614639735e-05
0.10002181	0.000819193223252531	4.2054679096724e-05
