10002.226	0.00118448294132177	-0.00957356475280308
8914.9326	0.00114404144841061	-0.00856990944436404
7943.9951	0.00110753472795711	-0.00767395307288318
7081.583	0.0010720297459259	-0.00686858052487456
6307.7358	0.00104135419232611	-0.0061451439192507
5622.5879	0.00100809206836789	-0.00550218105124988
5011.603	0.000979841722246965	-0.00492689844613394
4466.4292	0.000956810652417052	-0.0044101983972415
3981.2773	0.000932603442356804	-0.00394980486966869
3548.8679	0.000908847819224492	-0.00353589670010664
3163.0398	0.000888599514051026	-0.00316915852319174
2819.0986	0.000873048776349278	-0.0028360873669547
2512.4104	0.000856037657013156	-0.00253820681028374
2239.2869	0.000842047364617856	-0.00227777879332601
1995.6381	0.000827515717114357	-0.00203931021465116
1778.2897	0.000817405525990334	-0.00182748020660081
1584.4927	0.000803703502261918	-0.00163818936548023
1412.7418	0.000789480444885033	-0.00146814163773022
1258.7905	0.000783060412445548	-0.00131587813806396
1121.7966	0.000772843278803175	-0.00118231584279564
999.68164	0.000765459799909701	-0.00105782226976256
891.42474	0.00075646047772205	-0.00094767687537377
794.23932	0.000750124344947828	-0.000852059546970028
707.96161	0.000740586424174488	-0.000762194739626359
631.00977	0.000733488769179827	-0.000685739593007933
562.33929	0.000727121949985267	-0.000615753832951788
501.12231	0.000722230960742492	-0.000550508509021269
446.57214	0.000718398827390093	-0.000492650722162872
398.08899	0.000711570798086095	-0.000441154620968621
354.88681	0.000709183129221932	-0.000392528296922433
316.31589	0.000705228397572023	-0.000347563633407411
281.8942	0.000701977481377937	-0.000311975407470672
251.20601	0.000697925062477574	-0.000275813987091525
223.92496	0.000696520951876817	-0.000244539156041089
199.55338	0.000696797347728668	-0.000216331022079096
177.78128	0.000695461806921747	-0.000187980389371046
158.52898	0.000696296277274804	-0.000165754026487605
141.21979	0.000695460587942179	-0.000143558529634051
125.92673	0.000696190865283454	-0.000124821777822375
112.19009	0.00069921474168739	-0.000106419215694744
99.968163	0.000699937398163089	-8.90951057897213e-05
89.115646	0.000699622855736099	-7.57799530326934e-05
79.415741	0.000702981385461515	-6.30098508415565e-05
70.793182	0.000705307623516415	-5.06710962147123e-05
63.082279	0.000708382895107087	-4.02386430315084e-05
56.241825	0.000713018581469409	-3.33742302320309e-05
50.112232	0.000715006900734105	-2.34481221291199e-05
44.671223	0.000717072696434309	-1.87219907070574e-05
39.808899	0.000720260428031536	-1.34882805326788e-05
35.488308	0.000724428857686604	-8.28614110064018e-06
31.629578	0.000727876550735145	-1.99814465602694e-06
28.187037	0.000729926378965468	-6.53677875762512e-07
25.120602	0.000732730956908932	2.65819383391261e-06
22.385418	0.000736175624466395	6.6050618270973e-06
19.955338	0.000737542086724417	1.07205694695218e-05
17.775894	0.000740983278549183	1.26086778938022e-05
15.846864	0.000746270612663617	1.01651186872575e-05
14.127493	0.000745447347897318	1.2264463286241e-05
12.587309	0.000747243189913286	1.26168865729112e-05
11.216775	0.000750336277975002	1.42942499099341e-05
9.9968166	0.000752102159828289	1.46827425641729e-05
8.9082127	0.000752916024638371	1.6571939164221e-05
7.9395623	0.000755005729390923	1.81178308070245e-05
7.0765615	0.00075732830252516	1.82931609511128e-05
6.3105822	0.000758658508857403	1.91094667163071e-05
5.6245475	0.000759901533382678	1.41518686992052e-05
5.0112233	0.000761922412161967	1.86162645081752e-05
4.4642835	0.000764001614954175	1.71079369714672e-05
3.9819033	0.000764730309134873	1.88528850633129e-05
3.5479143	0.000764543382333945	1.6598411969408e-05
3.1629577	0.000768242045265331	1.89192775751546e-05
2.818361	0.000768201373601464	1.75994399992109e-05
2.5112481	0.000768729451046783	1.73127116759119e-05
2.2398233	0.00076808526212037	1.74005571184752e-05
1.9950197	0.000770945977887912	1.63428526842378e-05
1.7775893	0.000771922470635335	1.77222840367274e-05
1.5846864	0.000774542778899379	1.68946475194376e-05
1.4122353	0.000773281755385615	1.78828800630597e-05
1.2582541	0.000775812542055643	2.06192005641327e-05
1.1224822	0.000777030382753595	2.00080610499039e-05
1.0000616	0.000776752190218622	2.21016904246369e-05
0.89082122	0.000779444838857772	1.89455272505244e-05
0.79444051	0.000780112080932058	2.10187197188042e-05
0.70784986	0.000783342709491581	2.11977572403556e-05
0.63126236	0.000782962023967844	2.2503108961596e-05
0.562536	0.000784564559660308	2.32863133845899e-05
0.50118715	0.000786593166248564	2.41917730412566e-05
0.44642836	0.000788484743439177	2.5328021983329e-05
0.39821118	0.000788487476452774	2.58110700475808e-05
0.35475865	0.000791472620874679	2.67082333321074e-05
0.31619295	0.000791559074559118	2.7522867652133e-05
0.2819173	0.000793312088081135	2.80178559502985e-05
0.25117323	0.000795472072459344	2.94679458913799e-05
0.22391155	0.000796240052308463	2.94404686202664e-05
0.19957349	0.000799880528017986	3.06356299049413e-05
0.17779917	0.000798346039013227	3.22790236418655e-05
0.15846863	0.000802496967109838	3.76112611917409e-05
0.14123619	0.000803574241171981	3.55335595063737e-05
0.12590662	0.000806979307540611	3.86432831666379e-05
0.1122199	0.000808288743393574	4.27303780368494e-05
0.10002181	0.000813927216459941	4.26261837242849e-05
