10002.226	0.00118474927338231	-0.00957395017865217
8914.9326	0.00114200419869656	-0.00856992823494259
7943.9951	0.00110684909188251	-0.00767247788845821
7081.583	0.00107091035322192	-0.00686870719596555
6307.7358	0.00104047925539031	-0.00614510628252725
5622.5879	0.00100712580361053	-0.00550413901828301
5011.603	0.000980556636210803	-0.00492609939539348
4466.4292	0.000956083484160827	-0.00441064356258436
3981.2773	0.000930957257788669	-0.0039489480938035
3548.8679	0.000909562403402096	-0.00353859021875962
3163.0398	0.000890510326881208	-0.0031666120184109
2819.0986	0.000872907965565952	-0.00283425746639947
2512.4104	0.000855701817065966	-0.00253974682533501
2239.2869	0.000842125804417399	-0.00227700768864592
1995.6381	0.000828172078521059	-0.00204073889200161
1778.2897	0.000816942131857907	-0.00182665037328681
1584.4927	0.00080243302963976	-0.00163407274588745
1412.7418	0.000788140627251779	-0.00146833080523364
1258.7905	0.000784838825792906	-0.00131465159934735
1121.7966	0.000775002770404842	-0.00118250966271308
999.68164	0.000766050878515622	-0.00105918578287854
891.42474	0.000754966955133072	-0.00094826600470188
794.23932	0.00075005185091649	-0.000853262293844538
707.96161	0.000740468011132099	-0.000762193364091029
631.00977	0.000735338588853304	-0.000687451690225123
562.33929	0.000728919971361599	-0.000614575659283238
501.12231	0.000722652392855621	-0.000551097985110412
446.57214	0.000719119008899881	-0.000493696570992128
398.08899	0.00071183129363119	-0.00044167298114868
354.88681	0.000709070491166231	-0.000392054872410485
316.31589	0.000704448703358215	-0.000348484440539034
281.8942	0.000702834401052199	-0.000311852300392237
251.20601	0.000697499962225667	-0.000275937044687053
223.92496	0.000697215427116906	-0.000242340910751841
199.55338	0.000697665593441885	-0.000217101710153042
177.78128	0.000695866871277553	-0.000187893769254072
158.52898	0.000695600594514056	-0.000163181193607602
141.21979	0.00069466829637183	-0.000143365756021542
125.92673	0.000696910846234081	-0.000123732196946249
112.19009	0.00069750278003797	-0.000108282073308016
99.968163	0.000699137888172331	-9.09932486538849e-05
89.115646	0.000701059389231817	-7.53915854025897e-05
79.415741	0.000705495299271838	-6.24711708396698e-05
70.793182	0.00070371200203716	-5.01712567498779e-05
63.082279	0.00070863591850248	-4.30022275289543e-05
56.241825	0.000711989982213525	-3.08809019252848e-05
50.112232	0.000711446202623838	-2.33582836873335e-05
44.671223	0.000717569627483121	-1.70154257568764e-05
39.808899	0.000721293014783493	-1.26213988603781e-05
35.488308	0.000722409635857456	-6.89356729582344e-06
31.629578	0.000725717576208026	-2.09977183846844e-06
28.187037	0.000728776828232076	-3.39564444387048e-09
25.120602	0.00073004312180424	3.13241436652712e-06
22.385418	0.000734816903406698	6.79267743671475e-06
19.955338	0.000739323389572939	8.81497997120469e-06
17.775894	0.000741407459002863	1.15907508143071e-05
15.846864	0.000745415882442089	1.24264643820548e-05
14.127493	0.000747161979126243	1.36176065562407e-05
12.587309	0.000747932121305371	1.40092948036462e-05
11.216775	0.000748895759717163	1.47592773557915e-05
9.9968166	0.000750477519373897	1.61273895961667e-05
8.9082127	0.000752808909846326	1.57607485320574e-05
7.9395623	0.000755195136555768	1.45712575897494e-05
7.0765615	0.000756806145573433	1.86762450631035e-05
6.3105822	0.000757658793207397	1.67877873379219e-05
5.6245475	0.000759241881546374	1.70789393012731e-05
5.0112233	0.00076110310185193	1.60117696473691e-05
4.4642835	0.000764599085361313	1.81243901309862e-05
3.9819033	0.000764247190706545	1.63710503085959e-05
3.5479143	0.000764897470853151	1.86359336443877e-05
3.1629577	0.000768122246888742	1.75988241734588e-05
2.818361	0.000767555383514957	1.82191981614284e-05
2.5112481	0.000770199849925061	1.65220071690589e-05
2.2398233	0.000768528004443214	1.56676898518049e-05
1.9950197	0.000769769287838429	1.65070802339375e-05
1.7775893	0.000771465909997146	1.73204989828826e-05
1.5846864	0.00077127289337018	1.66438125635131e-05
1.4122353	0.000774233894791928	1.77602461228301e-05
1.2582541	0.000773292128153065	2.05035289657305e-05
1.1224822	0.000777075531533099	1.71446706306885e-05
1.0000616	0.000777861799915357	1.9445984672294e-05
0.89082122	0.000776331674069143	1.84033017794651e-05
0.79444051	0.000780405840004831	2.17773362997749e-05
0.70784986	0.00078036221948826	2.1363755323066e-05
0.63126236	0.000784193825220064	2.0327073237331e-05
0.562536	0.000783829309127422	2.35454787184183e-05
0.50118715	0.000784737472489898	2.18834592326383e-05
0.44642836	0.000787534534937082	2.45288304994211e-05
0.39821118	0.000790674782932482	2.40519923474505e-05
0.35475865	0.00079182011029733	2.58848117744738e-05
0.31619295	0.000792562036902736	2.95650368007662e-05
0.2819173	0.000794286631951799	2.77551254152419e-05
0.25117323	0.000795068940124449	2.88023166295115e-05
0.22391155	0.000798005071604271	3.00641848567307e-05
0.19957349	0.000800312887456195	3.39723233940428e-05
0.17779917	0.000801124439491117	3.36670999158976e-05
0.15846863	0.000802251902444307	3.51928444222839e-05
0.14123619	0.000806508096969962	3.65357549213444e-05
0.12590662	0.000808417724978908	4.05033461510349e-05
0.1122199	0.000810988427124222	3.91069470564139e-05
0.10002181	0.000812989989944845	4.03906810337145e-05
