10002.226	0.00118377630658913	-0.00957471402906968
8914.9326	0.00114426414976204	-0.00857202210740401
7943.9951	0.00110644335235215	-0.00766994624294484
7081.583	0.00107080889087483	-0.00686853067538345
6307.7358	0.00103964664606424	-0.00614659034637285
5622.5879	0.00100905298904214	-0.00550218458688847
5011.603	0.000981149990795847	-0.00492683662667523
4466.4292	0.000954600161401911	-0.00440946560328674
3981.2773	0.000931973737876235	-0.00394917714178961
3548.8679	0.000909668866844062	-0.0035362078640975
3163.0398	0.000891132426253957	-0.0031686444413068
2819.0986	0.000872833791983635	-0.00283519184925758
2512.4104	0.000858154708456611	-0.00254132341912776
2239.2869	0.000843239991835405	-0.00227634288124253
1995.6381	0.000828554226365846	-0.00203695968337118
1778.2897	0.000815627258025617	-0.00182622688903115
1584.4927	0.00080452516392181	-0.00163782767501836
1412.7418	0.000790518365094957	-0.00146704923723809
1258.7905	0.000782483619461954	-0.00131631312432998
1121.7966	0.000773714080592352	-0.00118164146135089
999.68164	0.000764965612816812	-0.00105758796592613
891.42474	0.000753879847140117	-0.000951807197226149
794.23932	0.000749535927519913	-0.000853003576260603
707.96161	0.000741374437113113	-0.000765656860922242
631.00977	0.000734376353193985	-0.000684775356335608
562.33929	0.000727421573860745	-0.000614847769386543
501.12231	0.000724167922838739	-0.000550810142077789
446.57214	0.000718056618864442	-0.000492267366423711
398.08899	0.000713119037814255	-0.000440625064643835
354.88681	0.000708373242144329	-0.000392058671453168
316.31589	0.000704498890650318	-0.000349933832073798
281.8942	0.000701557864862231	-0.000312802545327382
251.20601	0.000698312384620009	-0.000276864074219699
223.92496	0.000697084614053551	-0.000244165712919816
199.55338	0.000696787851759068	-0.000215721014319099
177.78128	0.000694934972775039	-0.000187770468813242
158.52898	0.000695054847637991	-0.000163276988429828
141.21979	0.000695249372569437	-0.000142591528776179
125.92673	0.000692484712084169	-0.000124710474751254
112.19009	0.000696427614080094	-0.000107681714939527
99.968163	0.000698271564484007	-8.94586371415339e-05
89.115646	0.000702814432061699	-7.6282933685946e-05
79.415741	0.000703091754178445	-6.13777706913781e-05
70.793182	0.000705909536502911	-5.10370699755361e-05
63.082279	0.00070680983364057	-4.10427421310968e-05
56.241825	0.000713606322254642	-3.01580827186838e-05
50.112232	0.000712905120212687	-2.35540533997452e-05
44.671223	0.000716947915815981	-1.77672852122988e-05
39.808899	0.000719675263775982	-1.26099478749113e-05
35.488308	0.000724407897148654	-6.75932462526198e-06
31.629578	0.000726977621355003	-3.1979293413094e-06
28.187037	0.000729401518455357	-1.41076373535205e-06
25.120602	0.000730333451403469	4.52935248003725e-06
22.385418	0.000734798247209103	7.16897395908518e-06
19.955338	0.000737063953177338	6.21550742068876e-06
17.775894	0.000741742570129415	9.55224026419861e-06
15.846864	0.000743478769779442	1.20058186829692e-05
14.127493	0.000744655083303164	1.22221349372321e-05
12.587309	0.000750032520368161	1.24702233977773e-05
11.216775	0.000750346450774452	1.35522297051428e-05
9.9968166	0.000750530223353909	1.41603656946119e-05
8.9082127	0.000752200278813612	1.66272030730242e-05
7.9395623	0.00075348079836645	1.62238384307119e-05
7.0765615	0.000757277558813293	1.70071723978473e-05
6.3105822	0.000759201041862335	1.67578291786635e-05
5.6245475	0.000758848981258518	1.43129798352238e-05
5.0112233	0.000762354167033291	1.69708745488289e-05
4.4642835	0.000763358366277215	1.54640632585614e-05
3.9819033	0.000762928991948693	1.60600482289785e-05
3.5479143	0.0007632177282309	1.96838665574743e-05
3.1629577	0.0007652879396099	1.78416065061768e-05
2.818361	0.00076736346957312	1.73478003174623e-05
2.5112481	0.000769956037781803	1.62368697372915e-05
2.2398233	0.000769368243296658	1.72433623577081e-05
1.9950197	0.000770913712294578	1.53442412295206e-05
1.7775893	0.000771319931522281	1.74557121855964e-05
1.5846864	0.000772537524903298	1.92268338721533e-05
1.4122353	0.000773309699892273	1.87251138434248e-05
1.2582541	0.000774974221217182	1.91489554610358e-05
1.1224822	0.000776887976739179	1.81452168020912e-05
1.0000616	0.000777697670055449	1.86690940989946e-05
0.89082122	0.000778960897591378	1.84347394444118e-05
0.79444051	0.000781604168707663	1.8701667078018e-05
0.70784986	0.000781794038582805	2.24168108001665e-05
0.63126236	0.000782410929675114	2.15673361917062e-05
0.562536	0.000784936635166274	2.2140378715062e-05
0.50118715	0.000786867934783715	2.38844457941876e-05
0.44642836	0.000785033249936133	2.34332675300934e-05
0.39821118	0.000791543184413373	2.66745163815567e-05
0.35475865	0.000791149196325581	2.64681731358926e-05
0.31619295	0.000791162702528461	2.75268880973911e-05
0.2819173	0.000793493411345592	2.76339555012726e-05
0.25117323	0.00079500734918337	3.00981382312559e-05
0.22391155	0.000798701590296647	3.2534348490455e-05
0.19957349	0.000797834119924981	3.20444277858396e-05
0.17779917	0.000798985317982618	3.35218255550107e-05
0.15846863	0.000802956962451401	3.42170335108747e-05
0.14123619	0.00080509852371829	3.62533898934869e-05
0.12590662	0.000805196319087897	3.88344129971761e-05
0.1122199	0.000810403677406459	3.87217818229703e-05
0.10002181	0.000812610665600811	4.31552209801114e-05
