10002.226	0.00118576991554904	-0.00957558284360395
8914.9326	0.00114357287012927	-0.00857185481120741
7943.9951	0.00110573910049496	-0.0076715448419048
7081.583	0.00106905655957792	-0.00687024409671582
6307.7358	0.00103931674347361	-0.00614441701136036
5622.5879	0.00100862829523354	-0.00550255245497002
5011.603	0.000979775167027525	-0.00492661515032383
4466.4292	0.000956346956158287	-0.00440981021688379
3981.2773	0.000932912040124897	-0.00394910261142988
3548.8679	0.000908592591976388	-0.00353712851161048
3163.0398	0.000891194507536062	-0.00316765852550073
2819.0986	0.000873130266739629	-0.00283555614427188
2512.4104	0.000858321252054657	-0.00253989269013373
2239.2869	0.000842673816415741	-0.00227677908105769
1995.6381	0.000828509222225081	-0.00203923376396666
1778.2897	0.000814988280017024	-0.00182636638466867
1584.4927	0.000802612910256141	-0.00163673024570515
1412.7418	0.000790787288297274	-0.00146713767644025
1258.7905	0.000783849705044122	-0.00131715989318853
1121.7966	0.000773448316661664	-0.00118086949512207
999.68164	0.000765456805160062	-0.00105815351144651
891.42474	0.000758209160994312	-0.000952300812420893
794.23932	0.000750569852195089	-0.000853371962498032
707.96161	0.000740863639189458	-0.000763872911179198
631.00977	0.000734317622885606	-0.000686999823913379
562.33929	0.000729022461990163	-0.000616702526372787
501.12231	0.000721895943007473	-0.000552453884269854
446.57214	0.000716142031209402	-0.000494566052268448
398.08899	0.000714621412525623	-0.000441106487363236
354.88681	0.000709422686240824	-0.000391306484237435
316.31589	0.000705818799885682	-0.000349375381500988
281.8942	0.000702119180148069	-0.000315075421691177
251.20601	0.000699052458602846	-0.000275233880896332
223.92496	0.000698650337448933	-0.000244481770436758
199.55338	0.000695416695402823	-0.000215959633830572
177.78128	0.000695187423729763	-0.000187924494494052
158.52898	0.000693841079584657	-0.000165172274757622
141.21979	0.000694952017461811	-0.000144835649243539
125.92673	0.000695146469224584	-0.000123980043987349
112.19009	0.000699175112889174	-0.000107535537759451
99.968163	0.000699870544047884	-9.02331197535539e-05
89.115646	0.000701425557761878	-7.65799100937609e-05
79.415741	0.00070395564650096	-6.29824426107118e-05
70.793182	0.000705431535987751	-5.16732413105657e-05
63.082279	0.000707628332486096	-4.06906403875258e-05
56.241825	0.000712260873462549	-3.12050196480884e-05
50.112232	0.000711868742985739	-2.43465742075931e-05
44.671223	0.000716607255214891	-1.78672239245339e-05
39.808899	0.000719078669485521	-1.20266746575812e-05
35.488308	0.000724813672200093	-8.52146289946865e-06
31.629578	0.000726453296958801	-2.22757545177418e-06
28.187037	0.000728703350869675	1.04098461678673e-07
25.120602	0.000729790547144306	4.3060551781843e-06
22.385418	0.000734971932444925	8.05685723425156e-06
19.955338	0.000739318895014378	7.13003578299535e-06
17.775894	0.00074035793325136	1.12192766590688e-05
15.846864	0.000743268624308991	1.31687303023363e-05
14.127493	0.00074527676431095	1.45567178977538e-05
12.587309	0.000746737826446306	1.36087919422462e-05
11.216775	0.000750737236803806	1.34734937551378e-05
9.9968166	0.000752620895032728	1.45989048510061e-05
8.9082127	0.000752950032987615	1.69237159262478e-05
7.9395623	0.000754458741558793	1.53855187751954e-05
7.0765615	0.00075670113241181	1.76953110211633e-05
6.3105822	0.000757349998182138	1.53071097974781e-05
5.6245475	0.000760526896986335	1.58842558555775e-05
5.0112233	0.00076106123669435	1.85586650385875e-05
4.4642835	0.000761685617020247	1.72640224331449e-05
3.9819033	0.000764155948245326	1.78184166182616e-05
3.5479143	0.00076554837064407	1.86134656684759e-05
3.1629577	0.000766690119425695	1.64079652670638e-05
2.818361	0.000768158844262029	1.88103239825152e-05
2.5112481	0.000768442329585996	1.74614942077667e-05
2.2398233	0.000767659849850757	1.85110600310975e-05
1.9950197	0.000772720490529612	1.7295715539205e-05
1.7775893	0.000770655236740529	1.78539683113739e-05
1.5846864	0.0007739418684078	1.95209677854866e-05
1.4122353	0.000774885970934432	1.95346033510391e-05
1.2582541	0.000776374959090098	1.82170226842906e-05
1.1224822	0.000775265986342402	1.97736177400896e-05
1.0000616	0.000777142966773458	1.99318346114867e-05
0.89082122	0.000778915145969313	2.08934274356915e-05
0.79444051	0.000781093618023531	2.07219485074717e-05
0.70784986	0.000781636451022253	2.22728842282063e-05
0.63126236	0.000783653193196407	2.25217659505505e-05
0.562536	0.000785428480206823	2.20399440757188e-05
0.50118715	0.000785639872106436	2.37112270239006e-05
0.44642836	0.000788806307744059	2.37769495966482e-05
0.39821118	0.000787858388835641	2.41367505950425e-05
0.35475865	0.000791163174282465	2.47230684555292e-05
0.31619295	0.000792155286286527	2.89289308832716e-05
0.2819173	0.000793830515865728	2.78629963896381e-05
0.25117323	0.000795876889143717	3.03506542568161e-05
0.22391155	0.000796536754469109	3.09707634964495e-05
0.19957349	0.000799762355291608	3.32436181202489e-05
0.17779917	0.000802479298629254	3.48555957421695e-05
0.15846863	0.000803599402713778	3.56993826049724e-05
0.14123619	0.000805314398560127	3.53056176678321e-05
0.12590662	0.000807209645173456	3.81230966162013e-05
0.1122199	0.000809459532540332	4.15485516713408e-05
0.10002181	0.000812701855745021	4.22272888189559e-05
