10002.226	0.00118545600063861	-0.00957500072149407
8914.9326	0.00114418337861565	-0.00857111934531265
7943.9951	0.00110762474055999	-0.00767344037868504
7081.583	0.00107073511507673	-0.00686829005993871
6307.7358	0.00103984513519823	-0.00614461613218566
5622.5879	0.00101013521075228	-0.00550373699850035
5011.603	0.000981029694156455	-0.00492613462892006
4466.4292	0.000954107444484827	-0.00441110352207028
3981.2773	0.000932269059074372	-0.00394981072464035
3548.8679	0.00090851190030589	-0.00353635250819608
3163.0398	0.000889801022661448	-0.0031676957528843
2819.0986	0.000872188580554814	-0.00283643953524775
2512.4104	0.000855643774596058	-0.00254057137967745
2239.2869	0.0008412881957279	-0.00227655824670856
1995.6381	0.000827848614967011	-0.00203752988067537
1778.2897	0.000816703722089562	-0.00182736162300734
1584.4927	0.000804851086941368	-0.00163579101726018
1412.7418	0.000791085852403955	-0.0014669090746247
1258.7905	0.000782203673674461	-0.00131514464684822
1121.7966	0.000774348706903266	-0.00118075221458391
999.68164	0.000765051496082336	-0.00105802903617485
891.42474	0.000755046878048524	-0.000949792590704427
794.23932	0.000749492963073633	-0.000851980106769765
707.96161	0.000740769288266838	-0.000765053520339819
631.00977	0.000734627603325586	-0.000685848908826543
562.33929	0.000730467955762606	-0.000614072841195051
501.12231	0.000723348446791587	-0.000549741267353014
446.57214	0.000716498509619199	-0.000490788960018238
398.08899	0.000711203778753341	-0.000441174974684279
354.88681	0.000708952515186891	-0.000392113009502844
316.31589	0.000705653092180351	-0.000349773249317039
281.8942	0.000701771452771167	-0.000312235457307222
251.20601	0.000696640932611858	-0.000275601630789825
223.92496	0.000696419436292317	-0.000246376885499774
199.55338	0.000697434872706766	-0.000216141411767604
177.78128	0.000694613885398253	-0.000189728788503939
158.52898	0.000696263638857058	-0.000165539484800185
141.21979	0.00069646155039995	-0.00014434874365209
125.92673	0.000693673805724627	-0.000123158405635758
112.19009	0.000698310316418209	-0.000107511853656183
99.968163	0.000699652868661574	-8.97701969357977e-05
89.115646	0.000700211429282933	-7.63710245371164e-05
79.415741	0.000702585357755765	-6.27653035672729e-05
70.793182	0.000705546531574628	-5.11215290062744e-05
63.082279	0.000707643100406084	-4.19949420886678e-05
56.241825	0.00071174027620466	-3.14652602937719e-05
50.112232	0.000713886120440697	-2.53537834129715e-05
44.671223	0.000717274152331207	-1.99933701340461e-05
39.808899	0.000719414408165313	-1.32749278483651e-05
35.488308	0.000724518619404531	-9.71548576089491e-06
31.629578	0.000726497188917725	-1.10725026765128e-06
28.187037	0.000729704639463983	9.88052834091594e-07
25.120602	0.000732497571840046	3.74986901215054e-06
22.385418	0.000734866190907812	6.35234128127972e-06
19.955338	0.000740063736617294	8.93594909260655e-06
17.775894	0.000742534075347611	1.10173424151981e-05
15.846864	0.000743410427106251	9.14086495500596e-06
14.127493	0.0007438893413025	1.25724341459883e-05
12.587309	0.000746164574922929	1.36629111779622e-05
11.216775	0.000749707574624276	1.43066585319099e-05
9.9968166	0.000752014130744109	1.41781562808076e-05
8.9082127	0.000752712115291855	1.70784407923208e-05
7.9395623	0.000754542790671062	1.70736200397886e-05
7.0765615	0.000758521155522703	1.73352944566259e-05
6.3105822	0.000760069025148151	1.63665436888952e-05
5.6245475	0.000758987188060916	1.52518600141666e-05
5.0112233	0.000760879662099714	1.893837679141e-05
4.4642835	0.000763321951969409	1.7953314326532e-05
3.9819033	0.000764303943256852	1.71944658627705e-05
3.5479143	0.000765136905494797	1.47366025100042e-05
3.1629577	0.000766396931352748	1.67388765114451e-05
2.818361	0.0007678429854848	1.92338080870027e-05
2.5112481	0.000767574479109525	1.52201417956881e-05
2.2398233	0.000770297419327237	1.80643586575497e-05
1.9950197	0.00077002607885156	1.64150326579127e-05
1.7775893	0.000773152708879645	1.73390859988906e-05
1.5846864	0.000773120329237982	1.69498268498278e-05
1.4122353	0.000774336001805553	1.80485743371276e-05
1.2582541	0.000774321063134014	1.90544328179107e-05
1.1224822	0.000775130792784743	2.01908342769522e-05
1.0000616	0.000775851357778556	2.13194612647327e-05
0.89082122	0.00077971481859757	2.07940833068657e-05
0.79444051	0.000778199282273207	2.0896670868676e-05
0.70784986	0.000782055726423296	2.24810150328087e-05
0.63126236	0.000782762695462055	2.36751845592872e-05
0.562536	0.000783906908706615	2.18995273274536e-05
0.50118715	0.0007853199812395	2.40095911684741e-05
0.44642836	0.000787389335337022	2.51544148739546e-05
0.39821118	0.000789061123551608	2.4667983304526e-05
0.35475865	0.00078936925666367	2.66703329811684e-05
0.31619295	0.000790332807065352	2.86259388078648e-05
0.2819173	0.000793949776442446	2.84066594441651e-05
0.25117323	0.000795000823915045	3.15826452799927e-05
0.22391155	0.000794857224270142	3.20197061874408e-05
0.19957349	0.000797778271148248	3.21638480686029e-05
0.17779917	0.000801661018506989	3.4487459929534e-05
0.15846863	0.00080279485890999	3.43214760144385e-05
0.14123619	0.000805005180178058	3.66742768911249e-05
0.12590662	0.000807641447429315	3.96161986538462e-05
0.1122199	0.000809879804390751	3.98919099083125e-05
0.10002181	0.000811452429116955	4.27699497102009e-05
