10002.226	0.00119571123278787	-0.00953464116535287
8914.9326	0.00115538225031388	-0.00853458593630349
7943.9951	0.00111758958489282	-0.00764008521085875
7081.583	0.00108203136399031	-0.00684098686907567
6307.7358	0.00105042422844745	-0.0061193803976716
5622.5879	0.00101915903676099	-0.00547903457261329
5011.603	0.000990473051075081	-0.00490559426373467
4466.4292	0.000966129985272873	-0.00439269408175002
3981.2773	0.000941534327204627	-0.00393193171119996
3548.8679	0.000919978362058463	-0.00352188025362149
3163.0398	0.00090085051026979	-0.00315633846769102
2819.0986	0.000883492798348346	-0.00282392251041981
2512.4104	0.000867451373472684	-0.00252907530797639
2239.2869	0.000852809455312689	-0.00226702134161824
1995.6381	0.000839701343172	-0.00202918895644219
1778.2897	0.000826925983745925	-0.00181960251176252
1584.4927	0.000815365180753011	-0.00163110966223981
1412.7418	0.00080437140802248	-0.00146100573536086
1258.7905	0.000793502757149214	-0.00131063842798149
1121.7966	0.000782844936823754	-0.00117503114005875
999.68164	0.000777758888604922	-0.00105213405053163
891.42474	0.000767825767379685	-0.000947460324857558
794.23932	0.000760197283256956	-0.000850607468476689
707.96161	0.000755637872269373	-0.000760712835300526
631.00977	0.000745588805793579	-0.000683962087745072
562.33929	0.000739753388675118	-0.000612040025014679
501.12231	0.000734294632281243	-0.000548978104774614
446.57214	0.000729320495724322	-0.000489559016294893
398.08899	0.000722460323146501	-0.000438988467019438
354.88681	0.000718744259944425	-0.000394948604380507
316.31589	0.000715939156433252	-0.000348812350463308
281.8942	0.000712918786582668	-0.00030946293680993
251.20601	0.00070762067087214	-0.000275694839813662
223.92496	0.000709589414791805	-0.000243111619526084
199.55338	0.000706182577288777	-0.000215772091762015
177.78128	0.000705750846578815	-0.000185572479959431
158.52898	0.000706001664274231	-0.000162940861846768
141.21979	0.000706088341178357	-0.000142418373734115
125.92673	0.000705533408209437	-0.000119904740716834
112.19009	0.000707025898842059	-0.000105809072887682
99.968163	0.000710927024446851	-9.08641965064316e-05
89.115646	0.000712301499825689	-7.49184147634407e-05
79.415741	0.000712498150475835	-6.26786915364723e-05
70.793182	0.000716342757861965	-5.08542745638397e-05
63.082279	0.000718941073951513	-4.23549757187502e-05
56.241825	0.000723940619876392	-3.14859953652256e-05
50.112232	0.000725642455798954	-2.22874054281288e-05
44.671223	0.000726347505226736	-1.84009988762958e-05
39.808899	0.000731085018309721	-1.34397239829727e-05
35.488308	0.000734608767421361	-8.93674852453759e-06
31.629578	0.000735767258910621	-2.4714374440575e-06
28.187037	0.000739802116353935	1.17911839151133e-06
25.120602	0.00074116184291349	3.80896940723798e-06
22.385418	0.000746350555383374	7.06716731347253e-06
19.955338	0.000749708617071527	7.02663806765259e-06
17.775894	0.000751942765294134	1.11617992732744e-05
15.846864	0.000751649083560824	1.00886394835636e-05
14.127493	0.000756610139298036	1.39978084201822e-05
12.587309	0.000758045011336417	1.47568369314077e-05
11.216775	0.000761213645722996	1.41879241682174e-05
9.9968166	0.000761925024992246	1.3981624150698e-05
8.9082127	0.000764726553976841	1.60729676817787e-05
7.9395623	0.00076474618775444	1.43358344051637e-05
7.0765615	0.000768521301724356	1.6875656769778e-05
6.3105822	0.000768879824705732	1.74964257994243e-05
5.6245475	0.00077098751873161	1.43909670203925e-05
5.0112233	0.000774271959203085	1.65796215446084e-05
4.4642835	0.000774838060357101	1.80167543553052e-05
3.9819033	0.000774319748326607	1.58783627350742e-05
3.5479143	0.000776490455635724	1.64880443067924e-05
3.1629577	0.000778377487393813	1.83351298394183e-05
2.818361	0.000778240711041081	1.7891634081925e-05
2.5112481	0.000778709661813475	1.59656431659902e-05
2.2398233	0.000780234960009179	1.86604929883391e-05
1.9950197	0.000779293193827815	1.63788059962289e-05
1.7775893	0.000781758145685107	1.54265608499277e-05
1.5846864	0.000784828162179197	1.8179778538856e-05
1.4122353	0.000784881585186933	1.91058490940194e-05
1.2582541	0.000784527997254569	1.9211371869009e-05
1.1224822	0.000785810972623222	1.9222139479485e-05
1.0000616	0.000790230517494431	1.956218698722e-05
0.89082122	0.000789082308220896	2.00489540316194e-05
0.79444051	0.00079069048357042	2.04558630811983e-05
0.70784986	0.000792605778402028	2.30415978349512e-05
0.63126236	0.000793263101136647	2.33284319317978e-05
0.562536	0.000795933288565741	2.1046545640884e-05
0.50118715	0.000795457537281255	2.45859115425473e-05
0.44642836	0.000799307286181302	2.41062567988372e-05
0.39821118	0.000800244564125547	2.53088311277764e-05
0.35475865	0.000801695814010545	2.69469429610059e-05
0.31619295	0.000802112899052116	2.66629063693935e-05
0.2819173	0.000803754478686018	2.94261806190379e-05
0.25117323	0.000805606237493605	2.95439742153531e-05
0.22391155	0.000809091310153616	3.01737828417012e-05
0.19957349	0.000809338102461694	3.32294830750553e-05
0.17779917	0.000811378328277842	3.48766594170567e-05
0.15846863	0.000814532853356699	3.24430876683347e-05
0.14123619	0.000814983056327052	3.7004015023409e-05
0.12590662	0.000819022684507026	3.91551957458229e-05
0.1122199	0.000820394553088325	4.13006673469087e-05
0.10002181	0.000823814954173941	4.09810340518138e-05
