10002.226	0.00119649552025386	-0.0095350829655199
8914.9326	0.00115529113628176	-0.00853339761975645
7943.9951	0.00111820358701182	-0.0076390201112062
7081.583	0.00108174507681374	-0.00683866076102127
6307.7358	0.00105035158335438	-0.00611875004578031
5622.5879	0.0010194259573115	-0.0054808357370782
5011.603	0.000991168105261487	-0.00490612985200319
4466.4292	0.000966703992955424	-0.00439053584211319
3981.2773	0.000942208146910545	-0.00393410293371603
3548.8679	0.000918787871007537	-0.0035226922086208
3163.0398	0.000903002527034839	-0.00315422925444953
2819.0986	0.000884862436915558	-0.00282292615371792
2512.4104	0.000868458829327279	-0.00252939293468406
2239.2869	0.000853310439311631	-0.00226830536378378
1995.6381	0.000840149069732846	-0.0020310493879765
1778.2897	0.000828113163850164	-0.00181979304437494
1584.4927	0.000814255508768307	-0.00162970903005715
1412.7418	0.000801047395311504	-0.00146274003597749
1258.7905	0.000793804454899606	-0.00131084368542342
1121.7966	0.000784643079278498	-0.00117756981622703
999.68164	0.000775259246970174	-0.00105319671436651
891.42474	0.000768541986609483	-0.000945807353354765
794.23932	0.000761221707663669	-0.000849277062068778
707.96161	0.000752304122306069	-0.000760959435263091
631.00977	0.000744980014589373	-0.000681971800725767
562.33929	0.000737641664283956	-0.000610563630394498
501.12231	0.000734262467842013	-0.000547880165540868
446.57214	0.000727082164826314	-0.000490252531451661
398.08899	0.000723397316612815	-0.000438217271490223
354.88681	0.000716923984947367	-0.000389922981061572
316.31589	0.000715325641832146	-0.000347185777360167
281.8942	0.000712934701277441	-0.000310324912663455
251.20601	0.000708332947184275	-0.000275340498893704
223.92496	0.000707084942515227	-0.000243847160411138
199.55338	0.000707388809127006	-0.000214222676353386
177.78128	0.00070611212981118	-0.000186968623923822
158.52898	0.000705030119660934	-0.00016322099149609
141.21979	0.000707157131612388	-0.000142526764709704
125.92673	0.000704202833539271	-0.000123913738062211
112.19009	0.00070848080686315	-0.000106969284554727
99.968163	0.000710858039464224	-8.79060311763191e-05
89.115646	0.000711088761660717	-7.55812975274032e-05
79.415741	0.000714731003189347	-6.43445016118082e-05
70.793182	0.000715383646284991	-5.1220941232622e-05
63.082279	0.000719601003076336	-4.30185741889092e-05
56.241825	0.000723039525452475	-3.27897944292644e-05
50.112232	0.000723582547364103	-2.18768006097081e-05
44.671223	0.00072778904697126	-1.79962635353546e-05
39.808899	0.000731932274845323	-1.46788089846843e-05
35.488308	0.000735545763407025	-8.75326408077418e-06
31.629578	0.000736322082602051	-2.06597896879096e-06
28.187037	0.000740006307923543	8.95567892275897e-07
25.120602	0.000742617509009297	3.09000774726027e-06
22.385418	0.000743207879533022	4.84549419830642e-06
19.955338	0.000750352901242671	1.1232271877912e-05
17.775894	0.000753446601550998	1.24768482062928e-05
15.846864	0.000753084864981149	1.10112088822205e-05
14.127493	0.000757030448940108	1.15664385567056e-05
12.587309	0.000756908282242623	1.16958023827524e-05
11.216775	0.000759903902298239	1.46135065327483e-05
9.9968166	0.000763904634796853	1.37867676244175e-05
8.9082127	0.000763689583334532	1.5584564492823e-05
7.9395623	0.000765152445757331	1.54097451236382e-05
7.0765615	0.000767558863341216	1.72525647239894e-05
6.3105822	0.000769099376213836	1.61958864322909e-05
5.6245475	0.000769898419232481	1.57022081418781e-05
5.0112233	0.000773105301238784	1.77035251017156e-05
4.4642835	0.000775379749493836	1.45119471227931e-05
3.9819033	0.000772405695592058	1.64569661025268e-05
3.5479143	0.000775470127194058	1.65153300043378e-05
3.1629577	0.000777659521552101	1.7163300873165e-05
2.818361	0.000778099783981356	1.77476790222916e-05
2.5112481	0.000778206562931352	1.78094165979431e-05
2.2398233	0.000779069653537697	1.73916960882416e-05
1.9950197	0.000780862022001957	1.59944713027464e-05
1.7775893	0.000781996740826957	1.50115722834326e-05
1.5846864	0.000785752874628458	1.89640834277363e-05
1.4122353	0.000784293611548008	1.9161484261411e-05
1.2582541	0.000786298380816206	2.03009821873052e-05
1.1224822	0.000786845706260783	2.03633468640098e-05
1.0000616	0.00078954860439386	2.05165057251537e-05
0.89082122	0.000788455389194787	1.90028586999101e-05
0.79444051	0.000790007352381641	2.07395102916154e-05
0.70784986	0.000792542033060095	2.02753464048835e-05
0.63126236	0.000794097798407005	2.27829764714529e-05
0.562536	0.000793796861734981	2.41795588433231e-05
0.50118715	0.000796077472551149	2.1892474370567e-05
0.44642836	0.00079757147958519	2.48531754263237e-05
0.39821118	0.000798742604560679	2.27338059482281e-05
0.35475865	0.000802255707113655	2.65124257299636e-05
0.31619295	0.000801730807247351	2.81909961258644e-05
0.2819173	0.000801846149328562	2.82745857501101e-05
0.25117323	0.000804806331579401	3.02626056428455e-05
0.22391155	0.000809523877815849	3.23827271877065e-05
0.19957349	0.00081232539140914	3.05838947823235e-05
0.17779917	0.000812229074028794	3.6377857618043e-05
0.15846863	0.000813294277343753	3.46696942622629e-05
0.14123619	0.000816270968276578	3.78016820980795e-05
0.12590662	0.000819185378824422	3.94990799535318e-05
0.1122199	0.000819498179795635	4.09371233559824e-05
0.10002181	0.000822595328663014	4.26075278042608e-05
