10002.226	0.00119564320034088	-0.00953353472028773
8914.9326	0.00115526686151854	-0.00853513553934645
7943.9951	0.00111770721851961	-0.00763987048471416
7081.583	0.00108260796996379	-0.00684076557331267
6307.7358	0.00104783829851096	-0.00612052775276578
5622.5879	0.00101815144395051	-0.00547797297039386
5011.603	0.000990004213109317	-0.00490742595205457
4466.4292	0.000965483215021968	-0.00439063226734974
3981.2773	0.000941385246386358	-0.00393258555657689
3548.8679	0.000920358968911812	-0.00352005195564179
3163.0398	0.000902446471306922	-0.00315247721402405
2819.0986	0.000884867735958812	-0.00282322568529544
2512.4104	0.00086785439694752	-0.00252984560156731
2239.2869	0.000851623222050598	-0.00226667551228181
1995.6381	0.000839686860428965	-0.00203083560647373
1778.2897	0.000826058587968266	-0.00181882207717347
1584.4927	0.000813431862885018	-0.0016292847980602
1412.7418	0.000802553560739707	-0.00146133564851623
1258.7905	0.000794450357545576	-0.0013099930666997
1121.7966	0.000784616913295684	-0.00117296875774516
999.68164	0.000775590599520163	-0.00105398990281992
891.42474	0.000767851863295671	-0.000945515623851793
794.23932	0.000761154421030344	-0.000849652197962743
707.96161	0.000751783033078532	-0.00075848742934351
631.00977	0.000744422881900542	-0.000682786397531565
562.33929	0.000738902532631362	-0.000609943473610411
501.12231	0.000733423048764966	-0.000548368563699943
446.57214	0.000728398906279679	-0.000487475460165998
398.08899	0.000722859983134569	-0.000439813608497421
354.88681	0.000719433127927767	-0.000392059299327866
316.31589	0.00071709085609033	-0.000346867626593264
281.8942	0.000713970840221899	-0.000310557811333099
251.20601	0.000708457751713222	-0.00027424885586291
223.92496	0.000707639511061364	-0.00024294933344225
199.55338	0.000706248044101999	-0.000214327018115908
177.78128	0.000707222481868489	-0.000186166962369662
158.52898	0.000705943807443071	-0.000163220076715595
141.21979	0.00070670685792328	-0.000142040432293643
125.92673	0.000706442475944602	-0.00012411858158744
112.19009	0.000710108623368593	-0.000105812404351556
99.968163	0.000708674254930957	-8.7963208390906e-05
89.115646	0.000712624128217703	-7.39587423952059e-05
79.415741	0.000714807316302113	-6.53050336877193e-05
70.793182	0.000715347807168224	-5.00953028137115e-05
63.082279	0.000720334915335878	-3.997575341235e-05
56.241825	0.000723516857136013	-3.08232856655559e-05
50.112232	0.000725330392147383	-2.15348378234856e-05
44.671223	0.000728609031052349	-1.76999816168776e-05
39.808899	0.000729972429253941	-1.38347919834125e-05
35.488308	0.000733770449801784	-8.26472499787301e-06
31.629578	0.000736575769166754	-1.18608435546492e-06
28.187037	0.000740491264764042	-6.04332228604128e-08
25.120602	0.000742212091727555	4.61636169643598e-06
22.385418	0.000746917799188851	7.32551667498571e-06
19.955338	0.000749250440725415	7.63031294914203e-06
17.775894	0.000752155469761934	1.02969990803157e-05
15.846864	0.000753990813208899	1.19158793260465e-05
14.127493	0.00075542823069436	1.26593306774892e-05
12.587309	0.000757592581723373	1.36719927861351e-05
11.216775	0.000759978158698091	1.47710080246928e-05
9.9968166	0.000765095133849116	1.48480522300423e-05
8.9082127	0.000764037740635128	1.61994842794926e-05
7.9395623	0.000763036272226732	1.59734378484925e-05
7.0765615	0.000767652932326698	1.84446132696324e-05
6.3105822	0.000769921577140281	1.77522766779149e-05
5.6245475	0.000768890509425481	1.68635279799929e-05
5.0112233	0.000772913838867035	1.79283660189352e-05
4.4642835	0.000774676210557403	1.61817872224701e-05
3.9819033	0.000775806548022789	1.5707811318957e-05
3.5479143	0.000775209326535147	1.78841818910738e-05
3.1629577	0.000778999058419319	1.91346080571588e-05
2.818361	0.000779767555439665	1.75163741324638e-05
2.5112481	0.00077987002471822	1.7165305429307e-05
2.2398233	0.000779125716279726	1.67424520350031e-05
1.9950197	0.00078132567920442	1.71633942390297e-05
1.7775893	0.000783552142740057	1.6885825872576e-05
1.5846864	0.000784012835719223	1.88035922367252e-05
1.4122353	0.000783605786969647	1.86736705329922e-05
1.2582541	0.000786216329969958	1.84839753797073e-05
1.1224822	0.000787133321351868	1.86377267694553e-05
1.0000616	0.000788655176588792	1.9887325878235e-05
0.89082122	0.000789750264185409	2.0471556810494e-05
0.79444051	0.000789405639304651	2.09226511783974e-05
0.70784986	0.000793136879552845	2.15848609470953e-05
0.63126236	0.000794114901163335	2.25254852376213e-05
0.562536	0.000794849764902224	2.34387446530128e-05
0.50118715	0.000797404936371389	2.5591420156976e-05
0.44642836	0.00079814663250239	2.50154420657576e-05
0.39821118	0.000800391541239826	2.53614953712907e-05
0.35475865	0.000800708134170432	2.63624073316888e-05
0.31619295	0.000802094056487877	2.85680406783045e-05
0.2819173	0.000802912835753463	2.78043113021219e-05
0.25117323	0.000804821912307622	2.98001631529079e-05
0.22391155	0.000807779975468685	3.05572451854174e-05
0.19957349	0.000808653284508896	3.18476707318433e-05
0.17779917	0.000810562409432408	3.37395598682376e-05
0.15846863	0.000812223624485018	3.62421387791788e-05
0.14123619	0.000815864058230885	3.8393127001768e-05
0.12590662	0.000818078506123057	3.80396338949134e-05
0.1122199	0.000820308293139932	4.18908732934217e-05
0.10002181	0.000822852534654216	4.27592605364445e-05
