10002.226	0.00119635900329923	-0.00953458875979586
8914.9326	0.00115559879250078	-0.00853368225627565
7943.9951	0.00111659354589531	-0.00763910249778955
7081.583	0.00108127422020482	-0.00683886715661935
6307.7358	0.00104907590098378	-0.00612129609870249
5622.5879	0.00101945310988215	-0.00547707826174321
5011.603	0.000990220265796813	-0.00490768465990601
4466.4292	0.00096571179948892	-0.00439230869870094
3981.2773	0.000943724545069785	-0.00393178677465191
3548.8679	0.000920850945084302	-0.00352130762757886
3163.0398	0.000901320551592341	-0.00315403197635693
2819.0986	0.000882574390216707	-0.00282405505536221
2512.4104	0.000869229291388992	-0.00252943423880096
2239.2869	0.000851831164507595	-0.00226642907706262
1995.6381	0.000839094001390871	-0.00203013052317873
1778.2897	0.000828821159572303	-0.00181946157208752
1584.4927	0.000815239849822064	-0.00163156846958003
1412.7418	0.00080229959043627	-0.0014621015558404
1258.7905	0.000793462339879977	-0.00131062769896497
1121.7966	0.000783711751788375	-0.00117384641638886
999.68164	0.000775267501544563	-0.0010527049910851
891.42474	0.000766937956553597	-0.000946404456102886
794.23932	0.000760686852237948	-0.000849635837991649
707.96161	0.000751396268197909	-0.000759815236923467
631.00977	0.000745318553011545	-0.000683344185634969
562.33929	0.000738794334375648	-0.000612071156780968
501.12231	0.000734230204910075	-0.000547694218337299
446.57214	0.000727171461790341	-0.000489810027726679
398.08899	0.000723159042990776	-0.000438870511675105
354.88681	0.000716610100470202	-0.000391852195309234
316.31589	0.000716647657424397	-0.000349658553430444
281.8942	0.000714743280914399	-0.000311206908339461
251.20601	0.00070797695499507	-0.000274294455303822
223.92496	0.000709060201195167	-0.000240383344667179
199.55338	0.00070601654443647	-0.000215258900343524
177.78128	0.00070652283804211	-0.000185680558933042
158.52898	0.000706878678177108	-0.000163192744862041
141.21979	0.000704195160996538	-0.000143107245160496
125.92673	0.000704556918767427	-0.000124669161047617
112.19009	0.000707338930469152	-0.000107549883538383
99.968163	0.000710569032894798	-8.80858593386924e-05
89.115646	0.000712898218123337	-7.45862905854727e-05
79.415741	0.000713294495424597	-6.14636631455042e-05
70.793182	0.000715145925495255	-5.26543959576697e-05
63.082279	0.000718947708446149	-4.12070581122974e-05
56.241825	0.000723796352876249	-3.19885073765936e-05
50.112232	0.000724567431211294	-2.20652566816873e-05
44.671223	0.000725228147251741	-1.81807922344062e-05
39.808899	0.000731597437228017	-1.19410096507992e-05
35.488308	0.000734307595820935	-9.59707849839088e-06
31.629578	0.000738140219351383	-4.64542523255439e-06
28.187037	0.000739195793392177	8.2351295786271e-07
25.120602	0.000742355248873238	3.94767397710528e-06
22.385418	0.000746542324102331	7.24810215401574e-06
19.955338	0.000749520863411466	9.43069509108644e-06
17.775894	0.000750739257910627	1.21248410436382e-05
15.846864	0.000754147029598602	1.2642843595133e-05
14.127493	0.000755900563337367	1.40485339249841e-05
12.587309	0.000757000849448097	1.27367297234781e-05
11.216775	0.000757815794569428	1.54651327174743e-05
9.9968166	0.00076299225809672	1.52958723158746e-05
8.9082127	0.000763709881813668	1.38738431885383e-05
7.9395623	0.000764366534497664	1.60095525032959e-05
7.0765615	0.000767304142510339	1.73740825712013e-05
6.3105822	0.000768796690136464	1.75614176471324e-05
5.6245475	0.00077108624523683	1.72977833332336e-05
5.0112233	0.000772000373211037	1.82040929892348e-05
4.4642835	0.00077330563211765	1.767726678738e-05
3.9819033	0.000772751541278244	1.69198892399376e-05
3.5479143	0.000775754629476088	1.81870644748809e-05
3.1629577	0.000778666637439168	1.82883688869326e-05
2.818361	0.000780822165169353	1.66467889203176e-05
2.5112481	0.000780330349271469	1.55122008653217e-05
2.2398233	0.000779250627603921	1.58985106867254e-05
1.9950197	0.00078048931318246	1.68246375242235e-05
1.7775893	0.000782792382324972	1.59669161211956e-05
1.5846864	0.00078278626793703	1.78984035873731e-05
1.4122353	0.000785967957548295	1.91843746503977e-05
1.2582541	0.000784748729155876	1.78783828901885e-05
1.1224822	0.000783830730676175	2.23670558842601e-05
1.0000616	0.000787447290436803	2.07704056469316e-05
0.89082122	0.000791353458410022	2.11435757138916e-05
0.79444051	0.000791847224031831	2.12121063299678e-05
0.70784986	0.000792259120403114	2.09705527076909e-05
0.63126236	0.000794098108500549	2.21093671996103e-05
0.562536	0.000795508463489207	2.08768246894499e-05
0.50118715	0.00079719851290639	2.28748585560637e-05
0.44642836	0.000799722964943218	2.4150107703267e-05
0.39821118	0.000799753868381651	2.54150366256397e-05
0.35475865	0.000799054695548204	2.81441234864157e-05
0.31619295	0.000803626909606119	2.96014595999477e-05
0.2819173	0.000805589742442793	2.84394875814588e-05
0.25117323	0.000806242215387104	2.9673200908572e-05
0.22391155	0.000808547452863375	3.16466486552837e-05
0.19957349	0.000809358239040187	3.05827268157201e-05
0.17779917	0.000810995262825973	3.33685182686964e-05
0.15846863	0.000813730638242302	3.55206265030902e-05
0.14123619	0.000815105410768107	3.61769213701754e-05
0.12590662	0.000817925509003604	3.85522783013485e-05
0.1122199	0.000819529490930175	3.98088666645396e-05
0.10002181	0.000820750350507308	4.34348533518457e-05
