10002.226	0.00119516220521641	-0.00953446888057725
8914.9326	0.00115461468356605	-0.00853632703244745
7943.9951	0.00111694062000954	-0.00763937503541202
7081.583	0.00108205624207202	-0.00683756637124492
6307.7358	0.00105088782572557	-0.00612033777143411
5622.5879	0.00101986426187752	-0.00547915875265669
5011.603	0.000991091303191803	-0.00490694637623761
4466.4292	0.000966680916078064	-0.00439214990503036
3981.2773	0.000942766298339322	-0.00393203784493775
3548.8679	0.00091908872295851	-0.00352236335080826
3163.0398	0.000900282021475127	-0.00315485796742922
2819.0986	0.000882062131904743	-0.00282395206778652
2512.4104	0.000869059711859921	-0.00252896942571598
2239.2869	0.000852240999488057	-0.00226710266893017
1995.6381	0.000837441861673013	-0.00203076476262538
1778.2897	0.000825052245256676	-0.00181673754126116
1584.4927	0.000814177924373137	-0.00163002160854001
1412.7418	0.000800899617150007	-0.00146116093135305
1258.7905	0.000794949841469597	-0.00131164097349762
1121.7966	0.000784940621974149	-0.00117579464728953
999.68164	0.000776274574836075	-0.00105442850058254
891.42474	0.000767866615914919	-0.000946417821705129
794.23932	0.000760480862155484	-0.000849117598196443
707.96161	0.00075254732429937	-0.000760878925508533
631.00977	0.000746504574042676	-0.000683096864935175
562.33929	0.000739755127515001	-0.000611536207484724
501.12231	0.000733250661514589	-0.000549088442050347
446.57214	0.000728575958400013	-0.000489980779824559
398.08899	0.00072461214290171	-0.000439466424588863
354.88681	0.000719782220050446	-0.000391683834079534
316.31589	0.000717532249653957	-0.000346759223092595
281.8942	0.000711638753580572	-0.000310731587986961
251.20601	0.000709768702932311	-0.000275487285440128
223.92496	0.000707398324225483	-0.000244560788358506
199.55338	0.000706553245056434	-0.000215081713115054
177.78128	0.000704056371776644	-0.000187486639585045
158.52898	0.000704699906531164	-0.00016297340729634
141.21979	0.000706196285770181	-0.000143276439706635
125.92673	0.000705490705732808	-0.000125095029080871
112.19009	0.000708017001787465	-0.000107860796377504
99.968163	0.000711896347905965	-8.89293962664512e-05
89.115646	0.0007121056609182	-7.68488840164923e-05
79.415741	0.000713668357397973	-6.26518098232207e-05
70.793182	0.000715989541529366	-5.05049156414858e-05
63.082279	0.000717955728754689	-3.96313684069733e-05
56.241825	0.000722829348504678	-3.3747774330971e-05
50.112232	0.000723081380104363	-2.39099628360678e-05
44.671223	0.000727733222746982	-1.69255225765504e-05
39.808899	0.000731067709781965	-1.25630714413096e-05
35.488308	0.000734698263790574	-7.76641774462921e-06
31.629578	0.000738397522613949	1.05737147690018e-07
28.187037	0.000739890488911156	3.60495696965948e-07
25.120602	0.000741570954947983	1.86050479168268e-06
22.385418	0.000747267680094348	5.55600118590641e-06
19.955338	0.00075088548480464	7.99487219204985e-06
17.775894	0.000752782487820948	9.03232553158638e-06
15.846864	0.000753803831024843	9.92299752958061e-06
14.127493	0.000755875677186499	1.37481550526179e-05
12.587309	0.000759419223960386	1.357259354662e-05
11.216775	0.000760027439911589	1.3695195116042e-05
9.9968166	0.000760722042110511	1.4631190158102e-05
8.9082127	0.000763387959395228	1.66612901812008e-05
7.9395623	0.000765492353078442	1.48664390778089e-05
7.0765615	0.000766686189078814	1.70980453950397e-05
6.3105822	0.000768321590080386	1.88539702656364e-05
5.6245475	0.000770127465727844	1.67010580168508e-05
5.0112233	0.000772220475817734	1.83444161599365e-05
4.4642835	0.000773880564792814	1.55778053686763e-05
3.9819033	0.000775208346606852	1.63781754207469e-05
3.5479143	0.000777583918437673	1.87119162998967e-05
3.1629577	0.00077708243221216	1.58368216796375e-05
2.818361	0.000779341498216899	1.85162494060589e-05
2.5112481	0.00078065963953583	1.4717078652617e-05
2.2398233	0.000780667344041982	1.84088005259578e-05
1.9950197	0.000782363929084148	1.52823835074882e-05
1.7775893	0.000781459269346884	1.84117879698771e-05
1.5846864	0.000782868124303656	1.91419473548035e-05
1.4122353	0.000784276095863401	1.67933329666901e-05
1.2582541	0.00078528989831831	1.91881992426856e-05
1.1224822	0.000785696727827246	1.90308912774927e-05
1.0000616	0.000788129706750016	1.92207441820501e-05
0.89082122	0.000791092365193172	2.10449884809492e-05
0.79444051	0.000790819534531127	2.04243578031344e-05
0.70784986	0.000792610332747652	2.1521625726297e-05
0.63126236	0.000793145985675921	2.09807022702362e-05
0.562536	0.000794642884166747	2.14851511569553e-05
0.50118715	0.000797165915795836	2.38693863347134e-05
0.44642836	0.000796411899303382	2.38545968731298e-05
0.39821118	0.000798390264011364	2.50531298944535e-05
0.35475865	0.000799371077118158	2.645921697775e-05
0.31619295	0.00080192467186365	2.90937768815252e-05
0.2819173	0.000804098413016284	2.77348928291949e-05
0.25117323	0.000806592477977372	2.7374570449654e-05
0.22391155	0.000808054763189438	2.9650947160132e-05
0.19957349	0.00080857733476937	3.14398539239879e-05
0.17779917	0.000811582342345415	3.36117878642535e-05
0.15846863	0.000812910948650857	3.4761624346384e-05
0.14123619	0.000816272894251531	3.63860276461891e-05
0.12590662	0.000816948603726714	3.85323316272343e-05
0.1122199	0.000821000921725541	3.87984425136255e-05
0.10002181	0.000822933092025005	4.22487636545932e-05
