10002.226	0.00118484910746468	-0.00958197187688078
8914.9326	0.00114474296959977	-0.00857770941422159
7943.9951	0.0011060386075243	-0.00767579232826415
7081.583	0.001071448829731	-0.00687316478379617
6307.7358	0.00104231236839357	-0.00615032420647192
5622.5879	0.00100839920215864	-0.00550587715951642
5011.603	0.000980245936439834	-0.00493108894853141
4466.4292	0.000955861034414208	-0.00441434104551048
3981.2773	0.000933477123327119	-0.00395181723074052
3548.8679	0.000910818820926264	-0.00354056800938088
3163.0398	0.000890787661519658	-0.00316930209794394
2819.0986	0.000871912031280656	-0.00283806880244483
2512.4104	0.000859092943390275	-0.00254030473390057
2239.2869	0.000842912724962151	-0.00227876869150282
1995.6381	0.000829888869766404	-0.00204152162454458
1778.2897	0.000816385008274395	-0.00182755168734873
1584.4927	0.000803575180652818	-0.00163777800519308
1412.7418	0.000792733164166627	-0.00146806789269678
1258.7905	0.000782821788666915	-0.0013171357086829
1121.7966	0.000774990043358965	-0.00118308052937128
999.68164	0.000765038775687861	-0.00106071638925634
891.42474	0.000757204380233341	-0.00095027049836591
794.23932	0.00075122045018156	-0.000853520429150257
707.96161	0.000743450435714715	-0.000763578045610533
631.00977	0.000735440216262674	-0.000688103996544421
562.33929	0.000729304217446014	-0.00061411359567537
501.12231	0.000724746974092289	-0.000552640233751859
446.57214	0.00071776729231469	-0.000490898402245174
398.08899	0.000712883236037985	-0.000441691260058858
354.88681	0.000709802205326111	-0.000394102211901414
316.31589	0.000704858889453489	-0.000350357152802704
281.8942	0.000701829684721226	-0.000312653253741689
251.20601	0.000696725516754039	-0.000275757399672895
223.92496	0.000699105467055686	-0.000243886841020735
199.55338	0.000696800194917812	-0.000216342148463908
177.78128	0.000694857727973589	-0.000187437315418445
158.52898	0.000697227667558155	-0.000163745804111838
141.21979	0.00069572449908328	-0.000142651945890537
125.92673	0.000696416840474873	-0.000123622776951687
112.19009	0.000698484352884465	-0.000107143992244334
99.968163	0.00070087293137734	-9.10164140839062e-05
89.115646	0.0007029945750866	-7.7170323514026e-05
79.415741	0.000703531656609605	-6.32162869266374e-05
70.793182	0.000706335559752751	-5.2208598731669e-05
63.082279	0.000707822617334417	-4.07338775506825e-05
56.241825	0.000713939145096021	-3.3349481989996e-05
50.112232	0.000713704639831399	-2.30163987185823e-05
44.671223	0.000716983961540979	-1.82906347450351e-05
39.808899	0.000722703488906537	-1.24969352882696e-05
35.488308	0.000725535370870832	-8.56315230294263e-06
31.629578	0.000727950346005304	-1.15497865183171e-06
28.187037	0.000730898016523159	6.1877738372261e-07
25.120602	0.000732447868009063	3.42154393394328e-06
22.385418	0.000735051079950017	7.00251696307554e-06
19.955338	0.000738335634146067	9.52963788942625e-06
17.775894	0.000740668310530938	1.18352434046695e-05
15.846864	0.000744818270284833	1.14101931659305e-05
14.127493	0.000747815015508999	1.45072967520344e-05
12.587309	0.000748079690889629	1.27716401267732e-05
11.216775	0.000749700993651499	1.30932908730222e-05
9.9968166	0.000752285080674122	1.37267390563986e-05
8.9082127	0.000754537164106624	1.79412000118739e-05
7.9395623	0.000756305703273013	1.73452279245631e-05
7.0765615	0.00075869040424151	1.66671805912185e-05
6.3105822	0.000758171752015544	1.73439407684062e-05
5.6245475	0.000760236554287613	1.68619202872979e-05
5.0112233	0.000763256713505671	1.7401406987559e-05
4.4642835	0.000766493459580221	1.55956237820726e-05
3.9819033	0.000763252381394714	1.57742679322643e-05
3.5479143	0.000765732089460446	1.81062350814018e-05
3.1629577	0.000766463181258792	1.68593812870172e-05
2.818361	0.000770612430097783	1.78396065847669e-05
2.5112481	0.000770946035502235	1.79866423965176e-05
2.2398233	0.000770620906302193	1.84142319541625e-05
1.9950197	0.000770962357235485	1.88280993905187e-05
1.7775893	0.000772773739492387	1.71945808617381e-05
1.5846864	0.00077339285252157	1.71543295820846e-05
1.4122353	0.000775611262075268	1.98480128704071e-05
1.2582541	0.000776044234660155	1.86702584329497e-05
1.1224822	0.000776598005120038	1.85882189487926e-05
1.0000616	0.00077588355000779	1.88766300313888e-05
0.89082122	0.000780620742164991	2.03412822290483e-05
0.79444051	0.00078019026178848	2.02932730866658e-05
0.70784986	0.000782074140034101	2.15070898630116e-05
0.63126236	0.000785034513865633	2.16838941454147e-05
0.562536	0.000784365085330258	2.47700316617187e-05
0.50118715	0.00078694230820959	2.37096396603577e-05
0.44642836	0.00078671599054594	2.49596918887443e-05
0.39821118	0.000790961037022606	2.60320136789889e-05
0.35475865	0.000790609024429867	2.66517081426061e-05
0.31619295	0.000791856265875366	2.59885068155658e-05
0.2819173	0.00079398901946215	2.84463179509568e-05
0.25117323	0.000795631805055295	2.97786070231084e-05
0.22391155	0.000800672270159182	3.12597419706643e-05
0.19957349	0.000800260971805884	3.36673745844405e-05
0.17779917	0.000801422193063085	3.38892240759422e-05
0.15846863	0.000804339617572159	3.67849744655518e-05
0.14123619	0.000804293708837507	3.86808162487656e-05
0.12590662	0.000807479796504188	3.72294701777331e-05
0.1122199	0.000810619006137054	4.0697871960073e-05
0.10002181	0.000812174322106187	4.37143994534221e-05
