10002.226	0.00118692377741516	-0.00958193737855785
8914.9326	0.00114425029089883	-0.00857742249093276
7943.9951	0.00110810905736597	-0.00767677608738281
7081.583	0.00107375686813754	-0.00687358534345992
6307.7358	0.00104016735335873	-0.00614950978912188
5622.5879	0.00100895275702901	-0.00550619024408284
5011.603	0.000979557233615088	-0.00493092296588628
4466.4292	0.000956507607820529	-0.00441217035102886
3981.2773	0.000932483469921671	-0.00395127124346294
3548.8679	0.000907792642411356	-0.00354094100737643
3163.0398	0.00089083999178825	-0.00317020240561151
2819.0986	0.000873154614822104	-0.00283876492637756
2512.4104	0.000859512149849433	-0.00254313292307531
2239.2869	0.00084247116629273	-0.00227788257929665
1995.6381	0.00082927600610073	-0.00204001540235363
1778.2897	0.000817375096947733	-0.00182866590473329
1584.4927	0.000805204026391244	-0.00163658897161778
1412.7418	0.000791869965545479	-0.0014698259368264
1258.7905	0.000784526014275328	-0.00131753786026251
1121.7966	0.000774612640914355	-0.00118051872583648
999.68164	0.0007669570764956	-0.00105849650383403
891.42474	0.000755387800831346	-0.000949860327479905
794.23932	0.00075072466207475	-0.00085281689847651
707.96161	0.000743203418706876	-0.00076399053340409
631.00977	0.000735233168665669	-0.000686998403796495
562.33929	0.000729129002325916	-0.000614515373677497
501.12231	0.000724102469415132	-0.000549858474590283
446.57214	0.000719040482196106	-0.000492640267999799
398.08899	0.000713344870006622	-0.000440713552632606
354.88681	0.000707624389081203	-0.000394217023636687
316.31589	0.000708536660599199	-0.000349567922605075
281.8942	0.00070215730849997	-0.000311737470951469
251.20601	0.000698616468998595	-0.0002749528176206
223.92496	0.00069701667777723	-0.000245526787660748
199.55338	0.000695832175358437	-0.000217316595591093
177.78128	0.000697040381203999	-0.000188918746080954
158.52898	0.00069594913422532	-0.000164878927377035
141.21979	0.000695157965231788	-0.000144822916969636
125.92673	0.000696185655590735	-0.000126426522145912
112.19009	0.000697524280951272	-0.000107257825181239
99.968163	0.000700334513560568	-8.91627692579188e-05
89.115646	0.000702104141176112	-7.68347463361147e-05
79.415741	0.000702968402895674	-6.2652735313868e-05
70.793182	0.000706935945837682	-4.92722784757997e-05
63.082279	0.000707441015814534	-4.35724844178188e-05
56.241825	0.000712881197068914	-3.27238683137009e-05
50.112232	0.000714355313686429	-2.43183346800741e-05
44.671223	0.000717338888642347	-1.74589324996244e-05
39.808899	0.000720877020910909	-1.20553133973093e-05
35.488308	0.000724400330207692	-8.85332144143488e-06
31.629578	0.000728156855787521	-1.37422635695594e-06
28.187037	0.000729470581834211	2.35685515061228e-07
25.120602	0.000733237727254847	2.64558480499409e-06
22.385418	0.000735413558250494	8.47522789597816e-06
19.955338	0.000736996137957961	9.34340515203283e-06
17.775894	0.000740556804693634	1.11436692158531e-05
15.846864	0.000742762529572049	1.22961417217424e-05
14.127493	0.000746632480878237	1.12915326406133e-05
12.587309	0.000747145345066255	1.42101513856322e-05
11.216775	0.000749834578098715	1.44576739629753e-05
9.9968166	0.000751800333031381	1.43966913068316e-05
8.9082127	0.000753255195086615	1.49971519714132e-05
7.9395623	0.000755397606660767	1.40955778740588e-05
7.0765615	0.000757262184968397	1.71597842796766e-05
6.3105822	0.00075754827271065	1.68300443752266e-05
5.6245475	0.000760971114736393	1.53633331373016e-05
5.0112233	0.000761749136093615	1.59544404766986e-05
4.4642835	0.000762066574477576	1.64284118377815e-05
3.9819033	0.000764473734686715	1.62883456230685e-05
3.5479143	0.000764284984429294	1.58007460489214e-05
3.1629577	0.000769077443573525	1.74704837883911e-05
2.818361	0.000767366864829402	1.68218583808031e-05
2.5112481	0.000768663368432747	1.64032785710896e-05
2.2398233	0.00076924802468408	1.92652494381403e-05
1.9950197	0.000770092579309006	1.70145265501656e-05
1.7775893	0.000771439730359316	1.7629551453253e-05
1.5846864	0.00077410237902052	1.70239602977412e-05
1.4122353	0.00077286681536495	1.79716590346446e-05
1.2582541	0.000775624474908523	1.88270043952845e-05
1.1224822	0.000776258604177902	1.89151593227912e-05
1.0000616	0.000778364175400508	2.14617141254906e-05
0.89082122	0.000780588554234033	2.00284509082917e-05
0.79444051	0.000781578646774115	2.09831254004627e-05
0.70784986	0.000782383961337144	2.09976367542256e-05
0.63126236	0.000781596132094608	2.23929703964216e-05
0.562536	0.000784154816881128	2.18396349790959e-05
0.50118715	0.000787780633445721	2.26719475404543e-05
0.44642836	0.000786685819049108	2.52484183873714e-05
0.39821118	0.000790616591413823	2.52529025628451e-05
0.35475865	0.000791207765823988	2.64656254607869e-05
0.31619295	0.000793993366275217	2.77643977461679e-05
0.2819173	0.000794086646930149	2.87940609352533e-05
0.25117323	0.000794688828262313	2.88359495944449e-05
0.22391155	0.000798419135922864	3.1230670074084e-05
0.19957349	0.000799951500982883	3.12585351898422e-05
0.17779917	0.000803120525586108	3.23882654364995e-05
0.15846863	0.00080445333659152	3.44890922323626e-05
0.14123619	0.000805874238816599	3.51393042254337e-05
0.12590662	0.000808045852098975	3.87833586228191e-05
0.1122199	0.000809200460578307	4.11421448704468e-05
0.10002181	0.000814129881241519	4.53102175258431e-05
