10002.226	0.00118635414231728	-0.00958111998198881
8914.9326	0.00114636132546123	-0.00857706424116154
7943.9951	0.00110717011814269	-0.00767801886985216
7081.583	0.00107075122352121	-0.00687311645070072
6307.7358	0.00104070144566404	-0.00614948494880684
5622.5879	0.00100991216875672	-0.00550595808719779
5011.603	0.000979790471286515	-0.00493110105626128
4466.4292	0.000956649066668475	-0.00441575031668445
3981.2773	0.000934529480197643	-0.00395269667029735
3548.8679	0.0009090117342886	-0.00354027058827825
3163.0398	0.000892458011285645	-0.00317084518983091
2819.0986	0.000874647204295508	-0.00283821301633231
2512.4104	0.000858666253856326	-0.00254147477151854
2239.2869	0.000841728498845121	-0.00227781903033644
1995.6381	0.000829173527129721	-0.00203984672026173
1778.2897	0.000816138091213869	-0.00182923500684
1584.4927	0.000802426521338657	-0.0016366915622504
1412.7418	0.000791416397644016	-0.00146627695287585
1258.7905	0.000784032786057022	-0.00131633407712455
1121.7966	0.000773760491122969	-0.00118091932125974
999.68164	0.00076610614370364	-0.00105879368977565
891.42474	0.000755369796756986	-0.000949100068812592
794.23932	0.000751102904578758	-0.000853251254917713
707.96161	0.000742224252886249	-0.000764459248093631
631.00977	0.000734599758683743	-0.000684345566052854
562.33929	0.000729847283064878	-0.000614558972883376
501.12231	0.000724840780900139	-0.000550853323262053
446.57214	0.000720005438312385	-0.000490346646748399
398.08899	0.000713055767351605	-0.000440741627668761
354.88681	0.000708490769205179	-0.00039098047077825
316.31589	0.00070741145663809	-0.0003504889331382
281.8942	0.000702537332386402	-0.000311442987537511
251.20601	0.000699140036413241	-0.000275887393851289
223.92496	0.000698651796234125	-0.000244049706632568
199.55338	0.000697867622868302	-0.0002151506195608
177.78128	0.000695928361821403	-0.00018670178179433
158.52898	0.00069522379790476	-0.000163912781539617
141.21979	0.000694625486795071	-0.000143079518870983
125.92673	0.000695672398731521	-0.000125067533730902
112.19009	0.000697727970948939	-0.000107577112784766
99.968163	0.000700786803164365	-8.91698396058828e-05
89.115646	0.000703125605684092	-7.84723094586773e-05
79.415741	0.000702751330280342	-6.32238583748528e-05
70.793182	0.000707224352507238	-5.18514700567473e-05
63.082279	0.000707950795025034	-4.1186760465928e-05
56.241825	0.000712555804388135	-3.15986625863884e-05
50.112232	0.000714644973267548	-2.2349156157186e-05
44.671223	0.000717291782568096	-1.74239672990779e-05
39.808899	0.00071962087739908	-1.25998573756014e-05
35.488308	0.000725571388737607	-7.35438079346389e-06
31.629578	0.000726782023814262	-8.54577964797962e-07
28.187037	0.000731683791743196	4.0392539873829e-07
25.120602	0.000733393597707675	3.95346946102712e-06
22.385418	0.00073550208033111	7.2554917822075e-06
19.955338	0.000739352434730893	7.50615889681019e-06
17.775894	0.000743260480467514	1.06302718607888e-05
15.846864	0.000744303538658041	1.15623236642014e-05
14.127493	0.000744193451753252	9.96057509486446e-06
12.587309	0.000748653199960449	1.31776692117938e-05
11.216775	0.000749108879288155	1.50553874779667e-05
9.9968166	0.000754415829828417	1.47127602374384e-05
8.9082127	0.000752827287799978	1.51671470107082e-05
7.9395623	0.000756223425261954	1.58123790614602e-05
7.0765615	0.000756503528804691	1.8200416883581e-05
6.3105822	0.000759631543930343	1.83685970747526e-05
5.6245475	0.000761741749045125	1.58827971136017e-05
5.0112233	0.000763065154955259	1.83265969339949e-05
4.4642835	0.000762030922437382	1.62603348249435e-05
3.9819033	0.000765113561176601	1.62881964731011e-05
3.5479143	0.000763945963602266	1.77296747587541e-05
3.1629577	0.00076686834799253	1.82623416000557e-05
2.818361	0.000766995296187913	1.77164777244205e-05
2.5112481	0.000769012614981302	1.65117522750774e-05
2.2398233	0.000769294727154795	1.67020887432435e-05
1.9950197	0.000770820609828992	1.70709762798809e-05
1.7775893	0.000773021800112443	1.58968916956067e-05
1.5846864	0.000773785083260945	1.80761762424334e-05
1.4122353	0.000776013107853639	1.99520364294437e-05
1.2582541	0.000775541769748066	1.88874855840672e-05
1.1224822	0.000777417952920278	1.88149707116409e-05
1.0000616	0.000779122849838754	1.85322704533755e-05
0.89082122	0.000779040052510518	2.24363570870336e-05
0.79444051	0.000781955617366056	2.07125198902989e-05
0.70784986	0.000783329564897962	2.05757470650126e-05
0.63126236	0.00078444301582351	2.26948219993928e-05
0.562536	0.000785509468502644	2.3072857421154e-05
0.50118715	0.000786451377421887	2.49653847592933e-05
0.44642836	0.000788520935869824	2.44332148404071e-05
0.39821118	0.000789149740079146	2.59425622876426e-05
0.35475865	0.000790215772464183	2.80930005000438e-05
0.31619295	0.000791662464073086	2.87122151825314e-05
0.2819173	0.000795640819614825	2.70316267434996e-05
0.25117323	0.000795341706820991	3.14865725902253e-05
0.22391155	0.000797226018357755	3.16996428495166e-05
0.19957349	0.000799634109906678	3.16233730836451e-05
0.17779917	0.000804183128717209	3.29602685851363e-05
0.15846863	0.000804508097954121	3.49684904065453e-05
0.14123619	0.000802573376956015	3.62036948659774e-05
0.12590662	0.000809131790759918	3.88430982968235e-05
0.1122199	0.000811128150532321	4.21679690070459e-05
0.10002181	0.000814017680049314	4.22349405321827e-05
