10002.226	0.00118296403704298	-0.00958347130352184
8914.9326	0.00114463728489463	-0.00857714427844693
7943.9951	0.0011078783608546	-0.00767741713579321
7081.583	0.00107256919223845	-0.00687261296359861
6307.7358	0.00104101362477904	-0.00615210539804594
5622.5879	0.00100724580709867	-0.00550892214918549
5011.603	0.0009800717537052	-0.00493202024536438
4466.4292	0.000954660674541908	-0.00441464343958816
3981.2773	0.000932693929034671	-0.00395212352610826
3548.8679	0.000909782567101823	-0.00353913000796956
3163.0398	0.000889432005656708	-0.00316810097286053
2819.0986	0.000873825220637933	-0.00283786118629801
2512.4104	0.000857290290560197	-0.00253842529678866
2239.2869	0.000842781700962141	-0.00227857133576412
1995.6381	0.000828384930340602	-0.00204066620064369
1778.2897	0.000816287454456764	-0.00182671822841739
1584.4927	0.000804235909383052	-0.00163917130494175
1412.7418	0.00079117922630428	-0.00146909277259019
1258.7905	0.000785512541636894	-0.00131603307181608
1121.7966	0.000775533054883969	-0.00118107907767348
999.68164	0.000765603419663059	-0.00105960009547205
891.42474	0.0007583426435253	-0.000951272484639105
794.23932	0.00074847629552687	-0.000853665486571431
707.96161	0.000741414109666546	-0.00076424783625332
631.00977	0.000734172189643102	-0.000687033527309872
562.33929	0.000729225158827618	-0.000615905792687969
501.12231	0.000723544124190809	-0.000549888175262644
446.57214	0.000718598748165791	-0.000492896346289256
398.08899	0.000712490768136558	-0.000442913065552908
354.88681	0.000708673609883741	-0.000392944579603989
316.31589	0.000705972646441381	-0.000350461242331805
281.8942	0.000701008024542352	-0.000312573957764605
251.20601	0.000699980406705506	-0.000275923804840863
223.92496	0.00069772294068352	-0.000243494060467939
199.55338	0.000695145368851754	-0.000214861887525318
177.78128	0.000696070138231162	-0.000188356026414279
158.52898	0.000695376573546921	-0.000164696196102329
141.21979	0.000695550236286479	-0.000143880257146407
125.92673	0.000695865449712951	-0.000123186811685047
112.19009	0.00069946533273325	-0.000106954199820282
99.968163	0.00069970004755655	-9.02637239426314e-05
89.115646	0.000703424790880968	-7.76007491907399e-05
79.415741	0.000703338685364433	-6.24515973393922e-05
70.793182	0.000705025769824995	-5.10019165445304e-05
63.082279	0.000709424651004957	-4.20298373874912e-05
56.241825	0.00071387781798742	-3.23335721967264e-05
50.112232	0.00071299229424977	-2.3236011025937e-05
44.671223	0.000718255987836577	-1.75793845031718e-05
39.808899	0.000719964200628554	-1.26449267406574e-05
35.488308	0.000722996681440816	-7.55738156630594e-06
31.629578	0.000728378865869671	-2.33585250144842e-06
28.187037	0.000729419131254884	-8.53455201914212e-07
25.120602	0.000732421071285933	5.00047983672993e-06
22.385418	0.000735538131101165	6.84359407595083e-06
19.955338	0.000738397126232187	7.71363608185169e-06
17.775894	0.000740314392325731	1.20803075435273e-05
15.846864	0.000744414502495935	1.2300674740164e-05
14.127493	0.00074621970411379	1.40562343246603e-05
12.587309	0.000747590661607415	1.35863770884256e-05
11.216775	0.000749362991859967	1.57315261961754e-05
9.9968166	0.000753048697000435	1.53746873142776e-05
8.9082127	0.000752938768444545	1.59317335424379e-05
7.9395623	0.000753505557430416	1.47943145074951e-05
7.0765615	0.000755476581467957	1.76021269527614e-05
6.3105822	0.000758990706283559	1.88028060584135e-05
5.6245475	0.000760591694067024	1.67959712404699e-05
5.0112233	0.000763648847478189	1.69760258726203e-05
4.4642835	0.000762591997604398	1.68975311131564e-05
3.9819033	0.000765748836560474	1.90157245297818e-05
3.5479143	0.000766510891829112	1.68191529105313e-05
3.1629577	0.000767299561672388	1.77655418689088e-05
2.818361	0.000767238146493013	1.65278531114531e-05
2.5112481	0.000768944980329159	1.78335588918539e-05
2.2398233	0.00077040309331407	1.69551383650947e-05
1.9950197	0.00077063331247336	1.72916420188516e-05
1.7775893	0.000772851903702821	1.7803928256916e-05
1.5846864	0.000772816665865437	1.79292493462408e-05
1.4122353	0.000774188126520927	1.92164723833409e-05
1.2582541	0.000773145809551123	2.01285413315257e-05
1.1224822	0.000777921321086244	2.0820616676344e-05
1.0000616	0.000778452502422405	2.09209752042027e-05
0.89082122	0.000782229036862953	1.97193292285854e-05
0.79444051	0.000780518127911289	1.98079005978415e-05
0.70784986	0.000783869896086775	2.2818498230718e-05
0.63126236	0.000783914034565898	2.30426565763515e-05
0.562536	0.000785054442436157	2.13980023836904e-05
0.50118715	0.0007869572926019	2.45493502632156e-05
0.44642836	0.000787569623174405	2.3866727626359e-05
0.39821118	0.000789729972247233	2.39779860675905e-05
0.35475865	0.000791565214201481	2.80752425631273e-05
0.31619295	0.000792964536059685	3.00594671734868e-05
0.2819173	0.000794278080176617	2.90090231197932e-05
0.25117323	0.000795663533808063	2.91048309074328e-05
0.22391155	0.000797395784191624	3.05611774867666e-05
0.19957349	0.000799194681128378	3.27805785923757e-05
0.17779917	0.000799974046007946	3.35860060643911e-05
0.15846863	0.000801622217625908	3.56621804755674e-05
0.14123619	0.000805403869059691	3.82800129296037e-05
0.12590662	0.000807571174309352	3.69466644547587e-05
0.1122199	0.000809297726333117	3.90733403912027e-05
0.10002181	0.000811314605003086	4.43803671039391e-05
