10002.226	0.00118427613163404	-0.00958255769235893
8914.9326	0.00114417768720115	-0.00857719765542704
7943.9951	0.00110657849387563	-0.00767587544874888
7081.583	0.00106967829747984	-0.00687214466488972
6307.7358	0.0010421410615147	-0.00614940474287557
5622.5879	0.00100967182719073	-0.00550578851626159
5011.603	0.000979114059751591	-0.00493204660302662
4466.4292	0.000956198007059201	-0.00441419236707078
3981.2773	0.000934374268721834	-0.0039523145633745
3548.8679	0.000912316330584546	-0.00354130494917537
3163.0398	0.000890694944235111	-0.00316954402774229
2819.0986	0.000874734638083634	-0.00283796364449337
2512.4104	0.000856702433719774	-0.00254162295361747
2239.2869	0.000842380185887842	-0.00227850048044742
1995.6381	0.000827263002725879	-0.00204243284841353
1778.2897	0.000817535503157194	-0.00182904465207798
1584.4927	0.00080540139000127	-0.00163731188362522
1412.7418	0.000791712919936674	-0.00147141042373482
1258.7905	0.00078276007257534	-0.00131720953567361
1121.7966	0.000774103745446771	-0.00118113426489947
999.68164	0.000766435823246701	-0.00105699486940835
891.42474	0.000756391499800363	-0.000950856740116221
794.23932	0.000749520662101893	-0.00085302261899836
707.96161	0.00074193729214587	-0.000765761996162578
631.00977	0.000735848832491586	-0.000688228815761069
562.33929	0.000731731658875918	-0.000615516618065574
501.12231	0.000723414149076914	-0.000550332174598621
446.57214	0.000718673202329171	-0.000492982676844928
398.08899	0.000712547503645772	-0.000441693088095313
354.88681	0.000708604454915544	-0.00039222557655215
316.31589	0.000706494837892393	-0.000349502601063319
281.8942	0.00070245782378883	-0.000312968087300527
251.20601	0.000701534314158564	-0.000276207050835604
223.92496	0.000697316344861944	-0.00024402789045911
199.55338	0.000697224680018031	-0.000216719654460133
177.78128	0.000696123275955923	-0.0001871196159089
158.52898	0.000695607968897519	-0.000165316771919055
141.21979	0.000695707497212271	-0.000145818402168217
125.92673	0.000695057125408336	-0.000122420862292348
112.19009	0.000697512231530053	-0.000107229408924859
99.968163	0.000701393757197733	-9.10449138216191e-05
89.115646	0.000701655191092247	-7.59016904327581e-05
79.415741	0.000705295885350617	-6.3360401754397e-05
70.793182	0.000706972918518527	-4.9814654167554e-05
63.082279	0.000708065583035922	-4.16948342613046e-05
56.241825	0.000714634206699488	-3.20389160642715e-05
50.112232	0.000715029844714578	-2.28006168342945e-05
44.671223	0.000717291802530459	-1.78310109358965e-05
39.808899	0.00072162022093828	-1.14831840282092e-05
35.488308	0.00072489939399381	-6.78522008948866e-06
31.629578	0.000728669172264886	-2.47161555426204e-06
28.187037	0.000730140976365022	-1.11505590108298e-06
25.120602	0.000732292015216936	3.91572176405145e-06
22.385418	0.000735509997725896	5.73894449723246e-06
19.955338	0.000738379671463426	7.55867573483301e-06
17.775894	0.000743312015752218	1.47528608893359e-05
15.846864	0.000744335635490589	1.11255356790785e-05
14.127493	0.000748297996132991	1.26664141622764e-05
12.587309	0.000746858978164713	1.19355243584672e-05
11.216775	0.000748930856499524	1.40771835233569e-05
9.9968166	0.000752679658182627	1.35075490739906e-05
8.9082127	0.000754551659241786	1.86199039863206e-05
7.9395623	0.0007537888389049	1.42825902873472e-05
7.0765615	0.000756711047104002	1.79910179276451e-05
6.3105822	0.000759293733053801	1.60070682692933e-05
5.6245475	0.000760462244900676	1.57415572286517e-05
5.0112233	0.000761148314187951	1.88976018624491e-05
4.4642835	0.000764693757883217	1.69825156432225e-05
3.9819033	0.000763378015825687	1.79098657075645e-05
3.5479143	0.000763836451671442	1.78848683693451e-05
3.1629577	0.000768242936911009	1.67270897894738e-05
2.818361	0.000768766237676049	1.63596691529046e-05
2.5112481	0.000769758359585505	1.6474676419175e-05
2.2398233	0.000768982680024292	1.71356945813807e-05
1.9950197	0.000769701896548918	1.88910101280024e-05
1.7775893	0.000771945539958576	1.76458671621931e-05
1.5846864	0.000774084206984123	1.68904140919882e-05
1.4122353	0.0007733224251278	1.68594159658052e-05
1.2582541	0.000774204549992011	1.81844428249643e-05
1.1224822	0.000777839343879841	1.98227216116537e-05
1.0000616	0.000778996155257223	1.95463574472092e-05
0.89082122	0.000780092238584558	2.12034516882792e-05
0.79444051	0.000781925765714163	2.18274492162293e-05
0.70784986	0.000780537099027993	2.01214963442069e-05
0.63126236	0.000783642366511708	2.21621576645119e-05
0.562536	0.000786317493150162	2.24421592458225e-05
0.50118715	0.00078717698577046	2.56516620051213e-05
0.44642836	0.000788615884877051	2.43512709599279e-05
0.39821118	0.000791049912684956	2.66930206564345e-05
0.35475865	0.000791484339850479	2.58927571202014e-05
0.31619295	0.000793073687098293	2.96276667642505e-05
0.2819173	0.000793298063910548	2.89182681066915e-05
0.25117323	0.000796050934836817	3.01767575455386e-05
0.22391155	0.000797658114967659	3.16921660476854e-05
0.19957349	0.000798856522100357	3.21691275595924e-05
0.17779917	0.000801652559121442	3.27282721419105e-05
0.15846863	0.000802686095104241	3.51775294738332e-05
0.14123619	0.000803791371263646	3.6129195864127e-05
0.12590662	0.000810155270957076	3.94908024861413e-05
0.1122199	0.000809891538649976	4.04175681747854e-05
0.10002181	0.000813349854395716	4.28443967776357e-05
