10002.226	0.0011866798081194	-0.00958240461798074
8914.9326	0.00114632343611728	-0.00857764219732731
7943.9951	0.00110730472957428	-0.00767643769654832
7081.583	0.00107367709250638	-0.00687431461002262
6307.7358	0.00103998249816602	-0.00615059374185371
5622.5879	0.00100707299804692	-0.00550760257299801
5011.603	0.000978720634349439	-0.00493146447685731
4466.4292	0.00095546487355659	-0.00441200443072481
3981.2773	0.000934027991646203	-0.00395129494505556
3548.8679	0.000909886020349182	-0.00353938147260321
3163.0398	0.000891479474895984	-0.0031696664032219
2819.0986	0.000875696505770769	-0.00283854819015659
2512.4104	0.000858305869381312	-0.00254186944198517
2239.2869	0.000842889269190951	-0.00227763858992115
1995.6381	0.000829891922429214	-0.00203798383975782
1778.2897	0.000816680219115317	-0.00182625739736488
1584.4927	0.000804846905042808	-0.00164009386294853
1412.7418	0.000792740741670162	-0.00146762878351977
1258.7905	0.000783832873555089	-0.00131588800762871
1121.7966	0.000774759169176565	-0.00118291749901203
999.68164	0.000766498901986765	-0.00105908287494247
891.42474	0.000758313160044612	-0.000951263877695238
794.23932	0.000751753364626816	-0.000853281782593437
707.96161	0.000741724733046976	-0.000764830809683004
631.00977	0.000736756928670946	-0.000687857039012473
562.33929	0.000730395473461701	-0.000616225858363099
501.12231	0.000725882634351458	-0.000550057680708809
446.57214	0.000719095685614171	-0.000492549738026514
398.08899	0.000714352344458364	-0.000440317252204026
354.88681	0.000709785508455494	-0.000392923770552972
316.31589	0.000707584553709905	-0.000349823891963415
281.8942	0.000705038774735669	-0.000312947727332303
251.20601	0.000697772566025688	-0.000275397812292959
223.92496	0.000698355832736284	-0.000244540168275502
199.55338	0.000697544486545276	-0.000216886324100691
177.78128	0.000696415272594441	-0.00019016627665759
158.52898	0.000696143609846641	-0.000165229666733414
141.21979	0.000694991289255415	-0.000142861865273921
125.92673	0.000695549085895362	-0.000123634182295772
112.19009	0.00069788392628709	-0.000105731282891792
99.968163	0.000700159726666009	-8.94224083633869e-05
89.115646	0.000702438442513877	-7.80423578792702e-05
79.415741	0.000703240871077281	-6.29968472038085e-05
70.793182	0.000706388187786514	-4.99452923873933e-05
63.082279	0.000708657930700738	-4.12621927051384e-05
56.241825	0.000714331779603454	-3.27937698319216e-05
50.112232	0.000713836416585451	-2.25228683061749e-05
44.671223	0.000718786876555531	-1.76422311073271e-05
39.808899	0.000720386184029708	-1.37018689407101e-05
35.488308	0.00072508126294231	-9.01336430351143e-06
31.629578	0.000726487871916599	-2.4169708897654e-06
28.187037	0.000730834138406079	-5.18309383691776e-07
25.120602	0.000732351437131118	3.4246947603143e-06
22.385418	0.000736010383595882	8.18921023558102e-06
19.955338	0.000737289925952727	9.2856211227136e-06
17.775894	0.000742250732442148	1.42063226354424e-05
15.846864	0.000745480985085548	1.07256735920276e-05
14.127493	0.000747521998697358	1.30960138524895e-05
12.587309	0.00075001461728821	1.44459234338493e-05
11.216775	0.000751545170602852	1.54227351276424e-05
9.9968166	0.000751242554089153	1.40723233409809e-05
8.9082127	0.000753322760523723	1.527624263452e-05
7.9395623	0.000756976959358574	1.64141808079065e-05
7.0765615	0.000758972166376875	1.89699788393561e-05
6.3105822	0.000761164343272068	1.64359686229903e-05
5.6245475	0.000760088412599043	1.61029780110036e-05
5.0112233	0.000762940624838524	1.65332299799892e-05
4.4642835	0.000764509251793975	1.53243209351369e-05
3.9819033	0.000766040065835052	1.65193283204601e-05
3.5479143	0.000767586544847925	1.73547360632927e-05
3.1629577	0.000768420298275633	1.75895389084088e-05
2.818361	0.000767912972669878	1.68546805671827e-05
2.5112481	0.000769432533209147	1.63331390416357e-05
2.2398233	0.000769681131835365	1.70457856405403e-05
1.9950197	0.000771102548426569	1.9102686951382e-05
1.7775893	0.000770992035558341	1.89320301386059e-05
1.5846864	0.000773238845956745	1.99261404851435e-05
1.4122353	0.000774988201970412	1.83983836529575e-05
1.2582541	0.000777353928798036	1.99290883807434e-05
1.1224822	0.000777396197047115	1.9417364864273e-05
1.0000616	0.000777688864510224	1.9243811086671e-05
0.89082122	0.000779481417393493	1.87772808143337e-05
0.79444051	0.000781543265843133	2.06373921508442e-05
0.70784986	0.000781462602625826	2.25302785701674e-05
0.63126236	0.000783912103456615	2.11487980620375e-05
0.562536	0.000783843450001341	2.25248882062175e-05
0.50118715	0.000786578739024285	2.3626863522926e-05
0.44642836	0.000787943988263976	2.50949200958871e-05
0.39821118	0.000790996707993734	2.62673042583356e-05
0.35475865	0.000791617900460069	2.51969969774984e-05
0.31619295	0.000792068529921315	2.76367125239385e-05
0.2819173	0.00079360616670954	2.85037593516568e-05
0.25117323	0.000796595148487467	2.9132331016801e-05
0.22391155	0.000798628238180062	2.99015457820648e-05
0.19957349	0.000800552903733758	3.12310447422019e-05
0.17779917	0.000801781178436131	3.48640880016452e-05
0.15846863	0.000804484694018675	3.53921571663401e-05
0.14123619	0.000805177873875451	3.83065492714906e-05
0.12590662	0.000808069894351117	3.99322393453599e-05
0.1122199	0.000809720905394378	4.1171012710409e-05
0.10002181	0.000813425863443023	4.47398419786467e-05
