10002.226	0.00118323565023632	-0.00947064362511637
8914.9326	0.0011415706542872	-0.0084773013665322
7943.9951	0.00110645801119504	-0.00758802678635867
7081.583	0.00106987521921365	-0.0067926551719416
6307.7358	0.00103775234311813	-0.00607733108700935
5622.5879	0.00100747200020649	-0.00544257275018352
5011.603	0.000975962377589663	-0.00487235209839282
4466.4292	0.000953130068284606	-0.00436367211233985
3981.2773	0.000931828006244887	-0.00390479301711943
3548.8679	0.000907548907562325	-0.00349836044812959
3163.0398	0.000886762566521231	-0.00313317081515205
2819.0986	0.000872584252198341	-0.00280471590823195
2512.4104	0.000853461805673627	-0.00251119834621699
2239.2869	0.000840877152783724	-0.00225094498114274
1995.6381	0.000827908942805019	-0.00201904143029205
1778.2897	0.000812610967673139	-0.00180718940056153
1584.4927	0.000800864460106754	-0.00161976763671275
1412.7418	0.000789141711253694	-0.00145210405677847
1258.7905	0.000779962129340182	-0.00130020511133774
1121.7966	0.000771727426361742	-0.00116876264168627
999.68164	0.000759869897935165	-0.0010466388478321
891.42474	0.000752941023106465	-0.00093893241894584
794.23932	0.000749507295255948	-0.000843276933572667
707.96161	0.000741099633724685	-0.000755105629526661
631.00977	0.000733714007491862	-0.000678490083580144
562.33929	0.000727662868884727	-0.000607504862604143
501.12231	0.000720572440085854	-0.000544108990689404
446.57214	0.000715759431379627	-0.000485783454232499
398.08899	0.000710952078431526	-0.000435558556982166
354.88681	0.000706577580999038	-0.000389791049041475
316.31589	0.000704317999321372	-0.000346234724140548
281.8942	0.000702041391861285	-0.000310370578303135
251.20601	0.000697310791238868	-0.000272677660686977
223.92496	0.000694831164466046	-0.000242355685113061
199.55338	0.000695349923266685	-0.000213333319883864
177.78128	0.000692969388308031	-0.00018652135435554
158.52898	0.000694229827444295	-0.000162159083122889
141.21979	0.000692444648967695	-0.000142502639972627
125.92673	0.000693576421942254	-0.000120993911800057
112.19009	0.000698093552672372	-0.000106631433129163
99.968163	0.000696798080935434	-8.80240877523419e-05
89.115646	0.000698769875492663	-7.64122197112559e-05
79.415741	0.000699189791658482	-6.32331716289788e-05
70.793182	0.000703468999940532	-5.08568880600042e-05
63.082279	0.000706319514042653	-3.91719117447437e-05
56.241825	0.000711064634832473	-3.16274636242585e-05
50.112232	0.000710860802124086	-2.41989136145954e-05
44.671223	0.000715230144219318	-1.80265386668001e-05
39.808899	0.000718357167356706	-1.30061552072346e-05
35.488308	0.000719986498274094	-6.11042638287802e-06
31.629578	0.000723635130086544	-2.76955741947327e-06
28.187037	0.000728480842764167	1.52883338163027e-07
25.120602	0.000729036873943715	4.5162962553399e-06
22.385418	0.000733944936651162	6.00535953595192e-06
19.955338	0.000736399612980835	7.78386625938571e-06
17.775894	0.000739515702926254	1.11299551894667e-05
15.846864	0.000741783156413148	1.07598105778997e-05
14.127493	0.000743759887017873	1.26391872206743e-05
12.587309	0.000746414230365414	1.22800875064379e-05
11.216775	0.000746826746708753	1.49143035834367e-05
9.9968166	0.000750535313593162	1.58999280502914e-05
8.9082127	0.000751894562059932	1.34163508911482e-05
7.9395623	0.000751149629941259	1.3546464780524e-05
7.0765615	0.000755147890172454	1.86292478883603e-05
6.3105822	0.000756935273156254	1.63033161827471e-05
5.6245475	0.000758441024600543	1.65518458917206e-05
5.0112233	0.000759273216526844	1.6684648417692e-05
4.4642835	0.000762732478320757	1.66207335479626e-05
3.9819033	0.000761255960518775	1.62556797611298e-05
3.5479143	0.000761904827386137	1.75218770626329e-05
3.1629577	0.000762980473364795	1.71814071307006e-05
2.818361	0.000765382792050648	1.73129947168385e-05
2.5112481	0.000766603382324594	1.66292578095021e-05
2.2398233	0.000768198357498653	1.65423899308559e-05
1.9950197	0.000768003072426923	1.70914550706206e-05
1.7775893	0.000769672166709499	1.70491034214784e-05
1.5846864	0.000770680806533008	1.71715835264317e-05
1.4122353	0.000773514318586607	1.88546378100685e-05
1.2582541	0.000774394078470736	2.00497000715786e-05
1.1224822	0.000772673555954603	1.90625920963116e-05
1.0000616	0.000774159850497937	1.94559508049951e-05
0.89082122	0.000777731673376256	2.04581639389682e-05
0.79444051	0.000777988652096633	2.06267043780477e-05
0.70784986	0.00077954138195068	2.36021655189793e-05
0.63126236	0.00078132530170406	2.13271589635458e-05
0.562536	0.000783894630615826	2.18704387242893e-05
0.50118715	0.000784990405978581	2.31316917506101e-05
0.44642836	0.000784289254080486	2.4606110220589e-05
0.39821118	0.0007875295143441	2.53460637989432e-05
0.35475865	0.000787344331333972	2.68338208944989e-05
0.31619295	0.000790122160635769	2.81402257654959e-05
0.2819173	0.000790376424855168	2.8387839723655e-05
0.25117323	0.000793389610928306	2.97080909962594e-05
0.22391155	0.000795501802959544	3.27963651962923e-05
0.19957349	0.000798351396622212	3.26750753131571e-05
0.17779917	0.000799542872937549	3.39461355659544e-05
0.15846863	0.000800634897683997	3.41295993015868e-05
0.14123619	0.000802432090952208	3.53944999551045e-05
0.12590662	0.000805928853032832	3.9691680258695e-05
0.1122199	0.000807186423403443	4.09981723952011e-05
0.10002181	0.000811318133521204	4.18139221277783e-05
