10002.226	0.0011824346901338	-0.00946813375291021
8914.9326	0.00114354223291105	-0.00847814141707507
7943.9951	0.00110361795335454	-0.00758745320067893
7081.583	0.00107071776314771	-0.00679293823131008
6307.7358	0.00103829601957893	-0.00607769392903708
5622.5879	0.0010073436995142	-0.00544186994232413
5011.603	0.000977179540743982	-0.00487350889692561
4466.4292	0.000955694128163847	-0.00436235524477186
3981.2773	0.000930457535679089	-0.00390599976309041
3548.8679	0.00090602926950342	-0.00349750452739407
3163.0398	0.000889899073302972	-0.00313311077505257
2819.0986	0.000870231400629775	-0.00280385815817409
2512.4104	0.000855588651788174	-0.0025126353489004
2239.2869	0.000840238134638538	-0.00225113310759279
1995.6381	0.000827009712534691	-0.00201522109609419
1778.2897	0.000812218829879125	-0.00180811342190401
1584.4927	0.00080249636215458	-0.00161802127073675
1412.7418	0.000788582212911631	-0.00145117407553623
1258.7905	0.000780825331291001	-0.00130308214525734
1121.7966	0.000773682489143873	-0.00116939323850325
999.68164	0.00076235803242373	-0.00104556412429036
891.42474	0.000756510670077777	-0.000939185885350559
794.23932	0.000744856943491994	-0.000844883351130471
707.96161	0.000739875810442665	-0.000756066624606161
631.00977	0.000733946059540858	-0.000677769514275268
562.33929	0.000725177614005491	-0.000606798206370984
501.12231	0.000722757197956926	-0.000543919196342238
446.57214	0.000717696531652905	-0.000487068516709336
398.08899	0.000711708436439488	-0.000436367275067805
354.88681	0.000706479073077856	-0.0003890957127274
316.31589	0.000704595619085494	-0.000346582386987162
281.8942	0.000698495446960705	-0.000309318103703354
251.20601	0.000696425583458444	-0.00027450450448663
223.92496	0.000695255829177402	-0.000241294347021424
199.55338	0.000694146960726397	-0.000213154660365881
177.78128	0.000695742838011571	-0.000185943997608158
158.52898	0.000693215693716731	-0.00016182002651673
141.21979	0.000692978018990355	-0.000141559403679177
125.92673	0.000693796602861498	-0.000121289679553752
112.19009	0.000695442307371439	-0.000106656978089995
99.968163	0.000698251553701978	-9.00794505516669e-05
89.115646	0.000700152463668054	-7.30944160829919e-05
79.415741	0.000699790174807017	-6.31566603606705e-05
70.793182	0.000703804466595587	-4.86504454665699e-05
63.082279	0.00070468031148756	-3.9744457607244e-05
56.241825	0.00071109376808485	-3.24790410532984e-05
50.112232	0.000714156502466383	-2.19322844658527e-05
44.671223	0.000713567495680537	-1.81830408298812e-05
39.808899	0.000719726192326613	-1.30170228405048e-05
35.488308	0.000722953689114493	-7.96799520609677e-06
31.629578	0.000723788081259345	-3.09394650121748e-06
28.187037	0.000727262457639341	9.56090803964798e-07
25.120602	0.000729082840022409	4.2972544120994e-06
22.385418	0.000735437196035833	8.346146015598e-06
19.955338	0.000735540005385521	8.96227768908005e-06
17.775894	0.000738134090241855	1.00013318743768e-05
15.846864	0.000742446806962991	1.05407745778392e-05
14.127493	0.000743453525128986	1.41136629579446e-05
12.587309	0.000746900836107444	1.31731609763908e-05
11.216775	0.000746718626347638	1.47604505650795e-05
9.9968166	0.000750030611828753	1.27324634865032e-05
8.9082127	0.000750581883769902	1.52786511621662e-05
7.9395623	0.000751994616834505	1.67289128154607e-05
7.0765615	0.000754687156175019	1.5993521081861e-05
6.3105822	0.000758001038441233	1.53111662324556e-05
5.6245475	0.000758231070607129	1.53976891669013e-05
5.0112233	0.000761175291103659	1.3948551934168e-05
4.4642835	0.000760877078255644	1.71716897303449e-05
3.9819033	0.000761343609699791	1.6593479146191e-05
3.5479143	0.000762170853980375	1.57932123694338e-05
3.1629577	0.000765809135612389	1.73654446424216e-05
2.818361	0.000766628730443214	1.65143619761154e-05
2.5112481	0.000767114310306612	1.63909065651971e-05
2.2398233	0.000767751771413909	1.64967875152793e-05
1.9950197	0.000769661488249913	1.63334238047724e-05
1.7775893	0.000770127195753777	1.71740343737069e-05
1.5846864	0.000770146168903623	1.80224145395199e-05
1.4122353	0.000771074926854195	1.92193822992103e-05
1.2582541	0.00077388875634543	1.95910978796133e-05
1.1224822	0.000772885248374815	1.85814757333486e-05
1.0000616	0.000776931657312017	1.9929203420899e-05
0.89082122	0.000776369697295595	2.11122846755437e-05
0.79444051	0.000778270522828631	2.08337091328185e-05
0.70784986	0.000781567586746522	2.15566414737121e-05
0.63126236	0.000781197937385179	2.29578989781058e-05
0.562536	0.000781675843436533	2.19533754531396e-05
0.50118715	0.000782460287673178	2.1802255948792e-05
0.44642836	0.000785994291860926	2.26742237603554e-05
0.39821118	0.000789070324865451	2.44111443026916e-05
0.35475865	0.000790009848321135	2.42965379860358e-05
0.31619295	0.000790302950149634	2.7261901664334e-05
0.2819173	0.000791266386933326	2.7782061863244e-05
0.25117323	0.00079281035607325	2.87493916824702e-05
0.22391155	0.000796092912061207	2.85962217903494e-05
0.19957349	0.000796968969646066	3.22903867506388e-05
0.17779917	0.000799037537416504	3.34606478783496e-05
0.15846863	0.00080102720860193	3.38171698500633e-05
0.14123619	0.0008026571752711	3.69307930522043e-05
0.12590662	0.000806674834391543	3.84424380038643e-05
0.1122199	0.0008068342910204	3.87249698924346e-05
0.10002181	0.000810328485677142	4.24785035575878e-05
