10002.226	0.00118451082691948	-0.00946987324735674
8914.9326	0.00114148093356417	-0.00847758132575393
7943.9951	0.00110454683977596	-0.00758815269030258
7081.583	0.00107054217992254	-0.0067944877715594
6307.7358	0.00104002428808984	-0.00608103928614893
5622.5879	0.0010045190190315	-0.00543889439541147
5011.603	0.000978035816307676	-0.00487408000129646
4466.4292	0.000953064721544133	-0.00436292968385159
3981.2773	0.000932122756959522	-0.0039055161418009
3548.8679	0.000908412713098646	-0.00349775974234887
3163.0398	0.000888940734004988	-0.00313297406480626
2819.0986	0.000872666227041004	-0.00280417129903767
2512.4104	0.000853269519890886	-0.00251086624378586
2239.2869	0.000837479064235499	-0.00225153100426824
1995.6381	0.000826782259292948	-0.00201526281832128
1778.2897	0.000813562695316135	-0.00180548931725993
1584.4927	0.000800138960211154	-0.00161887370407064
1412.7418	0.00078822050412169	-0.00145004473657319
1258.7905	0.000780937697244816	-0.00130193705472366
1121.7966	0.000770549573886043	-0.00116844525206047
999.68164	0.000764670333568481	-0.00104710371443266
891.42474	0.00075510694497396	-0.000938801361309991
794.23932	0.000746169366422872	-0.000843053319675503
707.96161	0.000740013384648767	-0.000753179628381577
631.00977	0.000735034762890133	-0.000678908060603542
562.33929	0.000728169445085415	-0.000608171506082572
501.12231	0.000720412168289601	-0.00054365981795631
446.57214	0.000715233231916069	-0.000487040388628268
398.08899	0.000710767275180883	-0.000436054444650565
354.88681	0.000705449354601405	-0.000387052601373094
316.31589	0.000702708457596171	-0.000345389512507068
281.8942	0.000700307789182197	-0.000308304664163312
251.20601	0.000696534860917803	-0.000272585481629265
223.92496	0.000695919404191282	-0.000240512663352022
199.55338	0.00069315494805606	-0.000214470814733363
177.78128	0.00069383539239003	-0.000186348903514759
158.52898	0.000693040399350269	-0.000161355692938716
141.21979	0.000693590099865305	-0.000141903687453068
125.92673	0.00069351434584595	-0.000121083581859794
112.19009	0.000694314728360347	-0.000105650081371076
99.968163	0.000697757367694002	-8.91222055145868e-05
89.115646	0.000700889789617688	-7.50154092575403e-05
79.415741	0.000700814128568263	-6.24728874360649e-05
70.793182	0.00070274315031431	-4.90948281106175e-05
63.082279	0.000706339154637298	-4.12133970713831e-05
56.241825	0.000710533606837382	-3.23867548666451e-05
50.112232	0.000711552719153267	-2.27201275226553e-05
44.671223	0.000715053211181502	-1.9075754463608e-05
39.808899	0.000720284362923551	-1.33994120629574e-05
35.488308	0.000721656643442931	-8.21420895163177e-06
31.629578	0.000723774458239888	-6.60595335810856e-07
28.187037	0.000727034976428928	-3.5966064798827e-08
25.120602	0.000728870088213236	4.30526510259285e-06
22.385418	0.000733763134465937	8.01553836079524e-06
19.955338	0.00073556449415512	9.95270728135314e-06
17.775894	0.000738409623194814	1.09307280257743e-05
15.846864	0.000741464577167927	1.05871116766397e-05
14.127493	0.000744903189491208	1.33093309716739e-05
12.587309	0.000745171556250191	1.33333364652356e-05
11.216775	0.000747088132255708	1.3365362519024e-05
9.9968166	0.000750701853116618	1.3682758078999e-05
8.9082127	0.000749760438766148	1.49298122804435e-05
7.9395623	0.000752261238786768	1.67884236191378e-05
7.0765615	0.00075377182671433	1.85922565279674e-05
6.3105822	0.000757245827195892	1.65751875680573e-05
5.6245475	0.000757405652039518	1.72301464208905e-05
5.0112233	0.000760060303615821	1.74208007190507e-05
4.4642835	0.000761439550322451	1.69537617602651e-05
3.9819033	0.000761055341519195	1.72793846996666e-05
3.5479143	0.000764391890287212	1.76164696168782e-05
3.1629577	0.00076672917212746	1.65934537837761e-05
2.818361	0.000763996010004454	1.61831463624985e-05
2.5112481	0.000768130440267042	1.62217060842288e-05
2.2398233	0.000766608983778066	1.65617372765009e-05
1.9950197	0.000767248416386641	1.82871242203852e-05
1.7775893	0.000768826884144117	1.67707673600935e-05
1.5846864	0.000772130308704995	1.89251375808793e-05
1.4122353	0.000772049492762651	1.83437972390141e-05
1.2582541	0.000773081427100166	1.7352861106183e-05
1.1224822	0.000771004398762244	1.98074282425561e-05
1.0000616	0.000776568154037194	2.11488583946007e-05
0.89082122	0.000777511542960087	1.91443470528272e-05
0.79444051	0.000779111583353982	1.99025489612827e-05
0.70784986	0.00077916969261882	2.21935693723872e-05
0.63126236	0.000781023661270042	1.96093122412443e-05
0.562536	0.00078125333992254	2.33051428126426e-05
0.50118715	0.000783913520317397	2.50797089663169e-05
0.44642836	0.000785659520230814	2.2883171614936e-05
0.39821118	0.000786731774374063	2.55080548992835e-05
0.35475865	0.00078819250125465	2.73900059758125e-05
0.31619295	0.000789387739832549	2.55685208853569e-05
0.2819173	0.000790736346438367	2.82007361417351e-05
0.25117323	0.000794156307362741	3.05092944109078e-05
0.22391155	0.000796087011948673	3.1003273160181e-05
0.19957349	0.000796707458137123	3.1813805416473e-05
0.17779917	0.000798643324915889	3.33494552999326e-05
0.15846863	0.000801288830970189	3.68568290198091e-05
0.14123619	0.000802138653424704	3.65248965374424e-05
0.12590662	0.000805583549671947	4.02486612035511e-05
0.1122199	0.000807376733951551	3.87182343325087e-05
0.10002181	0.000811422952454772	4.40250063357162e-05
