10002.226	0.00118480153453459	-0.00946969616612649
8914.9326	0.00114385818228843	-0.00847598576907084
7943.9951	0.00110284181876225	-0.00758985922258718
7081.583	0.00106885621027622	-0.0067924210388091
6307.7358	0.00103960267733286	-0.00607776592311857
5622.5879	0.00100749441790577	-0.00544203796408139
5011.603	0.000977568685338565	-0.00487367685917058
4466.4292	0.000954119899731681	-0.0043640644867511
3981.2773	0.000931255466841893	-0.00390585615301723
3548.8679	0.00090837923890414	-0.00349787509393855
3163.0398	0.000887596103853	-0.00312982056229161
2819.0986	0.000873871097090261	-0.00280531557839019
2512.4104	0.000854457279189987	-0.0025116128461933
2239.2869	0.00083934683835538	-0.0022526011210089
1995.6381	0.000826907917626576	-0.00201624770325021
1778.2897	0.000810709623266716	-0.00180843929056372
1584.4927	0.00080129027609246	-0.00162104236158256
1412.7418	0.000790187494269951	-0.00145119625460595
1258.7905	0.000782951975264071	-0.00129957400068224
1121.7966	0.000772288575007271	-0.00116702950011211
999.68164	0.00076279518538717	-0.00104498227343305
891.42474	0.000754036016253049	-0.000938703150948625
794.23932	0.000746825067387654	-0.000843193042211339
707.96161	0.000740169692569456	-0.000755348181593307
631.00977	0.000732466344771279	-0.000677061889399244
562.33929	0.000727540575921667	-0.000607324964758376
501.12231	0.000720997152879857	-0.000543741338812084
446.57214	0.000714989269837637	-0.000487274241558285
398.08899	0.000709887130475361	-0.000435827126125162
354.88681	0.000706284595147199	-0.000389417664474805
316.31589	0.000704693723568165	-0.00034624615189206
281.8942	0.000700347940768007	-0.000308724966344079
251.20601	0.000695246456264226	-0.000273692507907244
223.92496	0.000695945316077801	-0.000241292177330751
199.55338	0.000694931842671754	-0.000213489077604954
177.78128	0.000692402220863572	-0.000184969366157823
158.52898	0.000693220253409104	-0.000160912804356518
141.21979	0.000691699131618611	-0.000142676787042597
125.92673	0.000692604672131274	-0.000124120794474014
112.19009	0.000695805133008679	-0.000108114668463218
99.968163	0.000697770507670946	-8.90587491983269e-05
89.115646	0.000698523758140684	-7.46430473797596e-05
79.415741	0.000700217277609955	-6.34538317213962e-05
70.793182	0.000703409261345263	-5.10836181179853e-05
63.082279	0.000705054904175531	-3.92063024757184e-05
56.241825	0.000710620720073865	-3.10801290557863e-05
50.112232	0.000712481384572642	-2.36083111842148e-05
44.671223	0.000715289742930173	-1.88396437030627e-05
39.808899	0.000718189164752049	-1.4540374000616e-05
35.488308	0.000721512198724424	-7.16946876459229e-06
31.629578	0.000725899564833832	-1.59364500383208e-06
28.187037	0.000726940007964871	4.79259032505125e-07
25.120602	0.000729100217149627	3.66086645008854e-06
22.385418	0.000732884380686037	6.45092081055046e-06
19.955338	0.000738347434969044	9.60567423090552e-06
17.775894	0.000740201344620917	1.18731708700418e-05
15.846864	0.00074230442045428	1.09503879628814e-05
14.127493	0.00074365003053267	1.24573154280251e-05
12.587309	0.000745616651566709	1.36722910668424e-05
11.216775	0.000746783316191328	1.41007049920765e-05
9.9968166	0.000750015986940616	1.21690936058413e-05
8.9082127	0.000751314516128843	1.33428194946711e-05
7.9395623	0.000755661319741934	1.50520300276314e-05
7.0765615	0.000754279811264893	1.67558209282677e-05
6.3105822	0.000757562927239809	1.87570497732685e-05
5.6245475	0.0007567012757957	1.5573678791527e-05
5.0112233	0.000760600432137934	1.65921293041115e-05
4.4642835	0.00076060620337268	1.59669675455586e-05
3.9819033	0.000760962088656056	1.76955091967278e-05
3.5479143	0.000763348177312235	1.63312685067552e-05
3.1629577	0.000763481575112415	1.73067268946139e-05
2.818361	0.000764715347348357	1.54070615418604e-05
2.5112481	0.000765797976136256	1.7638269274771e-05
2.2398233	0.000767870273011714	1.63421645166944e-05
1.9950197	0.000767693606459255	1.57250919974568e-05
1.7775893	0.000767695930781016	1.7052924802506e-05
1.5846864	0.000771241447188853	1.88695397809935e-05
1.4122353	0.00077258737818294	1.74987440287397e-05
1.2582541	0.000773860920281689	1.96430425504331e-05
1.1224822	0.000772328441868587	1.89861251886235e-05
1.0000616	0.000773768354371352	1.96127203203517e-05
0.89082122	0.000776463451097882	2.03709205936623e-05
0.79444051	0.000777536991485074	2.01796853804046e-05
0.70784986	0.000776763539667706	2.22533676304117e-05
0.63126236	0.000780517808263296	2.12268867268063e-05
0.562536	0.000783087343938039	2.38422034757252e-05
0.50118715	0.000784046305683936	2.40780095404517e-05
0.44642836	0.000786121885107474	2.47567025818239e-05
0.39821118	0.000788126729330851	2.57122297545562e-05
0.35475865	0.000788578650406328	2.46423714594991e-05
0.31619295	0.000790128040150902	2.67180323441496e-05
0.2819173	0.00079070472251544	2.89770405293874e-05
0.25117323	0.000792257584489776	2.79617890434867e-05
0.22391155	0.000795573377855491	3.04751750525158e-05
0.19957349	0.000797465650591017	3.20106092676337e-05
0.17779917	0.000799135984567812	3.36073185307225e-05
0.15846863	0.000800825176983136	3.52578140535298e-05
0.14123619	0.000802186056949077	3.727018424764e-05
0.12590662	0.000804121856554629	3.77619635405658e-05
0.1122199	0.000805598434951877	3.9928162492821e-05
0.10002181	0.000809056205933785	4.23670616945524e-05
