10002.226	0.00118288062766599	-0.00947051971090516
8914.9326	0.00114246500532255	-0.00847778941189521
7943.9951	0.00110410754992241	-0.00758815869994773
7081.583	0.00107057161685608	-0.00679340068152406
6307.7358	0.00103912811985832	-0.00607717043918407
5622.5879	0.00100624156471854	-0.00544128892842044
5011.603	0.000979255630381623	-0.0048726850493178
4466.4292	0.000954565133424466	-0.004360261785386
3981.2773	0.000930021740991882	-0.00390642689774418
3548.8679	0.000907981840209691	-0.00349816857177538
3163.0398	0.000889318838913518	-0.00313348560626331
2819.0986	0.000870521353969089	-0.00280560392303012
2512.4104	0.000853691497195369	-0.00251221788443448
2239.2869	0.000840859703548356	-0.00225066300720032
1995.6381	0.000825647512059888	-0.0020187468447559
1778.2897	0.00081322923434124	-0.00180684300225846
1584.4927	0.000801605427099333	-0.00162045626663114
1412.7418	0.00078919242910592	-0.00145253234614829
1258.7905	0.000782262616916117	-0.00130063331115168
1121.7966	0.000771455673166308	-0.00116909712434671
999.68164	0.000763746363440152	-0.00104634754449079
891.42474	0.000754425732926026	-0.000939818980775
794.23932	0.000748993459075853	-0.000844037839414095
707.96161	0.000739033300121898	-0.000755155428065879
631.00977	0.000731619456565519	-0.000679407391422629
562.33929	0.000728195032716242	-0.000607047664552516
501.12231	0.000720632435554907	-0.000543774352589892
446.57214	0.000715530727140167	-0.000485513924841296
398.08899	0.000710287364372192	-0.000435055715713779
354.88681	0.000705202020844819	-0.000388703308520616
316.31589	0.000705442368875959	-0.000344501164311892
281.8942	0.000700632282946372	-0.000310918376237545
251.20601	0.000692755205161994	-0.000272638253808178
223.92496	0.000696754649137074	-0.000241449209901342
199.55338	0.000694086254632993	-0.000213298216105098
177.78128	0.000693366572506791	-0.000183851061319459
158.52898	0.000694497723233757	-0.00016051852188652
141.21979	0.000692277413989328	-0.000139350817645321
125.92673	0.000691098910457543	-0.000121429704276549
112.19009	0.000695811631513043	-0.000105992941834965
99.968163	0.000696584053052499	-8.8020910223291e-05
89.115646	0.000699982459078491	-7.47764101152721e-05
79.415741	0.00070059350034482	-6.11500767995253e-05
70.793182	0.000703929377036624	-5.05376910862338e-05
63.082279	0.000708323413225755	-4.03559561382656e-05
56.241825	0.000711137513578311	-3.15565824086199e-05
50.112232	0.000711437680377723	-2.35195823855067e-05
44.671223	0.000715138119776451	-1.87650788932413e-05
39.808899	0.000716838085091193	-1.32908664722893e-05
35.488308	0.00072125522241198	-7.73397615444453e-06
31.629578	0.000725943275408088	-1.69513198523288e-06
28.187037	0.000726390046138004	1.36757861014458e-06
25.120602	0.000731065090312552	4.18808045331012e-06
22.385418	0.000733573161422337	6.06877065287628e-06
19.955338	0.000733829563256566	8.62584705527519e-06
17.775894	0.000738463663935981	1.0656303271198e-05
15.846864	0.000740917577843236	1.06530730209301e-05
14.127493	0.00074366541282065	1.35068916204686e-05
12.587309	0.000746433753700089	1.47518199040935e-05
11.216775	0.000746538256084423	1.27174434571392e-05
9.9968166	0.000750259746841261	1.3325736362369e-05
8.9082127	0.00075189416290724	1.67957981798429e-05
7.9395623	0.000753231054512169	1.74552821794114e-05
7.0765615	0.000755328092420406	1.72698452821912e-05
6.3105822	0.000757050071767686	1.70324792261284e-05
5.6245475	0.000758053598492821	1.6125123419912e-05
5.0112233	0.000760560120753989	1.68409666405084e-05
4.4642835	0.000762514348525957	1.73889796993492e-05
3.9819033	0.000760824740409167	1.59730089336417e-05
3.5479143	0.000763902410080825	1.67603302502099e-05
3.1629577	0.000762632963580162	1.83656019587159e-05
2.818361	0.000765437578399011	1.51227869802442e-05
2.5112481	0.000766428721223273	1.7325739302931e-05
2.2398233	0.00076943954291733	1.76046009102791e-05
1.9950197	0.000767138904906133	1.61385645064292e-05
1.7775893	0.000768092553871049	1.83784222896282e-05
1.5846864	0.000769505319177863	1.94249875504627e-05
1.4122353	0.000772784669949929	1.88933061404492e-05
1.2582541	0.000772158602691175	2.03905912663298e-05
1.1224822	0.000774568026938314	2.02319321885558e-05
1.0000616	0.000775776774920952	1.92136272875343e-05
0.89082122	0.000776251381242083	1.98150284511291e-05
0.79444051	0.000777089075864176	2.05259985342059e-05
0.70784986	0.00078082821539042	1.99126127256512e-05
0.63126236	0.000780854415481396	2.12685043268923e-05
0.562536	0.000784184603808903	2.29875282759791e-05
0.50118715	0.000784395256182022	2.50658206657766e-05
0.44642836	0.000786606589294125	2.27182254730039e-05
0.39821118	0.000787085597334946	2.37333504338012e-05
0.35475865	0.000786873861307565	2.56378768330714e-05
0.31619295	0.000789761240212048	2.9413255952931e-05
0.2819173	0.000791631357718512	2.90871951244459e-05
0.25117323	0.000795097215748548	2.83644628171736e-05
0.22391155	0.000795721101783598	3.07504461599877e-05
0.19957349	0.000797093543417917	3.28314800155613e-05
0.17779917	0.000797777766384667	3.30892183461462e-05
0.15846863	0.000799279018741583	3.31434834999522e-05
0.14123619	0.000801944139852332	3.60980994087901e-05
0.12590662	0.000803162893990672	3.95481599025521e-05
0.1122199	0.000809192646526296	3.91559475910921e-05
0.10002181	0.000811893149245922	4.23962948623687e-05
