10002.226	0.00118272335901956	-0.0094679159747266
8914.9326	0.00114389889139784	-0.00847722563282736
7943.9951	0.001105115137618	-0.00758853666670509
7081.583	0.00107040339933609	-0.00679193392892876
6307.7358	0.00103606313528661	-0.0060777209761089
5622.5879	0.00100526648234819	-0.00544157376310956
5011.603	0.000977283169680698	-0.00487276396067248
4466.4292	0.000952919753764782	-0.00436319684916911
3981.2773	0.000929237002827191	-0.00390573140508166
3548.8679	0.000908335548934198	-0.00349895811167322
3163.0398	0.000889563332388284	-0.00313469446098422
2819.0986	0.000872701240675368	-0.0028047713276809
2512.4104	0.000855561682189567	-0.00251176311460574
2239.2869	0.000839234941081019	-0.00225221541200559
1995.6381	0.000825383927965103	-0.00201741517182566
1778.2897	0.000813407830087543	-0.00180650743912005
1584.4927	0.000801219224955244	-0.00161840353308192
1412.7418	0.000787734713038847	-0.00145276803973519
1258.7905	0.000781572667939181	-0.00130072285692909
1121.7966	0.00077161878484945	-0.00116739436684351
999.68164	0.000763364777078894	-0.00104660720389076
891.42474	0.000753995250880059	-0.000939366222459332
794.23932	0.000748220453898418	-0.000844344865065778
707.96161	0.000740651103944859	-0.000754937734800783
631.00977	0.000733799262297608	-0.000678745443898207
562.33929	0.000724289118490043	-0.000608020380629869
501.12231	0.000721459846445119	-0.000544424703320832
446.57214	0.000715274339096077	-0.000486771436941068
398.08899	0.000711760645523463	-0.000434844104786906
354.88681	0.000706230894616329	-0.000389838365421873
316.31589	0.000705687255443566	-0.0003449233960291
281.8942	0.000697551364774111	-0.000308342664400255
251.20601	0.000696035349827007	-0.000271501557982905
223.92496	0.000695874629070353	-0.000240321449744135
199.55338	0.000694604399127802	-0.000212372685303296
177.78128	0.000693856290181445	-0.000187235861495797
158.52898	0.000693827961710693	-0.000162366449554153
141.21979	0.000691854219996023	-0.000144078975056133
125.92673	0.000693193958318229	-0.000122267672161164
112.19009	0.000694105475251385	-0.000107748646708209
99.968163	0.000698583520303338	-8.80172478700932e-05
89.115646	0.000698949043523935	-7.51867074756965e-05
79.415741	0.000699416488131837	-6.20032078413671e-05
70.793182	0.000702637674611911	-5.19584837602454e-05
63.082279	0.000706199342621805	-4.06832163869246e-05
56.241825	0.000711836350747396	-3.30554502103615e-05
50.112232	0.000712470948090067	-2.20578454532477e-05
44.671223	0.000715728376653845	-1.97809338767312e-05
39.808899	0.000718566154536411	-1.085393589792e-05
35.488308	0.000721031713315445	-7.60548959344591e-06
31.629578	0.000724753238280463	-3.06271149735132e-06
28.187037	0.000728346723936775	-1.39069423197379e-06
25.120602	0.00072988144918949	4.56490213366587e-06
22.385418	0.000732717334549974	7.26042007695582e-06
19.955338	0.000734661795586173	6.68653772402922e-06
17.775894	0.000739446940447778	1.03471609353767e-05
15.846864	0.000741558434122362	1.05768912863389e-05
14.127493	0.000742822881738466	1.39295940816208e-05
12.587309	0.000745195187025444	1.30417521123967e-05
11.216775	0.000747024197240692	1.37913293356348e-05
9.9968166	0.00074868410273277	1.2276210538664e-05
8.9082127	0.000751368453133421	1.49343063259372e-05
7.9395623	0.000753462827295543	1.7213531340105e-05
7.0765615	0.000755146036758967	1.64943906845022e-05
6.3105822	0.000757189628305781	1.74470828759117e-05
5.6245475	0.000757029935797161	1.62106191867457e-05
5.0112233	0.000761125125484927	1.80521604710453e-05
4.4642835	0.000761332228162599	1.61233315574931e-05
3.9819033	0.000760537904839164	1.76121257413328e-05
3.5479143	0.000763568952896794	1.77846561391095e-05
3.1629577	0.000764095133397292	1.58188470754372e-05
2.818361	0.000767193368751257	1.82761039805686e-05
2.5112481	0.00076718417960763	1.60797372863044e-05
2.2398233	0.000767698562858826	1.90603071812815e-05
1.9950197	0.000767203928977915	1.69061137166647e-05
1.7775893	0.000770180526806028	1.86745704043841e-05
1.5846864	0.000772959582950013	1.77388752700291e-05
1.4122353	0.00077317049972246	1.78774934450412e-05
1.2582541	0.000773080585994775	1.83456066783934e-05
1.1224822	0.00077415173412036	1.92558204719012e-05
1.0000616	0.000776812545725067	2.15635272589475e-05
0.89082122	0.000775368943839792	2.09454639358725e-05
0.79444051	0.000778990387506217	2.25452382072369e-05
0.70784986	0.000778187973699585	2.35745840026551e-05
0.63126236	0.000781343928495513	2.34049764094568e-05
0.562536	0.000781488014296073	2.28652175384915e-05
0.50118715	0.000783785383534932	2.30966951593244e-05
0.44642836	0.000786532417487305	2.3532120360541e-05
0.39821118	0.000787864548258431	2.78377495123931e-05
0.35475865	0.000787643994731142	2.70831145142422e-05
0.31619295	0.000789015954972951	2.74298434021639e-05
0.2819173	0.000790342639382523	2.82340474755162e-05
0.25117323	0.000792336954928816	2.88106261407528e-05
0.22391155	0.000795124567751435	3.00671628964348e-05
0.19957349	0.000796119545284497	3.10416799052177e-05
0.17779917	0.000800003093178391	3.33100448549586e-05
0.15846863	0.000801823744270903	3.63199126388352e-05
0.14123619	0.000802311156103845	3.70191331318944e-05
0.12590662	0.000805467489119265	3.57716308529195e-05
0.1122199	0.000808411446178115	4.035742040636e-05
0.10002181	0.000809260529582336	4.29767774519307e-05
