10002.226	0.00118669220113577	-0.0095429783764416
8914.9326	0.00114656770091231	-0.00854326132172773
7943.9951	0.00110951717243865	-0.00764612672291531
7081.583	0.00107323154739051	-0.00684493666531205
6307.7358	0.00104189052976108	-0.00612565935721114
5622.5879	0.00100950026106422	-0.00548428984024594
5011.603	0.000981544199583049	-0.00491273695494073
4466.4292	0.000957654763974316	-0.00439535464753273
3981.2773	0.000935024972458669	-0.00393545281233225
3548.8679	0.000910489755793438	-0.00352484859106969
3163.0398	0.000893657676469911	-0.00315810312165712
2819.0986	0.000876072340636188	-0.00282575035539749
2512.4104	0.000859685852045628	-0.00253103910514984
2239.2869	0.000844354082351664	-0.00226927785946992
1995.6381	0.000833160373453095	-0.00203292199337327
1778.2897	0.000819396206144507	-0.00182090385983289
1584.4927	0.000806247321927584	-0.00163043959219769
1412.7418	0.000794127925855283	-0.00146217926131666
1258.7905	0.000786799436870105	-0.00131199228407601
1121.7966	0.0007782306000954	-0.00117713816475916
999.68164	0.000765467587197008	-0.00105449068236079
891.42474	0.00075836564035394	-0.0009478992892613
794.23932	0.000754653629814504	-0.000850163026243388
707.96161	0.000744199029829788	-0.000760915889394749
631.00977	0.000737253329857948	-0.000684651154184112
562.33929	0.000729642706668476	-0.000613919172542294
501.12231	0.000725811625330148	-0.0005486430170733
446.57214	0.000721292583084555	-0.000490642242736718
398.08899	0.000713194648457153	-0.000437170524156312
354.88681	0.000712066592761984	-0.000393750642460773
316.31589	0.00070821703901182	-0.000347991079566
281.8942	0.000704246969273422	-0.000311113378556118
251.20601	0.000700641143244393	-0.000273968936898107
223.92496	0.000698690704560304	-0.000242231634351204
199.55338	0.000700916913446015	-0.00021501405102228
177.78128	0.000697086965879265	-0.000187079852174808
158.52898	0.0006988253866189	-0.00016398074789971
141.21979	0.000696149798812999	-0.000143273724222878
125.92673	0.000695994311927994	-0.000122329816764611
112.19009	0.000698896420356825	-0.000108036601885306
99.968163	0.000700871398260791	-8.98906297330395e-05
89.115646	0.00070344625533827	-7.51756757915066e-05
79.415741	0.000706475443746067	-6.37579247762475e-05
70.793182	0.000708616900611819	-5.16370975365471e-05
63.082279	0.000709981660583102	-4.09757910149782e-05
56.241825	0.000715161169453765	-3.29015468636289e-05
50.112232	0.000715630549596068	-2.27012337994939e-05
44.671223	0.000719273353739183	-1.66533203319755e-05
39.808899	0.000722935212872372	-1.21187745343427e-05
35.488308	0.000726943292428098	-7.70339911060528e-06
31.629578	0.000729958554555457	-2.16599755053224e-06
28.187037	0.000731189772712146	-4.283798535755e-07
25.120602	0.000735386273206143	2.22069456281574e-06
22.385418	0.00073644119862974	7.72789853585379e-06
19.955338	0.000740459619412698	7.45232193075523e-06
17.775894	0.00074478525128889	1.13779026307463e-05
15.846864	0.000745799853721776	1.1860412139014e-05
14.127493	0.000749114436419947	1.34972794700854e-05
12.587309	0.000750008346460228	1.39763695288594e-05
11.216775	0.000750722480707441	1.33469707912621e-05
9.9968166	0.000753378308866772	1.34663610102439e-05
8.9082127	0.000755378666513188	1.44832695319693e-05
7.9395623	0.000757750764704598	1.58573614541341e-05
7.0765615	0.000760344925993709	1.85762767483304e-05
6.3105822	0.000761442422219423	1.69491566369086e-05
5.6245475	0.000760453996281487	1.47279471926704e-05
5.0112233	0.000765272200117306	1.59964038798015e-05
4.4642835	0.000766504842660895	1.69668002374436e-05
3.9819033	0.000766461608848582	1.6079437614801e-05
3.5479143	0.000768085301879129	1.50139555617641e-05
3.1629577	0.000768507163982784	1.94729801436036e-05
2.818361	0.000771485993630543	1.53376164157667e-05
2.5112481	0.000771544690089585	1.62529997093039e-05
2.2398233	0.000770152687785587	1.72816838321212e-05
1.9950197	0.000772792022528019	1.65651974609507e-05
1.7775893	0.000774035044916041	1.72752861304694e-05
1.5846864	0.000777163167534238	1.64405253218604e-05
1.4122353	0.000776169824638495	1.68319383857684e-05
1.2582541	0.00077822624011019	1.94070794833694e-05
1.1224822	0.000777828165704376	1.89493098736611e-05
1.0000616	0.000780098794080754	1.830890508734e-05
0.89082122	0.000781400343455724	1.9350960417961e-05
0.79444051	0.000782546098773074	1.96413484135948e-05
0.70784986	0.000784060895921461	2.06664940790628e-05
0.63126236	0.000784954114754091	2.11001933867156e-05
0.562536	0.000787234185119532	2.10596690750438e-05
0.50118715	0.000789010882167552	2.35866370202799e-05
0.44642836	0.000790885521777311	2.28547781811614e-05
0.39821118	0.000792324594881362	2.50471882833165e-05
0.35475865	0.000792226674444108	2.63308124318991e-05
0.31619295	0.00079446888448332	2.73871063815027e-05
0.2819173	0.000796011525083557	2.84743241829097e-05
0.25117323	0.000797330648690976	2.96427353317981e-05
0.22391155	0.000798616764931805	3.17234339858564e-05
0.19957349	0.000802907866910976	3.2449720244225e-05
0.17779917	0.000803117375490507	3.42711317455829e-05
0.15846863	0.000806749001231809	3.53605191745931e-05
0.14123619	0.000806731114972865	3.61706807689904e-05
0.12590662	0.000809711869904165	3.82766537760621e-05
0.1122199	0.000810593345537407	4.17506582231437e-05
0.10002181	0.000815095641373789	4.06010943996826e-05
