10002.226	0.00118659186819031	-0.00954555084778454
8914.9326	0.00114752606361054	-0.00854409197930683
7943.9951	0.00110875234913898	-0.00764869840087651
7081.583	0.00107433498518207	-0.00684353093163964
6307.7358	0.00104214639745343	-0.00612468548118387
5622.5879	0.00101160435682315	-0.00548297076400161
5011.603	0.000980150247746279	-0.0049121611252523
4466.4292	0.0009577301778993	-0.00439554676026692
3981.2773	0.000934096494209755	-0.00393606111777495
3548.8679	0.000910620707379143	-0.00352584653700057
3163.0398	0.000892713420809495	-0.00315669336520028
2819.0986	0.000875858276804503	-0.00282609626944665
2512.4104	0.000860418127502188	-0.00253074549921204
2239.2869	0.000842774177428032	-0.00226790140421739
1995.6381	0.00083023094372523	-0.00203165621930863
1778.2897	0.00081799298263042	-0.00181976539524405
1584.4927	0.000806258981987442	-0.00163157666145099
1412.7418	0.000794933417436645	-0.00146298170132114
1258.7905	0.000785889501379424	-0.00131300231655097
1121.7966	0.000774999326229248	-0.00117549818596461
999.68164	0.000766229319789415	-0.00105498956876394
891.42474	0.000759522922745959	-0.00094710694826828
794.23932	0.000753947162743056	-0.000850616461673767
707.96161	0.000744829095649722	-0.000761470727165811
631.00977	0.000738265461959851	-0.000683340594773686
562.33929	0.000730509604038289	-0.000612611956320967
501.12231	0.000726636466583476	-0.0005480218331851
446.57214	0.000720084146071416	-0.000491462794290936
398.08899	0.000715504498829328	-0.00043996612988376
354.88681	0.000711634927111629	-0.000390543414089745
316.31589	0.000709009674619953	-0.000345589233566181
281.8942	0.000705961412262142	-0.000310386803843589
251.20601	0.00070132354186288	-0.000275121092522133
223.92496	0.000699521206666435	-0.000242741927921846
199.55338	0.000699226989399673	-0.000213802153863559
177.78128	0.0006972926035349	-0.000187082747477521
158.52898	0.000697843169800734	-0.000161187110412802
141.21979	0.000696729624633634	-0.000142694109671867
125.92673	0.000698000503604612	-0.000124382276619018
112.19009	0.000699839475624064	-0.00010834826410428
99.968163	0.00070106788398897	-8.89253663019604e-05
89.115646	0.000703293881653545	-7.58855493716203e-05
79.415741	0.000707080021717878	-6.12703643847725e-05
70.793182	0.000709205357471205	-5.08950153208115e-05
63.082279	0.000711377999765787	-4.13104893993737e-05
56.241825	0.000716495109391032	-3.18147286234729e-05
50.112232	0.000718310231255034	-2.36101163827023e-05
44.671223	0.000718472061169539	-1.90311226969604e-05
39.808899	0.000722053609863831	-1.23926028807634e-05
35.488308	0.000726659880224964	-7.37015571332951e-06
31.629578	0.000729424084453298	-2.43366797285785e-06
28.187037	0.00073165027665031	-2.04215451427842e-06
25.120602	0.000734368435258568	4.33343282951542e-06
22.385418	0.000738754559210347	9.08139690738875e-06
19.955338	0.000741826835856256	7.73905043197893e-06
17.775894	0.000743863615563512	1.2856687172536e-05
15.846864	0.000744285691502121	1.15170895070589e-05
14.127493	0.000750536176625932	1.24328284880617e-05
12.587309	0.000750922480094087	1.34862005983515e-05
11.216775	0.00075142730307104	1.46043515739841e-05
9.9968166	0.000754168724212942	1.44464221158066e-05
8.9082127	0.000757339344454347	1.66932942054112e-05
7.9395623	0.000756781261047947	1.58942677555669e-05
7.0765615	0.000759237365145679	1.79296775192503e-05
6.3105822	0.000761800322646466	1.81983883934764e-05
5.6245475	0.00076091875784362	1.5597729075099e-05
5.0112233	0.000764120628402352	1.81042777715711e-05
4.4642835	0.000765481215210206	1.72666785007841e-05
3.9819033	0.000766755635151243	1.70210168967415e-05
3.5479143	0.000768267946098853	1.65881561445682e-05
3.1629577	0.000771197963471395	1.85519724947733e-05
2.818361	0.000771755032047755	1.55257722110373e-05
2.5112481	0.000772519658652599	1.58747447797049e-05
2.2398233	0.00077179745811617	1.71945467273183e-05
1.9950197	0.000773635524100661	1.63928053928556e-05
1.7775893	0.000776194756634994	1.84716118719321e-05
1.5846864	0.000774183691614652	1.84784800243658e-05
1.4122353	0.000776212784958687	1.82944795125122e-05
1.2582541	0.00077693570091941	1.99236988427134e-05
1.1224822	0.000779201482640269	1.85415468412989e-05
1.0000616	0.000780142271955632	2.05430736560163e-05
0.89082122	0.000780506317297249	2.11436602478013e-05
0.79444051	0.00078475988657007	2.12241885558439e-05
0.70784986	0.00078432486316144	2.11299619792387e-05
0.63126236	0.000787518956372876	1.90375520055219e-05
0.562536	0.00078707965170428	2.14180451552715e-05
0.50118715	0.000788794042395608	2.3076431776277e-05
0.44642836	0.000790700579205472	2.5257884318662e-05
0.39821118	0.000793286886975878	2.54183086600286e-05
0.35475865	0.000790970380385296	2.75871662592044e-05
0.31619295	0.000793802196057559	2.9910670030044e-05
0.2819173	0.000796291582104092	2.88565409351756e-05
0.25117323	0.000796689012344996	3.09904089321819e-05
0.22391155	0.00079942174117763	3.0237029992938e-05
0.19957349	0.000801337925943571	3.15921607411448e-05
0.17779917	0.000803044561060262	3.25796569556583e-05
0.15846863	0.000805949339663658	3.48683662896502e-05
0.14123619	0.000806278750735244	3.74682715828932e-05
0.12590662	0.000808537086638602	3.78805433269922e-05
0.1122199	0.000811595970402961	4.03234099503225e-05
0.10002181	0.000813739652566179	4.02022320632254e-05
