10002.226	0.00118724266926286	-0.00954546488031234
8914.9326	0.00114595588645374	-0.00854352076185239
7943.9951	0.0011088375150499	-0.00764601734305534
7081.583	0.00107288985206956	-0.00684543961922708
6307.7358	0.00104268432682507	-0.00612596560380327
5622.5879	0.0010105924819544	-0.00548437565768875
5011.603	0.000981603282618479	-0.0049112906621189
4466.4292	0.0009602629137499	-0.00439706371243331
3981.2773	0.000934308714824083	-0.00393713835145936
3548.8679	0.00091275774184358	-0.00352652809238651
3163.0398	0.000892749075099821	-0.00315758488293609
2819.0986	0.000874970071682504	-0.00282568377583689
2512.4104	0.000858464415472296	-0.00253153585818313
2239.2869	0.000843315914660916	-0.00226772029495979
1995.6381	0.00083038078587053	-0.00203055418719879
1778.2897	0.000820172070378613	-0.00182014456405549
1584.4927	0.000806979266555138	-0.00163284298143158
1412.7418	0.000794383887297885	-0.00146409310529369
1258.7905	0.000784851470885941	-0.00131100420981103
1121.7966	0.000776166143624662	-0.00117671039056005
999.68164	0.000769011080486498	-0.00105500357319505
891.42474	0.000759698303993618	-0.000946731420967022
794.23932	0.000752629608327159	-0.00084871468169901
707.96161	0.000744902709788105	-0.000761600085875179
631.00977	0.000737119075894811	-0.000683548514457916
562.33929	0.000729945443852625	-0.000612638612193606
501.12231	0.000727055029236	-0.000550031125393386
446.57214	0.000719812464867417	-0.000489464393695869
398.08899	0.0007159971144862	-0.000439661905237197
354.88681	0.000710860083749742	-0.000392842863738358
316.31589	0.00070969187010503	-0.00034863110945036
281.8942	0.000705154899824073	-0.000311598091887028
251.20601	0.000701278396971992	-0.000273949008232324
223.92496	0.000700366606630929	-0.000241837876588909
199.55338	0.000699897631332179	-0.000214206967418841
177.78128	0.000697545222347153	-0.000190298910616453
158.52898	0.000697326325256057	-0.000164501397877525
141.21979	0.000696873155204581	-0.000143470295003967
125.92673	0.000697538184311073	-0.000124595989587068
112.19009	0.000699028516728125	-0.000105638988165534
99.968163	0.000699678368550793	-8.89864749575218e-05
89.115646	0.000703832851921459	-7.54640876934941e-05
79.415741	0.000706366373409282	-6.4255760092921e-05
70.793182	0.000708768246311139	-5.15805691914273e-05
63.082279	0.000711301782432615	-4.21543631112415e-05
56.241825	0.00071648952310641	-3.26050956340938e-05
50.112232	0.000718007943354058	-2.40493994181367e-05
44.671223	0.000720211354268498	-1.74952511031672e-05
39.808899	0.000722037421148593	-1.15134929213139e-05
35.488308	0.000725513653709523	-7.74611010901794e-06
31.629578	0.00072918368197031	-1.44967726118195e-06
28.187037	0.00073327694958777	1.57901464856993e-07
25.120602	0.000736541553420777	5.04129244660474e-06
22.385418	0.000737880437922189	6.97894730052416e-06
19.955338	0.000741787241039959	9.13875915837289e-06
17.775894	0.000741933208616106	9.98224770467959e-06
15.846864	0.00074471122231508	1.11612774788317e-05
14.127493	0.000747985134588268	1.29028149415171e-05
12.587309	0.000748455793532955	1.27117331210644e-05
11.216775	0.000752509135195865	1.44478176222601e-05
9.9968166	0.000756456436785609	1.27745737779642e-05
8.9082127	0.000756987803955327	1.67661081528794e-05
7.9395623	0.000756891817396775	1.77777978240928e-05
7.0765615	0.00076025618102537	1.83693005291443e-05
6.3105822	0.000760525851441168	1.47876161535634e-05
5.6245475	0.000763278256226512	1.52800367075013e-05
5.0112233	0.000763688202221423	1.71844157493645e-05
4.4642835	0.000767717900788231	1.71533649076566e-05
3.9819033	0.000766498075793819	1.84063987152498e-05
3.5479143	0.000769331565670234	1.74431904689264e-05
3.1629577	0.000770762955115584	1.76925989587642e-05
2.818361	0.00077189145247452	1.63143115093916e-05
2.5112481	0.000772244226863499	1.47147873019811e-05
2.2398233	0.00077238956315311	1.78482611456469e-05
1.9950197	0.000771764409743917	1.63995216175828e-05
1.7775893	0.00077486137398723	1.82517033351527e-05
1.5846864	0.000776781399326862	1.64341813946533e-05
1.4122353	0.000774913724214401	1.87400782944213e-05
1.2582541	0.000778425180769432	1.90013277727534e-05
1.1224822	0.000778989152502875	2.0558008884823e-05
1.0000616	0.000780053327814568	2.02389423074479e-05
0.89082122	0.000783652007674518	2.11160833770441e-05
0.79444051	0.000782768912455904	1.92874469593842e-05
0.70784986	0.00078504369481702	2.19158869747493e-05
0.63126236	0.000785216380436307	2.1833095329451e-05
0.562536	0.000787041327142662	2.35606074166062e-05
0.50118715	0.000787985374638914	2.33744330807164e-05
0.44642836	0.000789027573331181	2.14210072101114e-05
0.39821118	0.000791835799602483	2.48714363246852e-05
0.35475865	0.000792985600231663	2.64615221396751e-05
0.31619295	0.000793512338427156	2.85361395839451e-05
0.2819173	0.000796976177462406	2.85718701622712e-05
0.25117323	0.000798046279759635	2.90982478065302e-05
0.22391155	0.000799174052007741	3.11311157043686e-05
0.19957349	0.000803004915332525	3.24726665849206e-05
0.17779917	0.000802924402441042	3.36261234815478e-05
0.15846863	0.000805737268624102	3.37128791941104e-05
0.14123619	0.00080497506825471	3.61072356263525e-05
0.12590662	0.00080962617656695	3.89975551343295e-05
0.1122199	0.000813091285166326	4.03350232928782e-05
0.10002181	0.000812633819206243	4.13598595640606e-05
