10002.226	0.00118803235147201	-0.00954304467979089
8914.9326	0.00114596828020415	-0.00854257138783716
7943.9951	0.00110756088732128	-0.0076473988294143
7081.583	0.0010731359518966	-0.00684684123620216
6307.7358	0.00104201370474037	-0.00612470452308928
5622.5879	0.00101153498917865	-0.00548598115962005
5011.603	0.000981513425189829	-0.00491071555147653
4466.4292	0.000958048486618703	-0.00439620665245543
3981.2773	0.00093444733634722	-0.00393668838839122
3548.8679	0.00091384802383353	-0.00352584468037947
3163.0398	0.000892429349316646	-0.00315852551913128
2819.0986	0.000874505751340761	-0.00282671046392627
2512.4104	0.000859988581099812	-0.00253225048367249
2239.2869	0.000843233731888131	-0.00226842947501379
1995.6381	0.000832095809669997	-0.0020313832572697
1778.2897	0.00081841727028173	-0.00182198728235633
1584.4927	0.000806364487053583	-0.00163012555223679
1412.7418	0.000793655112905114	-0.00146423942864904
1258.7905	0.00078579502063979	-0.00131246945653957
1121.7966	0.000777968619697985	-0.00117661537584644
999.68164	0.000768459289252487	-0.00105346978358374
891.42474	0.00075812462975306	-0.000945623634079289
794.23932	0.00075289625127943	-0.000851302427202255
707.96161	0.000744134305681611	-0.000761212745264621
631.00977	0.000736394652058462	-0.000680581970552231
562.33929	0.000731512804289174	-0.000611262914972555
501.12231	0.000726950706384954	-0.00054836610320096
446.57214	0.000719312753086681	-0.000491570405942909
398.08899	0.000715444437474718	-0.000439413981482036
354.88681	0.000712191131564701	-0.00039031062339817
316.31589	0.000708935079764844	-0.000348363684413762
281.8942	0.000703571247895035	-0.000311342194459138
251.20601	0.00070005656942571	-0.000276098834726867
223.92496	0.000700928309072776	-0.000243318060307476
199.55338	0.000699071057604624	-0.000216013605677365
177.78128	0.000698114573079067	-0.000187758848989738
158.52898	0.000701330519956389	-0.000161885182811917
141.21979	0.000698319354505924	-0.000142630655351517
125.92673	0.000697904215238065	-0.000122663854162012
112.19009	0.000700501732490822	-0.000106612334492138
99.968163	0.0007017812958446	-9.02964060435584e-05
89.115646	0.000704831087146362	-7.54138299196398e-05
79.415741	0.000705449583979877	-6.23326390663596e-05
70.793182	0.000709414419542525	-5.04760864437668e-05
63.082279	0.000708934280701705	-4.37137717182344e-05
56.241825	0.000714303403861413	-3.00948682164687e-05
50.112232	0.000716674884627409	-2.42408228695324e-05
44.671223	0.000719549589870474	-1.81089927434282e-05
39.808899	0.000724544162283965	-1.1196296694337e-05
35.488308	0.000729747920990559	-6.20063832278978e-06
31.629578	0.000729929655335263	-3.78167478286949e-06
28.187037	0.000732338160396321	-2.66561947410244e-07
25.120602	0.000734330112302063	2.35989633102287e-06
22.385418	0.000737836983325949	6.44416593144959e-06
19.955338	0.000741746690942628	9.30343835743123e-06
17.775894	0.00074374904986822	1.10390127173003e-05
15.846864	0.000747624418570254	9.25665085864717e-06
14.127493	0.000749876364566958	1.44735752915979e-05
12.587309	0.00075068801633263	1.14726210083746e-05
11.216775	0.000750376808686024	1.39298853994336e-05
9.9968166	0.000754964770460078	1.43675451988304e-05
8.9082127	0.00075537040615356	1.59856708709167e-05
7.9395623	0.000755784763116735	1.58535861180774e-05
7.0765615	0.000759049301145764	1.61836315234683e-05
6.3105822	0.000761825327350517	1.67867163516921e-05
5.6245475	0.000762362238261321	1.70313232065209e-05
5.0112233	0.000764442615428867	1.66574498812094e-05
4.4642835	0.000766639775041524	1.67256498603119e-05
3.9819033	0.000767079142725668	1.87353309277162e-05
3.5479143	0.000768689201741267	1.77231169403661e-05
3.1629577	0.000769131174742762	1.73440823080225e-05
2.818361	0.000770394029240312	1.49051271799508e-05
2.5112481	0.00077025701647299	1.58145147487687e-05
2.2398233	0.000771733087440229	1.80088035062435e-05
1.9950197	0.000773844777880142	1.84327205013753e-05
1.7775893	0.000775161916793201	1.79146107050389e-05
1.5846864	0.000774871851243136	1.99544817162478e-05
1.4122353	0.000773371418283596	2.08464471391755e-05
1.2582541	0.000776561340389636	1.95102676560593e-05
1.1224822	0.00078098252088125	1.95387708684835e-05
1.0000616	0.000779931506753376	1.99042468793737e-05
0.89082122	0.000783164362339475	1.90168124619984e-05
0.79444051	0.000783665575347824	2.18411260368442e-05
0.70784986	0.00078372337414403	2.06040114485588e-05
0.63126236	0.000786106910768892	2.33817020781859e-05
0.562536	0.000788071537584762	2.43070714685637e-05
0.50118715	0.00078756924615092	2.4178967838412e-05
0.44642836	0.000792163968134152	2.32614271302152e-05
0.39821118	0.000790901817164021	2.61806588705478e-05
0.35475865	0.000791627025480505	2.7008085980278e-05
0.31619295	0.000795213739258174	2.78958505699286e-05
0.2819173	0.000796024444441431	2.95085406832565e-05
0.25117323	0.000797964856174971	3.04985046982914e-05
0.22391155	0.000798246284777589	3.10499012379773e-05
0.19957349	0.000802932628217975	3.15809668634804e-05
0.17779917	0.000805023043219542	3.21207197926586e-05
0.15846863	0.000805423081714479	3.72545677466601e-05
0.14123619	0.000808104881209241	3.69152814995725e-05
0.12590662	0.000809167137056041	3.87438708168325e-05
0.1122199	0.000812127110063552	4.0099292008841e-05
0.10002181	0.000814278941887808	4.15824890089279e-05
