10002.226	0.00118743802901736	-0.00954408720841722
8914.9326	0.00114696542868493	-0.00854324605564382
7943.9951	0.00110959578040076	-0.00764678139504849
7081.583	0.00107454942171797	-0.00684525459540638
6307.7358	0.00104227681554733	-0.00612457814501481
5622.5879	0.00101124128985467	-0.00548662353482162
5011.603	0.00098278964329036	-0.00491179753778196
4466.4292	0.000957390560718963	-0.00439728596583873
3981.2773	0.000933315580197029	-0.00393723731527919
3548.8679	0.000911828464261513	-0.00352368645941171
3163.0398	0.000893941704199152	-0.00315595989533796
2819.0986	0.000876314370703832	-0.00282642743614858
2512.4104	0.000859547285731457	-0.00253179565742136
2239.2869	0.000843945032666193	-0.00226846143315277
1995.6381	0.000829168230594912	-0.00203235209888105
1778.2897	0.000820376567505992	-0.00182100543438639
1584.4927	0.000806534650576724	-0.00163072536770753
1412.7418	0.000795496263706288	-0.0014630898913635
1258.7905	0.0007859111042312	-0.00131147904056185
1121.7966	0.000777476574349028	-0.00117773739177718
999.68164	0.000767748954424258	-0.00105466579509128
891.42474	0.000759930043251702	-0.000948504589075833
794.23932	0.000752973474962034	-0.00085086052670594
707.96161	0.00074497898870259	-0.000761907702745039
631.00977	0.000736050849961204	-0.000684344430245089
562.33929	0.000731501811866936	-0.000611225950763698
501.12231	0.000726514425312198	-0.000548068329565255
446.57214	0.000719847896067062	-0.000489390521170518
398.08899	0.000713641856259543	-0.000440779775166806
354.88681	0.000711224696692874	-0.000391751523719257
316.31589	0.000709519757480253	-0.000349997803210401
281.8942	0.000704657235337904	-0.000310032010548534
251.20601	0.000700110316018939	-0.000274279420613085
223.92496	0.000700402339780813	-0.000241500133735987
199.55338	0.00069842589199957	-0.000214464317137236
177.78128	0.000699260453895889	-0.000187255220217266
158.52898	0.00069961663850042	-0.000164071115567209
141.21979	0.000698377781328578	-0.000143023444231095
125.92673	0.000698862942945103	-0.000123746255361113
112.19009	0.000701836181909171	-0.000108248977777034
99.968163	0.000700072461588695	-9.03892599411321e-05
89.115646	0.000705797727706997	-7.60444173661728e-05
79.415741	0.000704628321735869	-6.10463054505774e-05
70.793182	0.000708675680988262	-4.98999592743454e-05
63.082279	0.000712403050914249	-4.12105302746769e-05
56.241825	0.000717530637358716	-3.21755817412284e-05
50.112232	0.000716733700661078	-2.07221269893593e-05
44.671223	0.000718673635344391	-1.81373042617011e-05
39.808899	0.000720967407801094	-1.17311440038061e-05
35.488308	0.000726743181372972	-7.38693075209553e-06
31.629578	0.000728830625389875	-2.73530341859906e-06
28.187037	0.000731099896234118	-1.49806468039051e-08
25.120602	0.000733934625411085	4.49119149304921e-06
22.385418	0.000737730324330451	7.60769971354204e-06
19.955338	0.000739504380980027	6.83903758757316e-06
17.775894	0.000742837199243754	1.1785540532111e-05
15.846864	0.000745821811216924	1.18233236926818e-05
14.127493	0.000750991044948386	1.16760256532402e-05
12.587309	0.000749843177047706	1.35817706393287e-05
11.216775	0.000751967412149598	1.53189205613641e-05
9.9968166	0.000753841181444091	1.39471952166027e-05
8.9082127	0.000755951844102237	1.45708746501845e-05
7.9395623	0.000756123743186108	1.48239393907895e-05
7.0765615	0.00076082476156874	1.71042547163998e-05
6.3105822	0.000763343793365639	1.7377120005884e-05
5.6245475	0.00076356885606934	1.57013167688327e-05
5.0112233	0.000765748022673606	1.7554201291562e-05
4.4642835	0.000765811978448246	1.86329210512415e-05
3.9819033	0.000766581450729847	1.71351261446265e-05
3.5479143	0.000768771888286257	1.75902419123528e-05
3.1629577	0.000770203295860741	1.81905314819112e-05
2.818361	0.000771520746654604	1.70807609466227e-05
2.5112481	0.000772306080168122	1.59679823027963e-05
2.2398233	0.000772040764154811	1.57638672428065e-05
1.9950197	0.000774167279920441	1.7183917921933e-05
1.7775893	0.000774340645731002	1.70331377024895e-05
1.5846864	0.000775925347564181	1.9243610232283e-05
1.4122353	0.000776598560748829	1.88128919355967e-05
1.2582541	0.000777569811706312	1.86028691032813e-05
1.1224822	0.000778699525663389	1.77455050575089e-05
1.0000616	0.000780044031892911	1.93377069265673e-05
0.89082122	0.00078072057340559	2.0573206239073e-05
0.79444051	0.000782565177820743	1.9945967006939e-05
0.70784986	0.000785003283226734	2.1845548093027e-05
0.63126236	0.000785948705409951	2.10429172697147e-05
0.562536	0.000786400712773097	2.32144432666986e-05
0.50118715	0.000788197259164548	2.32184033443474e-05
0.44642836	0.000790125591657167	2.48203619521051e-05
0.39821118	0.000793881555873868	2.37050404165851e-05
0.35475865	0.000792682329076652	2.52748367848927e-05
0.31619295	0.000793403190575907	2.73571884355247e-05
0.2819173	0.000798121775865078	2.97988477464668e-05
0.25117323	0.000798267645367566	2.97782720633775e-05
0.22391155	0.000802284044469884	3.17523205345387e-05
0.19957349	0.000800430372394688	3.11586208178735e-05
0.17779917	0.000802889057824208	3.50700456693321e-05
0.15846863	0.000808216461414736	3.62954379256384e-05
0.14123619	0.000810582744439927	3.64419766264318e-05
0.12590662	0.000809870115118811	3.74230551534286e-05
0.1122199	0.000811693577446215	4.00111208146487e-05
0.10002181	0.000813140849450041	4.32418977849467e-05
