10002.226	0.00118777706117975	-0.00954397323058065
8914.9326	0.00114741377216938	-0.00854172082816942
7943.9951	0.00111012053914635	-0.00764727665628935
7081.583	0.00107406898486818	-0.00684814201324864
6307.7358	0.00104378334304494	-0.00612567392139409
5622.5879	0.00101282942966067	-0.00548481561923553
5011.603	0.000983578502914991	-0.00491060028339541
4466.4292	0.000960129999111232	-0.0043958772285222
3981.2773	0.000934703555738709	-0.0039373460094638
3548.8679	0.0009095911134345	-0.00352715541229985
3163.0398	0.000894430608818429	-0.00315766059169026
2819.0986	0.00087648908427019	-0.00282685673512121
2512.4104	0.000858854905868365	-0.00252957283135164
2239.2869	0.000845621250955043	-0.0022670774943926
1995.6381	0.000831495916356467	-0.00203302603254524
1778.2897	0.000818634713196679	-0.00182126974070957
1584.4927	0.00080656987774722	-0.00163110041776255
1412.7418	0.00079193353869398	-0.00146185536709377
1258.7905	0.000783972921065329	-0.00131231062235966
1121.7966	0.00077699449750643	-0.00117773965010538
999.68164	0.000766100112396883	-0.00105378359838626
891.42474	0.000759386397605868	-0.00094510416627558
794.23932	0.000753488233777813	-0.000850401509268703
707.96161	0.000744011827194395	-0.000762422953280501
631.00977	0.000738013764039061	-0.000684784469264669
562.33929	0.000731244701060379	-0.000612317946813123
501.12231	0.000726688936270278	-0.000549511885826519
446.57214	0.00072211337963921	-0.000490905144423233
398.08899	0.000715028911289238	-0.000438485172651709
354.88681	0.000711541998744137	-0.000393649854886513
316.31589	0.000708696615835884	-0.000347841849010375
281.8942	0.000705606298479615	-0.000313436135711963
251.20601	0.000700792271703068	-0.000274700521736002
223.92496	0.000699220908250017	-0.000242533792153517
199.55338	0.000699619902551667	-0.000214713748147288
177.78128	0.000698948889424262	-0.000186356243012351
158.52898	0.000696881508987408	-0.000163133221227699
141.21979	0.00069853186795135	-0.000145413315199863
125.92673	0.000695576097975447	-0.000122226316314208
112.19009	0.000700777748462126	-0.000109701509998074
99.968163	0.000702036728978136	-8.95174776954944e-05
89.115646	0.00070405151556994	-7.33434088303794e-05
79.415741	0.000704588120160694	-6.22838466216815e-05
70.793182	0.000706770652655565	-5.1102320065967e-05
63.082279	0.000711412946163308	-4.10335454941725e-05
56.241825	0.000714619959146103	-3.22145419881128e-05
50.112232	0.000716602847468242	-2.04982117497505e-05
44.671223	0.000719975141404776	-1.67025727297083e-05
39.808899	0.000724047141105852	-1.3622608879201e-05
35.488308	0.000725660269402617	-7.32992557444383e-06
31.629578	0.000727821097505695	-2.58238758106736e-07
28.187037	0.000732488174306892	3.42477241469899e-07
25.120602	0.000735218581224127	4.03019329435635e-06
22.385418	0.000735957879620739	6.34660732990325e-06
19.955338	0.000740326275696923	9.53087414959743e-06
17.775894	0.00074289985556414	1.1796410449704e-05
15.846864	0.000745138650891381	1.05297894521424e-05
14.127493	0.000748628396443748	1.41986057772966e-05
12.587309	0.000750651715968792	1.29127015738696e-05
11.216775	0.000750997535051911	1.50382384806828e-05
9.9968166	0.000755646356418734	1.54640536066795e-05
8.9082127	0.000755519124283631	1.59748569222437e-05
7.9395623	0.00075669892296516	1.59704436499131e-05
7.0765615	0.000759916012546977	1.67845380880915e-05
6.3105822	0.000760970447711496	1.59735806864292e-05
5.6245475	0.000761906317287419	1.54512196859429e-05
5.0112233	0.000765519290004477	1.76993191933532e-05
4.4642835	0.000766849787415716	1.72063228431867e-05
3.9819033	0.000766712501214299	1.74062777830876e-05
3.5479143	0.000767164001717795	1.74196983160706e-05
3.1629577	0.000769450586373026	1.81742293808113e-05
2.818361	0.000769424549532091	1.73458711696303e-05
2.5112481	0.000770859962913039	1.73982313982109e-05
2.2398233	0.000771633490450261	1.70824458778487e-05
1.9950197	0.000773066961363546	1.69162041585805e-05
1.7775893	0.000774265921265086	1.86123792320833e-05
1.5846864	0.000777248460434846	1.85242135542174e-05
1.4122353	0.000776416907649556	1.80613198962097e-05
1.2582541	0.000777413381897573	1.9624612904967e-05
1.1224822	0.000779281359110517	2.11999815018167e-05
1.0000616	0.000781289581158394	1.99198275747434e-05
0.89082122	0.000781186977961149	2.13977615046122e-05
0.79444051	0.000784007864918568	2.09460869776993e-05
0.70784986	0.000783083806802936	2.25613832101827e-05
0.63126236	0.000786501015971916	2.26906664254994e-05
0.562536	0.000787182261151221	2.33873288926741e-05
0.50118715	0.000788047535936164	2.31490336141073e-05
0.44642836	0.000789009533856259	2.34735211467106e-05
0.39821118	0.000791302233585585	2.59387924639327e-05
0.35475865	0.000793349184136946	2.58098728544339e-05
0.31619295	0.000794743272431403	2.5960198757838e-05
0.2819173	0.000795718187417088	2.91271442687523e-05
0.25117323	0.000799207484630916	2.97245786230956e-05
0.22391155	0.000799983496752644	3.22409291989896e-05
0.19957349	0.000800787662989141	3.20438857805743e-05
0.17779917	0.000805332517930492	3.33684444322548e-05
0.15846863	0.00080555492480306	3.55153560801735e-05
0.14123619	0.000808619051303528	3.55132364423338e-05
0.12590662	0.000811771008860559	3.99890441086877e-05
0.1122199	0.000811177491092646	4.20864121697151e-05
0.10002181	0.000814068430090803	4.32681097478802e-05
