10002.226	0.00118691224415161	-0.00954371443710496
8914.9326	0.00114654856493885	-0.00854439926024866
7943.9951	0.00110832235427274	-0.00764785659984577
7081.583	0.00107517050944993	-0.0068455055308195
6307.7358	0.00104085397635256	-0.00612511561710878
5622.5879	0.0010094817823847	-0.00548470308782139
5011.603	0.000983030588893193	-0.00491031821456502
4466.4292	0.000958968243880498	-0.0043956065991561
3981.2773	0.000932554747004847	-0.00393531742541139
3548.8679	0.000911799768452095	-0.00352576920743355
3163.0398	0.000893883687483818	-0.00315676193283276
2819.0986	0.000875104779134238	-0.00282785667076364
2512.4104	0.000858773493912407	-0.00253072517360875
2239.2869	0.000843841298753102	-0.00226910733355034
1995.6381	0.000831784223341677	-0.00203236857790224
1778.2897	0.000818344940098259	-0.00182145549304189
1584.4927	0.000805401605411708	-0.00163259705476914
1412.7418	0.000792566849566283	-0.00146247831588041
1258.7905	0.000785346656008703	-0.00131044312106052
1121.7966	0.000775170508555515	-0.00117679256376493
999.68164	0.00076728886252835	-0.00105536987114259
891.42474	0.000760172168705817	-0.000946694762259457
794.23932	0.000754078759614958	-0.000851281717017531
707.96161	0.000742783756890973	-0.00076054833507744
631.00977	0.000738146002149377	-0.000683383389588229
562.33929	0.000730891424814052	-0.000610722564227773
501.12231	0.000726455281165548	-0.000549287265954482
446.57214	0.000719907107294831	-0.000488330411032523
398.08899	0.000715945178118681	-0.000438998974567275
354.88681	0.000710647953637464	-0.000390206372379387
316.31589	0.000709069153596976	-0.00034949311332757
281.8942	0.000704819737234905	-0.000311125460067872
251.20601	0.000699072010164221	-0.000275895999517607
223.92496	0.000700118081329276	-0.000244449368678632
199.55338	0.000698275989533678	-0.000214225167439294
177.78128	0.000697748382676466	-0.000187159856963708
158.52898	0.000697818597855378	-0.000164242712319302
141.21979	0.000696868534565891	-0.000143494779783166
125.92673	0.000697477979903911	-0.0001238054845304
112.19009	0.000700475793060181	-0.000108030490294037
99.968163	0.000701217357773464	-8.94220124178213e-05
89.115646	0.000704606137842098	-7.49385428937334e-05
79.415741	0.000706161286900637	-6.24122173819062e-05
70.793182	0.000708608613763321	-5.17885760825419e-05
63.082279	0.000711876430980712	-4.17713116969315e-05
56.241825	0.000717291696914855	-3.12588470898293e-05
50.112232	0.000716703097861598	-2.34664013121727e-05
44.671223	0.000720462719203565	-1.73084679402872e-05
39.808899	0.000723923457870249	-1.36421734245066e-05
35.488308	0.000724040652094124	-7.03195281721737e-06
31.629578	0.000729327407948301	-1.7831001011703e-06
28.187037	0.000731336970796657	-9.37849955995588e-07
25.120602	0.000736184774118809	3.47189219166759e-06
22.385418	0.000738508456100502	5.14386086716058e-06
19.955338	0.000741126153179668	7.15750607177303e-06
17.775894	0.000742671859322844	1.27555004655847e-05
15.846864	0.000747195274615699	1.17010590085368e-05
14.127493	0.000749749181302753	1.28717757625537e-05
12.587309	0.000748930137547434	1.14326220479759e-05
11.216775	0.000753523586463363	1.60661942680245e-05
9.9968166	0.000754464715917077	1.40437576098253e-05
8.9082127	0.0007556718127413	1.42815417636722e-05
7.9395623	0.000757391177220024	1.72596496794273e-05
7.0765615	0.000759093648078404	1.88535347518149e-05
6.3105822	0.000760722657777876	1.76074154109206e-05
5.6245475	0.000763700008259423	1.43411328593535e-05
5.0112233	0.000761956482400623	1.74202528790909e-05
4.4642835	0.00076549689600354	1.68916808084551e-05
3.9819033	0.000766270702787502	1.57556543395842e-05
3.5479143	0.000768527804931585	1.62782642427978e-05
3.1629577	0.000769113175150954	1.70010236583871e-05
2.818361	0.000770299348815293	1.92212447160577e-05
2.5112481	0.000772636677302928	1.6333248403182e-05
2.2398233	0.000774067509790009	1.63683791210125e-05
1.9950197	0.000772639158260626	1.68901865111897e-05
1.7775893	0.000775391711449266	1.63627292684816e-05
1.5846864	0.000775838259784556	2.08518343311057e-05
1.4122353	0.000776471354937848	2.02862533969712e-05
1.2582541	0.000778144660151251	1.94639894025355e-05
1.1224822	0.000779411343563758	2.08951737576622e-05
1.0000616	0.000779808542754117	2.00922035470631e-05
0.89082122	0.000782822119529678	1.96790172021355e-05
0.79444051	0.000784834778486072	1.95869160900073e-05
0.70784986	0.00078493973413841	2.24576021327964e-05
0.63126236	0.000785186890860695	2.15857692397468e-05
0.562536	0.000786366791190136	2.1696222522796e-05
0.50118715	0.000787997270694068	2.41419958361619e-05
0.44642836	0.00079211496410201	2.26430419122548e-05
0.39821118	0.000791807567524221	2.62800256192476e-05
0.35475865	0.000794417596675151	2.79413596658016e-05
0.31619295	0.000792865094208941	2.88260414481278e-05
0.2819173	0.000797799097725403	2.81702392254499e-05
0.25117323	0.000798299518450132	2.9507452077794e-05
0.22391155	0.000800031745410923	3.12558890902833e-05
0.19957349	0.000801946124790166	3.14270660572906e-05
0.17779917	0.000802385674517312	3.42146248799039e-05
0.15846863	0.000806708922374024	3.45004193544477e-05
0.14123619	0.000808600830303088	3.85050280136808e-05
0.12590662	0.000812935185537867	4.02469535064096e-05
0.1122199	0.000812960487216305	3.96947705202582e-05
0.10002181	0.000813922115578428	4.0675379575591e-05
