10002.226	0.00118686401253743	-0.009542255083499
8914.9326	0.00114756659539475	-0.00854235593059816
7943.9951	0.00110634821438956	-0.00764657970507145
7081.583	0.00107326613202456	-0.00684809195237966
6307.7358	0.0010427755557803	-0.00612731078484414
5622.5879	0.00101024538623771	-0.00548402880347283
5011.603	0.000981958390578858	-0.0049113148614137
4466.4292	0.000957995864080479	-0.00439581142820121
3981.2773	0.000934303272862914	-0.00393667903047139
3548.8679	0.000911956189424445	-0.00352538425249153
3163.0398	0.000893886446022307	-0.00315974195150172
2819.0986	0.000875421816872053	-0.00282384881674114
2512.4104	0.000859206415240022	-0.00253151201985317
2239.2869	0.00084288196523368	-0.00226887170979296
1995.6381	0.00083080684131462	-0.00203179527773243
1778.2897	0.00081760280183623	-0.00182206395755619
1584.4927	0.000807355927835182	-0.00163184031521766
1412.7418	0.000793603457781175	-0.00146199319299614
1258.7905	0.000785150423904834	-0.00131138395279798
1121.7966	0.000776789658332527	-0.0011762610321024
999.68164	0.000767738375405633	-0.0010548179942621
891.42474	0.000761064788992081	-0.000945981571709365
794.23932	0.000752981565953133	-0.000850988968891992
707.96161	0.000743674450063979	-0.000760964355530087
631.00977	0.000740032438774634	-0.000685582866742274
562.33929	0.000730166957927769	-0.000613373081019977
501.12231	0.000725216497650727	-0.000548243527771911
446.57214	0.000720571640130684	-0.000490685373864144
398.08899	0.000715423429003025	-0.000440580645810266
354.88681	0.000710851115549321	-0.000392528997471066
316.31589	0.000708872853935893	-0.000347716106755885
281.8942	0.000705272239260213	-0.000310379754980156
251.20601	0.000700487676005581	-0.000275416557042429
223.92496	0.000699083182158883	-0.000243079276843261
199.55338	0.00069906499405314	-0.000216947224533602
177.78128	0.00069678747123622	-0.000187892066988762
158.52898	0.000698308500452685	-0.000163613189674316
141.21979	0.000698123071398105	-0.000145184275264725
125.92673	0.000698627202929472	-0.000122705195468203
112.19009	0.000699592749628051	-0.000106697599689061
99.968163	0.000701935276972137	-8.93968024678956e-05
89.115646	0.000704015871823972	-7.55934847823566e-05
79.415741	0.000705592289589639	-6.25305582894617e-05
70.793182	0.00070888697489531	-5.02570568049733e-05
63.082279	0.000710805401751559	-4.16334688828606e-05
56.241825	0.000715948394191401	-3.15458430320275e-05
50.112232	0.000715407983364225	-2.34669859265884e-05
44.671223	0.000718380759696296	-1.87738041786948e-05
39.808899	0.000721061185636551	-1.34298035655507e-05
35.488308	0.000727437524190437	-6.37041699063199e-06
31.629578	0.000728186947355157	-2.16733506735799e-06
28.187037	0.000731935239476065	-1.2413836854529e-06
25.120602	0.000735607448222772	4.22086779178529e-06
22.385418	0.000737215922525487	6.78624938305472e-06
19.955338	0.000742976316825621	8.96813879278095e-06
17.775894	0.000745038779316963	1.24016486246307e-05
15.846864	0.00074615983715381	1.11626700279472e-05
14.127493	0.000750758666905203	1.30781511009499e-05
12.587309	0.000750445251442577	1.41114008111919e-05
11.216775	0.000751277756277947	1.42537839752053e-05
9.9968166	0.00075369629996139	1.4544204221622e-05
8.9082127	0.000755606494883805	1.36673850675583e-05
7.9395623	0.000757009514091904	1.74717798674514e-05
7.0765615	0.000758321846942383	1.90230719923727e-05
6.3105822	0.000761062849373365	1.67128718490707e-05
5.6245475	0.000763351946490545	1.5793402344955e-05
5.0112233	0.000764587599427836	1.88231967704229e-05
4.4642835	0.000766323275108317	1.49526130128066e-05
3.9819033	0.000766670460138332	1.76943880647136e-05
3.5479143	0.00076682365563761	1.69685253745393e-05
3.1629577	0.000768654533117951	1.72364786052665e-05
2.818361	0.000770631008455005	1.52429736279968e-05
2.5112481	0.00077098458755887	1.70218922864564e-05
2.2398233	0.000773037882428476	1.74704410235018e-05
1.9950197	0.000773769735705291	1.7819955031116e-05
1.7775893	0.000774262760171664	1.80968364908252e-05
1.5846864	0.000776556512270629	1.96543028820728e-05
1.4122353	0.000775701848916305	1.9605427972179e-05
1.2582541	0.000777150199608886	1.9294509813499e-05
1.1224822	0.000778096258625082	2.05647156104916e-05
1.0000616	0.000779462911341932	2.03690666589485e-05
0.89082122	0.000782271982030375	1.90813587052581e-05
0.79444051	0.000785281764493246	2.1607158801145e-05
0.70784986	0.000785541185015168	2.02995333711367e-05
0.63126236	0.0007873218558815	2.09652786608909e-05
0.562536	0.000787923230484947	2.35928877428509e-05
0.50118715	0.00078753163056425	2.47761900501694e-05
0.44642836	0.000790571442779775	2.47421205230715e-05
0.39821118	0.00079218850314873	2.53914707800998e-05
0.35475865	0.000794067048063573	2.68671599163354e-05
0.31619295	0.000793823400644026	2.6649212770207e-05
0.2819173	0.000796547892368456	2.90204358164354e-05
0.25117323	0.000797529395820476	3.10302178514015e-05
0.22391155	0.000801757100254488	3.14516492552095e-05
0.19957349	0.000802348734813674	3.2307907973023e-05
0.17779917	0.000803422788454393	3.5059948088508e-05
0.15846863	0.00080378255695634	3.77160239477107e-05
0.14123619	0.000807651140887644	3.67433567494222e-05
0.12590662	0.000809498103772584	3.9012673021691e-05
0.1122199	0.000810356158960624	3.98637114767267e-05
0.10002181	0.000814438644101842	4.25431258369183e-05
