10002.226	0.00118781130203516	-0.00954342627485569
8914.9326	0.00114558063126967	-0.00854191984582519
7943.9951	0.00110898321891935	-0.00764739421618536
7081.583	0.00107520847627284	-0.00684801750326014
6307.7358	0.00104350942225611	-0.00612683928461204
5622.5879	0.00101076739377675	-0.00548324408057496
5011.603	0.000983088863010426	-0.00490978316609818
4466.4292	0.000957648717085433	-0.00439655481632823
3981.2773	0.000935361239897433	-0.00393784655985493
3548.8679	0.000911256871612602	-0.00352594588269453
3163.0398	0.000892772780110951	-0.00315729173847368
2819.0986	0.000876218690555829	-0.00282438913597413
2512.4104	0.000859623492100136	-0.00253047471988606
2239.2869	0.000844985207045687	-0.0022682146032143
1995.6381	0.00083157461596021	-0.0020325232959934
1778.2897	0.000820360723525481	-0.00181973778116686
1584.4927	0.000805569860259707	-0.00163137581776575
1412.7418	0.00079474157540705	-0.001461011538214
1258.7905	0.000787099388032486	-0.00131220110962871
1121.7966	0.000776717283795959	-0.00117813506045758
999.68164	0.000767992555242792	-0.00105277482874878
891.42474	0.00076001918306509	-0.000947002212017491
794.23932	0.000753031766231028	-0.000850258456174669
707.96161	0.00074495948889647	-0.000761782200536611
631.00977	0.000739999341269073	-0.000685276532119788
562.33929	0.000732124052913273	-0.000613181923288466
501.12231	0.000726848037101978	-0.000549702995946563
446.57214	0.000719737434363496	-0.000490958579582487
398.08899	0.000716355021480301	-0.000440489877159825
354.88681	0.000710436112396918	-0.000390780685311852
316.31589	0.000707401711053919	-0.000349211997510525
281.8942	0.000704095934384281	-0.000311446778583164
251.20601	0.000701199097609482	-0.000274486123772389
223.92496	0.00070002987394973	-0.000242862932580106
199.55338	0.000698918914687479	-0.000214829618762012
177.78128	0.000698735341720739	-0.000187959507072592
158.52898	0.000696690663957083	-0.000163325006398544
141.21979	0.000698076972988843	-0.000143679209185638
125.92673	0.00069810301302417	-0.000123920569166676
112.19009	0.000701587348663	-0.000107002120798887
99.968163	0.000702946999306907	-8.91127914531312e-05
89.115646	0.000703103264917829	-7.61056926044312e-05
79.415741	0.000705671503587612	-6.2697488306131e-05
70.793182	0.000708275066087514	-5.18211138088726e-05
63.082279	0.000710088507522124	-4.07006960991005e-05
56.241825	0.000714946806379744	-3.21567027787249e-05
50.112232	0.000716629979011776	-2.27691445662345e-05
44.671223	0.000720272590161542	-1.75150087743209e-05
39.808899	0.000723048682021071	-1.35827515526373e-05
35.488308	0.000723478390891117	-7.69033506564666e-06
31.629578	0.000730962943306622	-1.63634498874461e-06
28.187037	0.000732643154528956	3.51243710227444e-07
25.120602	0.000734116058715996	3.93858867916653e-06
22.385418	0.00073753629913356	5.85706791079174e-06
19.955338	0.000739868564441142	7.0825777092268e-06
17.775894	0.000743637413984897	1.23987403438575e-05
15.846864	0.000746542043077721	1.13546028517128e-05
14.127493	0.00074986364609185	1.32194463992019e-05
12.587309	0.000749854791089413	1.45932033401218e-05
11.216775	0.000750591883716777	1.43617002592989e-05
9.9968166	0.000753337778988201	1.30848647199522e-05
8.9082127	0.000755242612986938	1.5033080335648e-05
7.9395623	0.000756343210192836	1.52358206142336e-05
7.0765615	0.000758654900826044	1.67222955246123e-05
6.3105822	0.000762537639755379	1.58341946773498e-05
5.6245475	0.000761052009724512	1.52581955474188e-05
5.0112233	0.000763753015854066	1.67353404579054e-05
4.4642835	0.000765155449111292	1.6429546404174e-05
3.9819033	0.00076560441104587	1.7016528886353e-05
3.5479143	0.00076803322791193	1.86581530596752e-05
3.1629577	0.000768694038020946	1.68210620455133e-05
2.818361	0.000772406228364284	1.83996012572931e-05
2.5112481	0.000772125956213556	1.65703017701956e-05
2.2398233	0.000771601965481121	1.65695963319279e-05
1.9950197	0.000773204352096559	1.86479552308802e-05
1.7775893	0.000774534350821357	1.67797365981224e-05
1.5846864	0.000777832228926733	1.70492417626177e-05
1.4122353	0.00077774741260954	1.79579714210156e-05
1.2582541	0.000777663381280761	1.98018768985434e-05
1.1224822	0.000781032830295449	1.80107432607981e-05
1.0000616	0.000781504739190425	2.02781699094397e-05
0.89082122	0.000780523413889329	1.98331179405893e-05
0.79444051	0.000782365996280994	2.05001868827379e-05
0.70784986	0.000784573301898283	2.17784332789411e-05
0.63126236	0.000785808711458567	2.17926878318823e-05
0.562536	0.000785523237514157	2.31032668381538e-05
0.50118715	0.000786040033720162	2.12426218928962e-05
0.44642836	0.000788822725735692	2.45318350353579e-05
0.39821118	0.000792644648761397	2.50577082592573e-05
0.35475865	0.00079400670337011	2.57365487069238e-05
0.31619295	0.00079450808460843	2.66276164755974e-05
0.2819173	0.000796446148747924	2.77196844504352e-05
0.25117323	0.000798710052580224	2.87854361067655e-05
0.22391155	0.000798580845722596	3.05558879607998e-05
0.19957349	0.000802267676755087	3.18779428055354e-05
0.17779917	0.000802912725227938	3.40626119053387e-05
0.15846863	0.000807147734056611	3.52242400356316e-05
0.14123619	0.000807604519714121	3.84013426593491e-05
0.12590662	0.000810481124118687	3.93589915345132e-05
0.1122199	0.000812614381348711	4.05941368420401e-05
0.10002181	0.000814428843176028	4.30437630972538e-05
