10002.226	0.00118771304212067	-0.00954456866323194
8914.9326	0.00114641600563304	-0.00854409578689596
7943.9951	0.00110936493228883	-0.00764768451374343
7081.583	0.00107370371473686	-0.00684662704389959
6307.7358	0.00104513637274876	-0.00612747855699878
5622.5879	0.00101235997767846	-0.00548436002909524
5011.603	0.000982454250939451	-0.00491092239734456
4466.4292	0.000957365675678188	-0.00439620476955995
3981.2773	0.000934777404316049	-0.00393692372729683
3548.8679	0.000913603557276062	-0.00352422929261746
3163.0398	0.000893093241708993	-0.00315709219586346
2819.0986	0.000874714894680593	-0.00282811442466423
2512.4104	0.000859328174247315	-0.00253066189271205
2239.2869	0.000844725301989195	-0.00226929791005406
1995.6381	0.000833582982696097	-0.00203243358770125
1778.2897	0.000819599818168736	-0.0018209467413697
1584.4927	0.000806863035608686	-0.00163108282662445
1412.7418	0.000793763225909323	-0.00146403176213886
1258.7905	0.000785018563782256	-0.00131041488569489
1121.7966	0.000776297801712926	-0.00117763249688264
999.68164	0.000768797843582948	-0.00105303952196904
891.42474	0.00075872768237927	-0.000946531829055708
794.23932	0.000753578857933392	-0.000851051173101619
707.96161	0.00074244963037437	-0.000760497446889658
631.00977	0.00073791054752152	-0.000684788429258964
562.33929	0.00073075568600645	-0.000613457172184472
501.12231	0.000726427050250544	-0.00054699452744677
446.57214	0.000720612625685361	-0.000489434727037811
398.08899	0.000716543733616911	-0.000440027569059714
354.88681	0.000711764441250711	-0.000392322928529101
316.31589	0.000709442227392454	-0.000349044607888396
281.8942	0.000704566312528006	-0.000310179834781535
251.20601	0.000701223200330542	-0.000274182462797358
223.92496	0.000700294969093757	-0.000242766354398596
199.55338	0.000700462143428987	-0.000215431441760501
177.78128	0.000699048439659879	-0.000186241527147592
158.52898	0.000698328525813276	-0.000163605479170062
141.21979	0.000697839158889995	-0.000141899129735282
125.92673	0.000699546281258473	-0.000124329781350859
112.19009	0.000701305235039315	-0.000105739008234475
99.968163	0.000699837640490098	-8.66538305109573e-05
89.115646	0.000704330745881245	-7.69406374680469e-05
79.415741	0.00070234305787999	-6.2778964341218e-05
70.793182	0.000708421223101197	-5.00314808929321e-05
63.082279	0.000709213943712313	-4.05085888169753e-05
56.241825	0.000715178389232773	-3.06990965673272e-05
50.112232	0.000714267257606896	-2.305964416924e-05
44.671223	0.000719728041034003	-1.74232357612584e-05
39.808899	0.000723597657355166	-1.43371282876513e-05
35.488308	0.000726011452041788	-7.05367013310412e-06
31.629578	0.000727747057983635	-3.78266805480301e-06
28.187037	0.000732332227278162	4.31818570448367e-07
25.120602	0.000735141833567448	4.48635429487367e-06
22.385418	0.000738866817175816	5.70085028422291e-06
19.955338	0.000739430927511326	7.57246365537194e-06
17.775894	0.000744353407343535	1.09478706225027e-05
15.846864	0.000745011120295446	1.19264799541061e-05
14.127493	0.000749938139954819	1.32611344892724e-05
12.587309	0.000749999830834446	1.1769997714153e-05
11.216775	0.000750668462386375	1.41228697698281e-05
9.9968166	0.000752753133373376	1.50641823219508e-05
8.9082127	0.000755982668583012	1.3713374672789e-05
7.9395623	0.000757862412673987	1.68767983175217e-05
7.0765615	0.000759696004930444	1.7472602884591e-05
6.3105822	0.000759614318686577	1.58524658336387e-05
5.6245475	0.000762062749503468	1.60270375193837e-05
5.0112233	0.000762637175767646	1.67509066080476e-05
4.4642835	0.000767736227022639	1.85775659982507e-05
3.9819033	0.000766308583992639	1.69306874811827e-05
3.5479143	0.000767771069030025	1.75326307433731e-05
3.1629577	0.000770019767839808	1.74473788492404e-05
2.818361	0.000772559772009549	1.55847725120903e-05
2.5112481	0.000772222631014873	1.73093113119387e-05
2.2398233	0.000770430601100766	1.80786711763995e-05
1.9950197	0.000773153145435931	1.7984175659083e-05
1.7775893	0.000774046369974473	1.67205773293874e-05
1.5846864	0.000776735867593151	1.72712725748939e-05
1.4122353	0.000775869283189841	1.71897045523761e-05
1.2582541	0.000776956050905795	1.85125323203762e-05
1.1224822	0.000777175057284996	1.81051859509666e-05
1.0000616	0.000780860987613765	2.1102431435901e-05
0.89082122	0.00078175735783524	1.97758576410382e-05
0.79444051	0.000780951366297271	2.1750312098147e-05
0.70784986	0.000784043459026363	2.27283165622871e-05
0.63126236	0.000786950068780693	2.08360100481428e-05
0.562536	0.000788895356425589	2.21103499290773e-05
0.50118715	0.000788583882154517	2.28768003747454e-05
0.44642836	0.000789111537723856	2.31665599727272e-05
0.39821118	0.000793004079125244	2.55500761068377e-05
0.35475865	0.000794680542995605	2.73692912046421e-05
0.31619295	0.000794162430631598	2.94078762213735e-05
0.2819173	0.000794144281596439	2.75451127046534e-05
0.25117323	0.000796578247276609	2.84254609958948e-05
0.22391155	0.000798594777170534	2.97412775057015e-05
0.19957349	0.00080210141033749	3.10093254103199e-05
0.17779917	0.00080247726236509	3.39463383499001e-05
0.15846863	0.000804919563145137	3.68883839278332e-05
0.14123619	0.000809745487912689	3.63350186444339e-05
0.12590662	0.000809449236159022	3.93885485284439e-05
0.1122199	0.000811071540898039	3.9212803592472e-05
0.10002181	0.000814954917130455	4.07855689147747e-05
