10002.226	0.00117610935434112	-0.00952434788098833
8914.9326	0.00113427430210218	-0.00852692546332281
7943.9951	0.00109686371858291	-0.0076288928866099
7081.583	0.00106299406870838	-0.00683185815166183
6307.7358	0.00103050822967566	-0.00611363613704458
5622.5879	0.000998985031559152	-0.00547354932652104
5011.603	0.000969912879977082	-0.00490210298102438
4466.4292	0.000944502782863875	-0.00438782353687375
3981.2773	0.000921276174636092	-0.00392868579645198
3548.8679	0.000899026215268319	-0.00351541465003282
3163.0398	0.00088145320618915	-0.00314932881812106
2819.0986	0.000862568068837416	-0.00282228847110296
2512.4104	0.000845751194310716	-0.00252603861714193
2239.2869	0.000830152516157466	-0.00226395238875579
1995.6381	0.000819670998024129	-0.00202850508384803
1778.2897	0.00080550105682159	-0.00181818397704556
1584.4927	0.000792200388117664	-0.00162844856980755
1412.7418	0.000780151769072273	-0.00146156286076921
1258.7905	0.000773425700963234	-0.00130927336410027
1121.7966	0.000761659385915484	-0.00117389228792468
999.68164	0.000756733805935052	-0.00105157861290402
891.42474	0.000745853608996254	-0.000945407504934957
794.23932	0.000741665841045422	-0.00084855149850108
707.96161	0.000732550705856906	-0.000759143314073753
631.00977	0.000724878326294819	-0.000684386653905169
562.33929	0.000718559589059835	-0.000612801590616522
501.12231	0.000713695783343534	-0.000546759230727545
446.57214	0.000707350905575797	-0.000488501433670798
398.08899	0.000703744599186789	-0.000439460603608308
354.88681	0.000699215549490774	-0.00039008746594398
316.31589	0.00069654749078926	-0.000348215790398002
281.8942	0.000693660871028647	-0.000310760643546619
251.20601	0.000690000909097204	-0.00027252663487353
223.92496	0.000686899272316818	-0.000241412754805006
199.55338	0.000686473154374329	-0.000215037190950312
177.78128	0.000685017337114409	-0.000187153334482292
158.52898	0.000685034776171644	-0.000162385385875947
141.21979	0.000685230662937514	-0.000141981413586606
125.92673	0.000685558985072042	-0.000123155408000998
112.19009	0.000687625869733927	-0.000106580328791782
99.968163	0.000689554363361251	-8.95505841428119e-05
89.115646	0.000689849277342551	-7.5257699273105e-05
79.415741	0.000692355226481686	-6.19835073058084e-05
70.793182	0.000695116106715572	-4.94641635955856e-05
63.082279	0.000698256641981187	-4.09605767464912e-05
56.241825	0.000702959726336134	-3.30824619136452e-05
50.112232	0.000702784573178959	-2.33938992244433e-05
44.671223	0.000706531300828107	-1.85784352374542e-05
39.808899	0.000710031987844022	-1.26474785004075e-05
35.488308	0.000714288401347701	-5.80838331289219e-06
31.629578	0.000716670585527333	-1.97512481194372e-06
28.187037	0.000717700927096943	-9.54939446707757e-07
25.120602	0.000721084788045221	3.39467805026126e-06
22.385418	0.000725471651343862	6.62517312547499e-06
19.955338	0.000728957506536752	8.42185671415015e-06
17.775894	0.000731391187870911	1.0937930077678e-05
15.846864	0.000732721603845106	1.01886415075393e-05
14.127493	0.000738956071352928	1.28404809814507e-05
12.587309	0.000738658558727345	1.26904701762219e-05
11.216775	0.000736967499493264	1.4510156380448e-05
9.9968166	0.000741583432084896	1.3236988981023e-05
8.9082127	0.000742692493179707	1.43762272041778e-05
7.9395623	0.000745745611110857	1.55864424650099e-05
7.0765615	0.000746826693819396	1.78432755860494e-05
6.3105822	0.00074793856352432	1.7448963517736e-05
5.6245475	0.000749377785982593	1.77678494118312e-05
5.0112233	0.00075225177955302	1.64427669182109e-05
4.4642835	0.000754539282618361	1.64503494714975e-05
3.9819033	0.000754121115988062	1.80219401751613e-05
3.5479143	0.000754613168846331	2.02980868481363e-05
3.1629577	0.000756797529120114	1.95467092341616e-05
2.818361	0.000757675234670253	1.60185461987693e-05
2.5112481	0.000758133065339125	1.76219637551808e-05
2.2398233	0.000759204814696459	1.69741216936391e-05
1.9950197	0.000763104156107861	1.75585535887693e-05
1.7775893	0.000760651128269225	1.67527724140607e-05
1.5846864	0.000764198798000003	1.75338221116676e-05
1.4122353	0.000762622245503551	2.00010875883966e-05
1.2582541	0.000765619647501619	1.94231263813514e-05
1.1224822	0.000765834636093004	2.00045709866806e-05
1.0000616	0.000766870600728293	1.93400117869533e-05
0.89082122	0.000769508085572972	1.94188769848989e-05
0.79444051	0.000770112863100021	2.25910520548718e-05
0.70784986	0.000769533214460226	1.95442199942126e-05
0.63126236	0.000773941248245612	2.28880948446382e-05
0.562536	0.000772767901979767	2.18415044103186e-05
0.50118715	0.0007760366674782	2.37354251893747e-05
0.44642836	0.000776721495226225	2.19551818735881e-05
0.39821118	0.000778359178751324	2.40736995051787e-05
0.35475865	0.000778999469248276	2.66157338141423e-05
0.31619295	0.000780729023408024	2.82485502505485e-05
0.2819173	0.000784098601614814	2.9473278489509e-05
0.25117323	0.000785737258804165	3.06958869388814e-05
0.22391155	0.00078913730186765	2.89525747101838e-05
0.19957349	0.000789824112827845	3.17567402382019e-05
0.17779917	0.000788741338813982	3.37660003252773e-05
0.15846863	0.000793150542550261	3.5420804811278e-05
0.14123619	0.000795897845936191	3.62131932586386e-05
0.12590662	0.000797167163909449	3.84933738021477e-05
0.1122199	0.000801003505699019	4.07852304770352e-05
0.10002181	0.000800693815988507	4.14884814548247e-05
