10002.226	0.00117382653580278	-0.00952583325814554
8914.9326	0.00113481689018338	-0.00852566380514333
7943.9951	0.00109655746716476	-0.00763228721708136
7081.583	0.00106128631471648	-0.00682989369306284
6307.7358	0.00103050207972644	-0.00611318713481295
5622.5879	0.00100039991971413	-0.00547410303457211
5011.603	0.000970248646279629	-0.00490054245450242
4466.4292	0.000946234842459324	-0.00438741794463349
3981.2773	0.000922048239781823	-0.00392892666425324
3548.8679	0.000898568705093484	-0.00351861795895218
3163.0398	0.000880286689981212	-0.00315121048918704
2819.0986	0.000861113253023087	-0.00282014222569712
2512.4104	0.000847499073436985	-0.00252580677348617
2239.2869	0.000831873245643461	-0.00226294290454259
1995.6381	0.000818782698553399	-0.00203008450055151
1778.2897	0.000807315270467793	-0.00181935972350664
1584.4927	0.000792409886342741	-0.00162820010103593
1412.7418	0.000782026752612063	-0.00145983027417347
1258.7905	0.000772334238001377	-0.0013087427230011
1121.7966	0.000764477787647067	-0.00117565766422135
999.68164	0.000754865055256844	-0.00105240021572611
891.42474	0.000746045138766349	-0.000945508831703131
794.23932	0.000739769206976614	-0.000848739403685176
707.96161	0.000732310574808973	-0.000758347662613005
631.00977	0.000724826037344298	-0.000682431644919792
562.33929	0.000718841890989792	-0.000611108194234175
501.12231	0.000714151497896602	-0.000547727739091384
446.57214	0.00070893454809302	-0.000488312711884428
398.08899	0.000702292906046389	-0.000439082153860391
354.88681	0.000696355058336293	-0.00039113300017396
316.31589	0.000696402160522705	-0.000346915662228421
281.8942	0.000692301188211753	-0.000309488627090245
251.20601	0.000686166130352333	-0.00027438936948247
223.92496	0.000687352733476057	-0.000242727090563244
199.55338	0.000686307997006704	-0.000216027141169339
177.78128	0.00068471177542504	-0.000185683864374053
158.52898	0.00068667923596346	-0.000162321895994103
141.21979	0.000687156056541856	-0.0001430749218032
125.92673	0.000685502209321677	-0.000122341780639541
112.19009	0.000688248699418371	-0.000106614190694926
99.968163	0.000687693116810584	-8.87921905420192e-05
89.115646	0.000691146730447151	-7.61578425801283e-05
79.415741	0.000694284145795735	-6.45824236461045e-05
70.793182	0.000695162615996501	-5.02532032431386e-05
63.082279	0.000698465089527036	-4.06243380207817e-05
56.241825	0.000703708987692481	-3.13230730749879e-05
50.112232	0.000702252645419323	-2.40110284551031e-05
44.671223	0.000708368413360536	-1.87566506224901e-05
39.808899	0.0007121147661743	-1.22138562903987e-05
35.488308	0.000713361051998232	-8.88006353236259e-06
31.629578	0.000718289523526853	-1.49101480342405e-06
28.187037	0.00071973380028199	1.1171446416991e-06
25.120602	0.000722395856241151	2.52840328917588e-06
22.385418	0.00072707823702769	6.70927376546986e-06
19.955338	0.000726624286951291	8.49489278381988e-06
17.775894	0.000731919497632753	1.16250675459718e-05
15.846864	0.000732127671182745	1.00208354585465e-05
14.127493	0.000736884241675689	1.26649065887806e-05
12.587309	0.000737630709672774	1.40429813048268e-05
11.216775	0.00073890682778111	1.34428165467137e-05
9.9968166	0.000742434420216797	1.32837894287235e-05
8.9082127	0.00074222047553067	1.64154685105759e-05
7.9395623	0.000743773780272096	1.69053567974336e-05
7.0765615	0.000747641372308103	1.61043334078247e-05
6.3105822	0.000750544063913165	1.73244695731959e-05
5.6245475	0.000750155742251278	1.43713174996454e-05
5.0112233	0.000751976826578065	1.58234803878905e-05
4.4642835	0.000753405380670542	1.70866375120009e-05
3.9819033	0.000752646978863873	1.68785240057551e-05
3.5479143	0.000755777117895485	1.69740022193582e-05
3.1629577	0.000757696313347226	1.7593178963989e-05
2.818361	0.000757053194739236	1.78248700373151e-05
2.5112481	0.000760818563505306	1.69777964567481e-05
2.2398233	0.000760585349120028	1.64785343369395e-05
1.9950197	0.000761782284548114	1.59973077902603e-05
1.7775893	0.000761953231177102	1.76632121485264e-05
1.5846864	0.000764007479822733	1.79628923647746e-05
1.4122353	0.000763271848703378	1.94121633274726e-05
1.2582541	0.000764703268850366	1.97656361731712e-05
1.1224822	0.000767744911246551	1.9237989298494e-05
1.0000616	0.000769249836033423	2.06151470958983e-05
0.89082122	0.000769985736555942	1.9405345794135e-05
0.79444051	0.000769118609711346	2.05652614849373e-05
0.70784986	0.000773730997299952	2.01133128462927e-05
0.63126236	0.000772925466677411	2.19479421897917e-05
0.562536	0.000774113830318748	2.2931096879831e-05
0.50118715	0.000774989845265042	2.27016355818874e-05
0.44642836	0.000778576559519689	2.43296447883081e-05
0.39821118	0.000779310308928011	2.51217061352468e-05
0.35475865	0.000779224237074881	2.7758872547996e-05
0.31619295	0.000781800733088775	2.74877932450228e-05
0.2819173	0.000784689547535443	2.94614988599442e-05
0.25117323	0.000785778302331443	3.00462090347651e-05
0.22391155	0.000787156143050714	3.12760984412519e-05
0.19957349	0.000788853008395527	3.21010038511776e-05
0.17779917	0.000792033796391081	3.41159825156778e-05
0.15846863	0.000794412218382299	3.53353921227315e-05
0.14123619	0.000794447321216001	3.62466755743139e-05
0.12590662	0.000798293293228711	3.80851257952628e-05
0.1122199	0.000798885833952826	4.15532141045942e-05
0.10002181	0.000802133166824553	4.19116336258872e-05
