10002.226	0.00117437828985702	-0.0095240700425553
8914.9326	0.00113332274505473	-0.00852688105022905
7943.9951	0.00109693014221812	-0.0076313337159151
7081.583	0.00106260082803021	-0.0068316526511777
6307.7358	0.00102899151421664	-0.00611291795304757
5622.5879	0.000998262969988848	-0.00547451483460021
5011.603	0.000969569201882791	-0.00490199303645504
4466.4292	0.000945145564393221	-0.00438767101470288
3981.2773	0.000922424911513173	-0.00392761298386987
3548.8679	0.000897744074882513	-0.0035183419361977
3163.0398	0.00088046161147645	-0.00315007034587212
2819.0986	0.000862146007787106	-0.0028209943673488
2512.4104	0.000848040443226046	-0.00252747055305028
2239.2869	0.000831681009796815	-0.00226503275356124
1995.6381	0.00081668415719492	-0.0020293247950122
1778.2897	0.00080637188407098	-0.00181795241672121
1584.4927	0.000794182348702863	-0.0016273154615922
1412.7418	0.000784011345692856	-0.00145973716276306
1258.7905	0.000774055628555633	-0.00130838703782821
1121.7966	0.000764681309004743	-0.0011727395820615
999.68164	0.000754205706951498	-0.0010514596367147
891.42474	0.000747723671745497	-0.000944537141852099
794.23932	0.000739823239113395	-0.000848854203667197
707.96161	0.000732659354867686	-0.000761313695841602
631.00977	0.00072567053427263	-0.000683195861054935
562.33929	0.000720756082376183	-0.000610772092342123
501.12231	0.000713474989776059	-0.000546876266782042
446.57214	0.00070762211227783	-0.000488589181512393
398.08899	0.000702983222518433	-0.000437200790154186
354.88681	0.000698406750883264	-0.000391535178366037
316.31589	0.000694202195237898	-0.00034775442784536
281.8942	0.000691525224970724	-0.000311788048215113
251.20601	0.000688149039542427	-0.000274800179171445
223.92496	0.000688492289357312	-0.000243188144013071
199.55338	0.000685707653511799	-0.000215143298854638
177.78128	0.000686334742539523	-0.000188431190033045
158.52898	0.000686863034959704	-0.00016233554925217
141.21979	0.000686185653428888	-0.000143490116375358
125.92673	0.000685608840480753	-0.000122196301060956
112.19009	0.000688448874259292	-0.000107179087081821
99.968163	0.000689162642065871	-9.00548335456305e-05
89.115646	0.000693219956852508	-7.60551903620829e-05
79.415741	0.000692836691267587	-6.31354526759063e-05
70.793182	0.000694361080632469	-5.03167772183939e-05
63.082279	0.000698462842894001	-4.11882719524366e-05
56.241825	0.000702737957908028	-3.14166956392375e-05
50.112232	0.000704542727759922	-2.27783761447573e-05
44.671223	0.000706436095890785	-1.8314510983894e-05
39.808899	0.000709718396536399	-1.2390019034046e-05
35.488308	0.000713608746570443	-7.44267928814897e-06
31.629578	0.000717409178646753	-2.81199981999411e-06
28.187037	0.000718183201850176	2.0810371631273e-06
25.120602	0.000721316035345021	4.43397312386982e-06
22.385418	0.000724966444880494	7.32047607333952e-06
19.955338	0.000727641641523732	7.42387077765857e-06
17.775894	0.000730963593844936	1.28348829629721e-05
15.846864	0.000733559266626428	1.11289936253938e-05
14.127493	0.000737299767500302	1.3801851020659e-05
12.587309	0.000735903457165468	1.46783823882527e-05
11.216775	0.000740880268907383	1.22762093802076e-05
9.9968166	0.000740041697972784	1.46908467505744e-05
8.9082127	0.000744234971987809	1.53563060827258e-05
7.9395623	0.000745255899579016	1.58997000752294e-05
7.0765615	0.000748203145810693	1.84504351043577e-05
6.3105822	0.00075019035723083	1.62050236901557e-05
5.6245475	0.000749952533880375	1.47147303429438e-05
5.0112233	0.000752069094415834	1.67185557016881e-05
4.4642835	0.000753177014550293	1.58953985533978e-05
3.9819033	0.000753366849235688	1.75290988041051e-05
3.5479143	0.000755234790994118	1.82099536143233e-05
3.1629577	0.00075727486606272	1.78436498476341e-05
2.818361	0.000759682253771486	1.67912421155308e-05
2.5112481	0.000759025166826215	1.65395208520552e-05
2.2398233	0.000760445180136967	1.63045322461515e-05
1.9950197	0.000760340754645463	1.62139082381457e-05
1.7775893	0.000761797266127896	1.64382799638015e-05
1.5846864	0.000763040479407048	1.85011219329055e-05
1.4122353	0.000763999579482344	2.06114184213177e-05
1.2582541	0.000766422495220235	1.75557378209451e-05
1.1224822	0.000766248143781341	2.05427666827615e-05
1.0000616	0.000767582869404576	1.94486623513621e-05
0.89082122	0.000769752729979158	1.8747586772356e-05
0.79444051	0.000771789856893144	2.13754700773378e-05
0.70784986	0.000771440873979323	2.27416922034889e-05
0.63126236	0.000773965292802974	2.27149325970251e-05
0.562536	0.000774143783730203	2.30496557377174e-05
0.50118715	0.00077640677581062	2.38238195730955e-05
0.44642836	0.000776739721241541	2.36608100268152e-05
0.39821118	0.000779386216289297	2.41392639545443e-05
0.35475865	0.000779399548332564	2.52825027279478e-05
0.31619295	0.000782595951968186	2.88393077114873e-05
0.2819173	0.000785124245739527	2.86854438587957e-05
0.25117323	0.000785469069525583	2.87090509104486e-05
0.22391155	0.000787902229033978	3.07642145458838e-05
0.19957349	0.000788095960166968	3.1793465115024e-05
0.17779917	0.00079075949435024	3.47228884273416e-05
0.15846863	0.000791993088507743	3.48270328235533e-05
0.14123619	0.000795285127327807	3.68055996969529e-05
0.12590662	0.000797134270999301	3.8992935859195e-05
0.1122199	0.000800421897781253	4.00767107937613e-05
0.10002181	0.000803695280304122	4.23601856954467e-05
