10002.226	0.00117606950880925	-0.00952439285073678
8914.9326	0.00113389112813467	-0.00852572193267449
7943.9951	0.00109662580956525	-0.00763198277239988
7081.583	0.00106139287711723	-0.00683196036234931
6307.7358	0.00103139440149634	-0.0061130034602466
5622.5879	0.000998686201613573	-0.00547516291678417
5011.603	0.000970407581891325	-0.00490101798766486
4466.4292	0.000947346115284717	-0.00438743482829361
3981.2773	0.000923655574264117	-0.00392927977596358
3548.8679	0.000899196461908131	-0.0035158322388109
3163.0398	0.000880547722961108	-0.00315172688859158
2819.0986	0.000862660345422228	-0.00282014700081491
2512.4104	0.000846802921678362	-0.00252692713922505
2239.2869	0.000831596490389552	-0.00226501771186189
1995.6381	0.000817159125259399	-0.00202804748730553
1778.2897	0.000804753878912937	-0.00181715070339333
1584.4927	0.000793875820915335	-0.00162817922308625
1412.7418	0.000779030616602227	-0.0014585446188598
1258.7905	0.000774458115724982	-0.00130821007419509
1121.7966	0.000763971996430757	-0.00117418807951563
999.68164	0.000756153835606178	-0.0010530922207337
891.42474	0.000746761410423411	-0.000945983693752021
794.23932	0.000740344979437281	-0.000848910114940142
707.96161	0.000730693300345263	-0.000757665209174023
631.00977	0.000723926434692448	-0.000682719722913093
562.33929	0.000718477995890579	-0.000611934702108298
501.12231	0.000713787997465542	-0.000548656125601937
446.57214	0.00070645529779446	-0.000487972931725309
398.08899	0.000701524868179772	-0.000437872470661868
354.88681	0.000699759760407712	-0.000391067323576399
316.31589	0.000695882716328049	-0.000346904173361731
281.8942	0.000691206447911034	-0.000310621984747587
251.20601	0.00068667221566407	-0.000275182958125723
223.92496	0.000687288037091779	-0.000242914373974801
199.55338	0.000687478634528001	-0.000212660220040858
177.78128	0.000686643550501846	-0.000185957753197787
158.52898	0.000685708172485194	-0.000161962022038031
141.21979	0.000684576992320717	-0.000142147765121559
125.92673	0.000686728303517228	-0.000120187414800468
112.19009	0.00068724410467634	-0.000107136886278743
99.968163	0.000688865244115795	-8.94822065466206e-05
89.115646	0.000691509654877048	-7.53456468311476e-05
79.415741	0.000692232640447371	-6.1972738032058e-05
70.793182	0.000696061783726665	-5.02973397361627e-05
63.082279	0.000698927499467708	-4.04369751653568e-05
56.241825	0.000702668634886178	-3.13076943962743e-05
50.112232	0.0007037250372265	-2.26118413225901e-05
44.671223	0.000706447547319066	-1.73072236607411e-05
39.808899	0.000709311289825278	-1.22041976713927e-05
35.488308	0.000713286980328916	-5.18245902696773e-06
31.629578	0.000718102322833061	-3.29107980745601e-06
28.187037	0.000718140202724402	-2.53909712472027e-08
25.120602	0.000721577575516007	4.74826760064661e-06
22.385418	0.00072652422923632	6.77008852949373e-06
19.955338	0.000727126935855432	8.38540342850968e-06
17.775894	0.000731223877539073	1.25155575448129e-05
15.846864	0.000733625047958195	1.19052517052128e-05
14.127493	0.000737722985077316	1.22897920914124e-05
12.587309	0.00073727544040292	1.27833363160945e-05
11.216775	0.000738872999327288	1.30133157196317e-05
9.9968166	0.000739763150088171	1.44165578809546e-05
8.9082127	0.000743957412990303	1.59542068109685e-05
7.9395623	0.000746227124361039	1.45914713117905e-05
7.0765615	0.000748345183321619	1.8804508098463e-05
6.3105822	0.000748350960728369	1.62129009330774e-05
5.6245475	0.000751698675146216	1.67092527581672e-05
5.0112233	0.000752365345514122	1.63628933933437e-05
4.4642835	0.000754754375408127	1.52891027878402e-05
3.9819033	0.000754747733926595	1.40753314013925e-05
3.5479143	0.000755692320462275	1.77889683665171e-05
3.1629577	0.000756699346875242	1.62461665689978e-05
2.818361	0.000756509567660374	1.58605502117658e-05
2.5112481	0.000758781557559041	1.45604329353787e-05
2.2398233	0.000759760567505683	1.90022711112985e-05
1.9950197	0.000760139271729679	1.8349244937601e-05
1.7775893	0.000760485415195011	1.62138031588143e-05
1.5846864	0.000762152872814624	1.86367489045817e-05
1.4122353	0.000764223648665715	1.73980371575797e-05
1.2582541	0.000766675915807817	1.82910114719614e-05
1.1224822	0.00076609196464987	1.94599304165439e-05
1.0000616	0.000767009200383658	1.98132260877741e-05
0.89082122	0.000769190602986776	1.99024602474995e-05
0.79444051	0.000769764884720637	2.07534522780866e-05
0.70784986	0.000770438868016737	2.03304567805578e-05
0.63126236	0.000771551518787179	2.203863053087e-05
0.562536	0.000775259309487385	2.24842938025416e-05
0.50118715	0.000776454232798713	2.40273756594642e-05
0.44642836	0.000778463017941633	2.55063433321949e-05
0.39821118	0.000780035622852961	2.64175646573615e-05
0.35475865	0.000779994354448733	2.6559489041869e-05
0.31619295	0.000782668224577095	2.79826955870138e-05
0.2819173	0.000783449269302536	2.71347738592634e-05
0.25117323	0.000783519235274998	3.08658229825688e-05
0.22391155	0.000785534687789796	2.99388180197417e-05
0.19957349	0.000788857834116509	3.15733614160071e-05
0.17779917	0.00079004336911576	3.52014690352431e-05
0.15846863	0.000791836892932164	3.42828360352141e-05
0.14123619	0.000794779792203971	3.64038239399746e-05
0.12590662	0.000796898119158694	3.86493767635834e-05
0.1122199	0.000799723889492235	3.90427209545289e-05
0.10002181	0.000800999915353629	4.28021605937486e-05
