10002.226	0.00117461494196354	-0.00950260085415484
8914.9326	0.00113520953656432	-0.00850438928787566
7943.9951	0.00109747421307152	-0.00761445747438081
7081.583	0.00106221619546256	-0.00681361136509231
6307.7358	0.00103097648732983	-0.00609993083935008
5622.5879	0.000998899283028655	-0.00546055986521652
5011.603	0.000968945529485287	-0.0048889656272113
4466.4292	0.000948125484240241	-0.00437693310221543
3981.2773	0.000923427177113574	-0.00391892994088034
3548.8679	0.000898811664481108	-0.00350917111714739
3163.0398	0.000879962340706667	-0.00314364985251614
2819.0986	0.000863188205779752	-0.00281238442003199
2512.4104	0.000847300111465563	-0.00252172326291736
2239.2869	0.000833685805932909	-0.00225873039179116
1995.6381	0.000818854652114647	-0.00202190034207077
1778.2897	0.000805662411353865	-0.0018126411850822
1584.4927	0.000795610891498423	-0.00162353616964724
1412.7418	0.0007799245563216	-0.00145637559384127
1258.7905	0.000775084610365167	-0.00130600550233179
1121.7966	0.000762962464652822	-0.00117080056238634
999.68164	0.000755163235522803	-0.00104935406143314
891.42474	0.000747526721694495	-0.000943153139427482
794.23932	0.000740589942225373	-0.000846020124853487
707.96161	0.00073348869109082	-0.000757916729725512
631.00977	0.000725421307556056	-0.000681710740343127
562.33929	0.000718463956743065	-0.000609549982548112
501.12231	0.000710821408035282	-0.000546467262677574
446.57214	0.000709494911804345	-0.000485570503902309
398.08899	0.000703207739127627	-0.000436695212321535
354.88681	0.000698337442294075	-0.000389394431626462
316.31589	0.000695714495633844	-0.000346133511217826
281.8942	0.000692942129332079	-0.000308505726906861
251.20601	0.000688070930942672	-0.000275042556093863
223.92496	0.000689571261981906	-0.000241017861821145
199.55338	0.000688590304637123	-0.000215061621867798
177.78128	0.00068549245956395	-0.000188522020906775
158.52898	0.000684897000317116	-0.000164662836721145
141.21979	0.000685138131189699	-0.000141659586776185
125.92673	0.000686107929569455	-0.000123409226323703
112.19009	0.000687541235677226	-0.000106708237175573
99.968163	0.000688639388729151	-8.89796790628331e-05
89.115646	0.000691664647144569	-7.4352212328243e-05
79.415741	0.000693801336359565	-6.29694658352584e-05
70.793182	0.000695308672102016	-5.18759304621367e-05
63.082279	0.000697390787584723	-4.09180244670419e-05
56.241825	0.000702511354354207	-3.16724238741562e-05
50.112232	0.000702947022858652	-2.37144659133017e-05
44.671223	0.000707189110238819	-1.69633394838862e-05
39.808899	0.000711037899265011	-1.33496719285777e-05
35.488308	0.000713063885550867	-6.18101439567692e-06
31.629578	0.000716008282462138	-1.55381406511607e-06
28.187037	0.000719916602725304	-1.72652242055314e-06
25.120602	0.000722676413444232	6.1735376721668e-06
22.385418	0.000725455722643463	6.46080178058593e-06
19.955338	0.000728406344392511	7.21791338637641e-06
17.775894	0.000730431850836121	9.71339472762443e-06
15.846864	0.000733182196353855	1.06192636655209e-05
14.127493	0.000738248726496324	1.35005807171129e-05
12.587309	0.000738088391637075	1.55581122121436e-05
11.216775	0.00074037134264303	1.30651615711931e-05
9.9968166	0.000743138216852751	1.2224780350618e-05
8.9082127	0.000744126020135848	1.5518510988937e-05
7.9395623	0.000744513760788158	1.68596111616473e-05
7.0765615	0.000747364573131574	1.76376525339132e-05
6.3105822	0.000750125930025563	1.75086140240821e-05
5.6245475	0.000748219396290707	1.37917098944263e-05
5.0112233	0.000751100302336344	1.77678812177177e-05
4.4642835	0.00075499536383946	1.49573205283361e-05
3.9819033	0.000753049634174374	1.46851618846632e-05
3.5479143	0.000756352133419279	1.66569767454767e-05
3.1629577	0.000755778283651614	1.94055674166687e-05
2.818361	0.000758818249933992	1.68012784811365e-05
2.5112481	0.000759809979110741	1.58365988854218e-05
2.2398233	0.000760412902053895	1.56467519569278e-05
1.9950197	0.000758801684386361	1.62666719864274e-05
1.7775893	0.000761834514279719	1.83327294320446e-05
1.5846864	0.000765444631069414	1.78606481610577e-05
1.4122353	0.000764239683018144	1.73886502994573e-05
1.2582541	0.000765188168095592	1.7689338699121e-05
1.1224822	0.000766561197851112	2.08656277999439e-05
1.0000616	0.000768316813401845	2.01313791288751e-05
0.89082122	0.000768459004898794	2.11183497841782e-05
0.79444051	0.000771142725836089	2.0329063344181e-05
0.70784986	0.000772836247081781	2.29515326645958e-05
0.63126236	0.000773863653033072	2.12000893759812e-05
0.562536	0.000774865162057433	2.17832277817788e-05
0.50118715	0.000775892936548239	2.23481655149483e-05
0.44642836	0.000778635719957885	2.4591074362174e-05
0.39821118	0.000779136907574107	2.74327514853078e-05
0.35475865	0.000782174224829207	2.54989670885555e-05
0.31619295	0.000782681270036155	2.83293119480554e-05
0.2819173	0.000784401702915985	2.80167850247002e-05
0.25117323	0.000785333589674026	2.87050826504364e-05
0.22391155	0.000789272105542558	2.96021145210276e-05
0.19957349	0.000790254999532244	3.42899949415206e-05
0.17779917	0.000789150000020718	3.56704160838104e-05
0.15846863	0.000792754380514261	3.57127760689761e-05
0.14123619	0.000794492826106562	3.82018374197218e-05
0.12590662	0.00079757050800229	3.80712161165625e-05
0.1122199	0.000801764539105322	4.01757424599032e-05
0.10002181	0.00080324688014399	4.41672403720711e-05
