10002.226	0.00117523796495982	-0.00949759819161443
8914.9326	0.00113402959962133	-0.00850577944485597
7943.9951	0.0010965898043924	-0.00761299466492541
7081.583	0.00106011299026573	-0.00681574485255509
6307.7358	0.00102914104283208	-0.00609783322078524
5622.5879	0.000999295705398189	-0.0054591482268178
5011.603	0.000968999428691009	-0.00488739746412382
4466.4292	0.000944593690724289	-0.00437582964944756
3981.2773	0.000920462960011039	-0.00391758915938621
3548.8679	0.000899628244790223	-0.00350900253169895
3163.0398	0.000880571133417114	-0.00314573922536641
2819.0986	0.000863450674630782	-0.0028142115538975
2512.4104	0.000845963020501945	-0.00252197393015345
2239.2869	0.000832020972976968	-0.00225773495706567
1995.6381	0.000818514137722933	-0.00202409914189693
1778.2897	0.000805518340118526	-0.00181292185535123
1584.4927	0.000793054980455125	-0.00162421816438276
1412.7418	0.000782197296009774	-0.0014561714330851
1258.7905	0.000773333973694205	-0.00130570899954595
1121.7966	0.000764465409736247	-0.00117060386598098
999.68164	0.000754809718516354	-0.00104873106371721
891.42474	0.000749378125498911	-0.000938941056039639
794.23932	0.000738328113349923	-0.000846044290938606
707.96161	0.000732418425948793	-0.000759766526382203
631.00977	0.000725727387132459	-0.000679277493717003
562.33929	0.00072028298028509	-0.000609156162423058
501.12231	0.000714282873830884	-0.00054491129622443
446.57214	0.000708437653489119	-0.000486769344086299
398.08899	0.000701952799833097	-0.000437227911198868
354.88681	0.000698592252009286	-0.000391047412003693
316.31589	0.000697726591100886	-0.000346059958591143
281.8942	0.000689367223316265	-0.000310249562112497
251.20601	0.00068897704812358	-0.00027478561328785
223.92496	0.000687724117615526	-0.000242574140647477
199.55338	0.000687967549689986	-0.000214056317447891
177.78128	0.00068641180551653	-0.000187060486093309
158.52898	0.000684989082150214	-0.000163588403237771
141.21979	0.000685962453346389	-0.000142342576050277
125.92673	0.000685315808478181	-0.000121925714236993
112.19009	0.0006872929159052	-0.000106195557131865
99.968163	0.000687152799439213	-8.80897357940442e-05
89.115646	0.000690846806220454	-7.53141386540287e-05
79.415741	0.000693484341317501	-6.1458738231889e-05
70.793182	0.000697956331060849	-5.06986184570518e-05
63.082279	0.00069930726691591	-4.18581957499563e-05
56.241825	0.000702675422513158	-3.17335176009219e-05
50.112232	0.000703205747586635	-2.32954737068665e-05
44.671223	0.000708120420281022	-1.68979288234233e-05
39.808899	0.000709919999798131	-1.41403285961658e-05
35.488308	0.000714411109776404	-7.45876275065107e-06
31.629578	0.000714902664105816	-1.7421132708853e-06
28.187037	0.000720992767151611	1.79984599046875e-06
25.120602	0.000722106160409736	3.25604288035722e-06
22.385418	0.000725900041630108	6.16974330065538e-06
19.955338	0.000727069857447648	9.38039790596731e-06
17.775894	0.000731333331899829	1.10657214540091e-05
15.846864	0.000734024755136945	1.05184841630833e-05
14.127493	0.000737572094972959	1.36877016715342e-05
12.587309	0.000738550774413759	1.33774135099926e-05
11.216775	0.000740553290080629	1.34414058972855e-05
9.9968166	0.000742345272269229	1.56124506246589e-05
8.9082127	0.000743329567647751	1.50020478187142e-05
7.9395623	0.000744966525393749	1.56697076643411e-05
7.0765615	0.000746917646942835	1.81487952136051e-05
6.3105822	0.000747776472017472	1.48718904940539e-05
5.6245475	0.000750431766716411	1.73088466963572e-05
5.0112233	0.000753098373054654	1.71580845495856e-05
4.4642835	0.000754109989438183	1.57981249841607e-05
3.9819033	0.000753598513002527	1.78673320630973e-05
3.5479143	0.000756894369737686	1.60648321649569e-05
3.1629577	0.000758107767369601	1.79947468103823e-05
2.818361	0.000759948775932749	1.74700827344227e-05
2.5112481	0.000759187410646224	1.71421849882781e-05
2.2398233	0.000762038654178603	1.57519623706835e-05
1.9950197	0.000759919658695012	1.66843318193032e-05
1.7775893	0.000762851179826783	1.61624330439291e-05
1.5846864	0.000763372177432418	1.67741941684051e-05
1.4122353	0.000763513914630325	1.77552463227731e-05
1.2582541	0.000765164435998513	1.94314529159967e-05
1.1224822	0.000765897230975776	2.03800426392532e-05
1.0000616	0.000767940496954733	1.90680043309785e-05
0.89082122	0.000770190386380364	2.04861272163309e-05
0.79444051	0.000770160351394833	2.09137149488845e-05
0.70784986	0.000771717666569717	2.06802964592411e-05
0.63126236	0.000774322650041492	2.2075592610997e-05
0.562536	0.000775517715795117	2.26663478050006e-05
0.50118715	0.000774980238979747	2.15501675511878e-05
0.44642836	0.000778147573762274	2.59166997143588e-05
0.39821118	0.000779385173439607	2.76766733504872e-05
0.35475865	0.000781717875574485	2.66519440043741e-05
0.31619295	0.000785359397351579	2.6506342907852e-05
0.2819173	0.000785448028999895	3.07902446945497e-05
0.25117323	0.000786096503551916	2.99533501403639e-05
0.22391155	0.000786564699267683	2.90680562857895e-05
0.19957349	0.000788802125613549	3.26458068708984e-05
0.17779917	0.000791389532692328	3.15971211111036e-05
0.15846863	0.000793384268873864	3.64115475086154e-05
0.14123619	0.00079409640687584	3.82837295430036e-05
0.12590662	0.000796410772592003	3.70486120153158e-05
0.1122199	0.000799086552245655	3.97105451614894e-05
0.10002181	0.000801991353193352	4.36520044761712e-05
