10002.226	0.00117598542612142	-0.00950124598055412
8914.9326	0.00113469138685246	-0.00850585132529386
7943.9951	0.00109653221998782	-0.00761365174302211
7081.583	0.0010608179913094	-0.00681589621713166
6307.7358	0.00102898616143045	-0.00609970015818503
5622.5879	0.00099945141718493	-0.00545988702928346
5011.603	0.000970827195935238	-0.0048892757107914
4466.4292	0.000945320595652809	-0.00437668198910159
3981.2773	0.000920071423647996	-0.00391867400072877
3548.8679	0.000899295672110142	-0.00350998621083191
3163.0398	0.000880014261073831	-0.00314332063964174
2819.0986	0.000864479403498643	-0.00281450343186048
2512.4104	0.000847927463896724	-0.00252203297400858
2239.2869	0.000832495950910049	-0.0022588947193572
1995.6381	0.000819684249650319	-0.00202233077527163
1778.2897	0.00080694093681788	-0.00181109497787967
1584.4927	0.000794617557722061	-0.00162329609402614
1412.7418	0.00078284365303443	-0.00145671902312782
1258.7905	0.000772066714518355	-0.00130614916289954
1121.7966	0.000763979982301247	-0.00117284373904064
999.68164	0.00075623262012798	-0.00104974169491954
891.42474	0.000747954219304525	-0.000942598795225107
794.23932	0.000739359740725529	-0.000845778914477634
707.96161	0.000732607460188587	-0.000759622583143463
631.00977	0.000725091812648808	-0.000680872408739822
562.33929	0.000718408959842572	-0.000609659789403414
501.12231	0.000712662295023981	-0.000546171249151339
446.57214	0.000708095934703524	-0.000486616646302126
398.08899	0.000701016228443491	-0.000438263877377226
354.88681	0.000696944084592095	-0.000389730272342572
316.31589	0.000696628247664049	-0.000347883744065657
281.8942	0.000692955905627411	-0.000309519251727432
251.20601	0.000688514560431344	-0.000274810713413571
223.92496	0.00068863983684694	-0.000243252842495463
199.55338	0.000685016006189051	-0.000215290561763625
177.78128	0.00068553608464001	-0.000184770246110762
158.52898	0.000686638008608848	-0.000162869675493047
141.21979	0.000684463024070211	-0.000143040165131909
125.92673	0.000687496873699842	-0.000124512459009546
112.19009	0.00068735014163063	-0.000106275829625073
99.968163	0.000690589556546988	-8.78510064608512e-05
89.115646	0.000691497471533719	-7.51236819541781e-05
79.415741	0.000692128344988467	-6.33181813597218e-05
70.793182	0.000695596633737006	-5.18178939081745e-05
63.082279	0.000696555076052214	-4.15680100778815e-05
56.241825	0.000702443289074676	-3.18624452682883e-05
50.112232	0.000704133932549358	-2.26482805974729e-05
44.671223	0.000706140871134147	-1.7626760457123e-05
39.808899	0.00071197015810576	-1.43102526715124e-05
35.488308	0.000714590264982225	-5.46062424579923e-06
31.629578	0.000717430630085263	-2.17134674069581e-06
28.187037	0.000720015576472295	2.00884813141888e-06
25.120602	0.000722847562240329	2.29229587480569e-06
22.385418	0.000724964845497385	8.17872952148915e-06
19.955338	0.000727417181328793	7.57774682179707e-06
17.775894	0.000731739828828197	1.23157923818329e-05
15.846864	0.000734716654799141	1.0770729140204e-05
14.127493	0.000736761781635064	1.50647695008014e-05
12.587309	0.000740109011318549	1.28794763354439e-05
11.216775	0.000739360085948343	1.54528406556732e-05
9.9968166	0.00074256140207638	1.25681116599113e-05
8.9082127	0.00074133182763055	1.49653040600074e-05
7.9395623	0.000744568264058623	1.542001185907e-05
7.0765615	0.000745871838946594	1.82890634708681e-05
6.3105822	0.000747912973947711	1.81683887965422e-05
5.6245475	0.000750170559158385	1.55885379900882e-05
5.0112233	0.000752011345497168	1.64238569006576e-05
4.4642835	0.000753787761433361	1.69373356516541e-05
3.9819033	0.000754812972877366	1.70520525860992e-05
3.5479143	0.000754410228322842	1.77111835551502e-05
3.1629577	0.000757736032942442	1.73356018252344e-05
2.818361	0.000757967134892128	1.94459598801089e-05
2.5112481	0.000760429631038653	1.94164818411966e-05
2.2398233	0.000759078416127957	1.75489253817001e-05
1.9950197	0.000758916856615117	1.60818597277998e-05
1.7775893	0.000762780976408031	1.69058819984146e-05
1.5846864	0.000764926884620871	1.86173172206567e-05
1.4122353	0.000765688923184558	1.71382207182194e-05
1.2582541	0.000764943216674585	1.97050195417875e-05
1.1224822	0.000767983794152994	1.80812140367428e-05
1.0000616	0.000767491767314407	1.87998362443451e-05
0.89082122	0.000768557720868543	2.0269799972766e-05
0.79444051	0.000770330396041391	2.03735761927603e-05
0.70784986	0.00077167837244828	2.21311905163949e-05
0.63126236	0.000774977290233405	2.32364128329457e-05
0.562536	0.000775521815463067	2.21953044445524e-05
0.50118715	0.000775773217552229	2.28000124084214e-05
0.44642836	0.000778518793791966	2.52997016777274e-05
0.39821118	0.000778457224111087	2.54775618676226e-05
0.35475865	0.00078023188334746	2.50790742501738e-05
0.31619295	0.000781821515587462	2.8225791646936e-05
0.2819173	0.000784675885086252	2.7490703781855e-05
0.25117323	0.000785247216778033	2.91688846281531e-05
0.22391155	0.000787451984426479	3.23857815413732e-05
0.19957349	0.000788522023979213	3.21223805995519e-05
0.17779917	0.000790896757322276	3.40036322660145e-05
0.15846863	0.000793561821414014	3.54350059764907e-05
0.14123619	0.000794797147645125	3.71510263850225e-05
0.12590662	0.000797795816678053	3.61763593619816e-05
0.1122199	0.000800040022793833	4.04587062399299e-05
0.10002181	0.000802909671813198	4.21320664876505e-05
