10002.226	0.00117357070049751	-0.00950188776047214
8914.9326	0.00113373267978819	-0.00850577650243318
7943.9951	0.00109594822202085	-0.00761323082849357
7081.583	0.00106380768776445	-0.00681720323859861
6307.7358	0.00103098052362	-0.00609801318688544
5622.5879	0.000998763597427973	-0.00545749274574782
5011.603	0.00096826289375192	-0.00488827486011001
4466.4292	0.000945816749812545	-0.00437692859510918
3981.2773	0.00092138515411802	-0.00391850286164556
3548.8679	0.000899672952588534	-0.00350949762676625
3163.0398	0.00088170912925305	-0.00314274905530253
2819.0986	0.000863656905920042	-0.00281477236177487
2512.4104	0.000847436931242675	-0.00252060049043379
2239.2869	0.00083072579137961	-0.00225813394624804
1995.6381	0.000817138059730583	-0.00202266593732508
1778.2897	0.000806737799938182	-0.00181416739370231
1584.4927	0.000794275249535697	-0.00162392240549298
1412.7418	0.000780308216830033	-0.00145696238743274
1258.7905	0.000773326232099669	-0.00130850203700471
1121.7966	0.000763982154659593	-0.00117390327823203
999.68164	0.000755803056805216	-0.00105158367563674
891.42474	0.000747241256034731	-0.000943388406670576
794.23932	0.000738772490244988	-0.000846368144113727
707.96161	0.000732012724854989	-0.000757126143494012
631.00977	0.000725119693430843	-0.000681100608794258
562.33929	0.000719865632149376	-0.000609300585376455
501.12231	0.000713566541598199	-0.000547206605680572
446.57214	0.00070838419678168	-0.000487025652807312
398.08899	0.0007013117268858	-0.000438536783355767
354.88681	0.000696996050331062	-0.000389408628552395
316.31589	0.000695382212460507	-0.000346827412549841
281.8942	0.000691998984989859	-0.000308565014030642
251.20601	0.000686972144551042	-0.000275431132890304
223.92496	0.000686956635762128	-0.000240401769059651
199.55338	0.000687299466206113	-0.000213883946051863
177.78128	0.00068603573315194	-0.00018762330236063
158.52898	0.000685880941134243	-0.000164683164666785
141.21979	0.000684092181972101	-0.000142643774676893
125.92673	0.000685723073485362	-0.000122308058691714
112.19009	0.000688984296413302	-0.000106742764647395
99.968163	0.000689510919076621	-8.87694664585529e-05
89.115646	0.000692380281345105	-7.48172818000518e-05
79.415741	0.000694393337979384	-6.3799577216629e-05
70.793182	0.000695011431873661	-5.03022371812679e-05
63.082279	0.000699172910440784	-3.88919836756421e-05
56.241825	0.000702752956132465	-3.30020792346238e-05
50.112232	0.000703500424615916	-2.27310762122254e-05
44.671223	0.000705302618615935	-1.69091311407727e-05
39.808899	0.00071081650980671	-1.29385457074556e-05
35.488308	0.000712224839712108	-7.03180826793172e-06
31.629578	0.000717725652726645	-1.34673079864678e-06
28.187037	0.000720022916140978	-2.49496400294356e-07
25.120602	0.000722405301328774	2.92237926431601e-06
22.385418	0.000724682970050887	6.7168644673335e-06
19.955338	0.000728400316389434	8.36377405034947e-06
17.775894	0.000731046188693452	1.22143908820165e-05
15.846864	0.000735305941761291	1.16766151241239e-05
14.127493	0.000735142100221458	1.22426527219715e-05
12.587309	0.000738214117560052	1.34836565912636e-05
11.216775	0.000738401262959386	1.50450477789597e-05
9.9968166	0.000740752489538129	1.47344368495365e-05
8.9082127	0.000743227619644297	1.50562754901459e-05
7.9395623	0.000745539858686342	1.65890047558214e-05
7.0765615	0.000748147072717464	1.76558829406261e-05
6.3105822	0.000749447220369944	1.56079855886273e-05
5.6245475	0.000750840929211196	1.50029600653239e-05
5.0112233	0.000751438600311824	1.49362361681706e-05
4.4642835	0.000754373718784558	1.3845285524788e-05
3.9819033	0.000753745663681661	1.71925612988055e-05
3.5479143	0.000755504843636219	1.7273895864889e-05
3.1629577	0.000757937019609275	1.74248186266308e-05
2.818361	0.000759332359420594	1.75079419925135e-05
2.5112481	0.000759230472445359	1.74065421004658e-05
2.2398233	0.000759220768866102	1.64467017571858e-05
1.9950197	0.000759886807461449	1.73701608361867e-05
1.7775893	0.000761287553080432	1.66597714366367e-05
1.5846864	0.000761594235707429	1.85078171962537e-05
1.4122353	0.000763715799876037	1.77022243291742e-05
1.2582541	0.00076490721604367	2.01818846951866e-05
1.1224822	0.000765937631319677	1.79435452609926e-05
1.0000616	0.000768891525095736	2.01657373810248e-05
0.89082122	0.000769424564901814	1.99734480100375e-05
0.79444051	0.000772393888339194	2.19247314814881e-05
0.70784986	0.00077141166522447	2.14204033327888e-05
0.63126236	0.000774406306686885	2.30375807331598e-05
0.562536	0.000775623992693338	2.06951989994809e-05
0.50118715	0.000777037347138986	2.29314870384422e-05
0.44642836	0.000779052639889473	2.28964466963783e-05
0.39821118	0.000778871421521179	2.65897491856147e-05
0.35475865	0.00078109147615851	2.62317378735801e-05
0.31619295	0.000782784128097604	2.93102414556173e-05
0.2819173	0.000783404902999197	2.90645026520119e-05
0.25117323	0.000785547769509564	3.05293938084937e-05
0.22391155	0.000788351737022447	2.94791162056509e-05
0.19957349	0.000789893932706218	3.09561160539066e-05
0.17779917	0.000791492704287796	3.46585974580772e-05
0.15846863	0.000793144870282269	3.52005203801291e-05
0.14123619	0.000794162075056805	3.72127325339959e-05
0.12590662	0.000798205006784395	3.77058848638347e-05
0.1122199	0.000799954258729716	3.99870309241007e-05
0.10002181	0.000801431608244246	4.31453415792527e-05
