10002.226	0.00117611919930601	-0.00949991228066682
8914.9326	0.00113477534905233	-0.00850537600760381
7943.9951	0.00109575213417685	-0.00761368373612643
7081.583	0.00106173715391447	-0.0068157849619701
6307.7358	0.00103020452504644	-0.00609711905160519
5622.5879	0.000998948104546802	-0.00546173897242625
5011.603	0.000970998192157575	-0.00488814920635735
4466.4292	0.000947290384969554	-0.00437651531683856
3981.2773	0.000923506321700591	-0.0039191146410552
3548.8679	0.000898916703003806	-0.00350753138847959
3163.0398	0.000880665262257424	-0.00314137443307279
2819.0986	0.000862995184797974	-0.00281283141727197
2512.4104	0.00084637401076467	-0.00252047275054698
2239.2869	0.000831586996465132	-0.0022580551073354
1995.6381	0.000819386266485226	-0.00202143004366534
1778.2897	0.000806996869221534	-0.00181220297048069
1584.4927	0.000793787959022525	-0.00162349422637384
1412.7418	0.000783294041246429	-0.00145866958917378
1258.7905	0.000773602166702075	-0.00130950365785803
1121.7966	0.000764349665673654	-0.00117218925197303
999.68164	0.000754157228222784	-0.00104953348640234
891.42474	0.000746434066501284	-0.000941098183640809
794.23932	0.000741088007193334	-0.000847485218593051
707.96161	0.000731030501880571	-0.000757062522697363
631.00977	0.000724380525951831	-0.000681915701381708
562.33929	0.000717927762816776	-0.000610921544224062
501.12231	0.000712872657475359	-0.000546802060526947
446.57214	0.000708754976913369	-0.000487052331856586
398.08899	0.000703580960925881	-0.00043701984470871
354.88681	0.000698447717807822	-0.000390675475271637
316.31589	0.000696942312764493	-0.000345906424352053
281.8942	0.00069226073194172	-0.000307430907232451
251.20601	0.000687874699512229	-0.000274426831819358
223.92496	0.000687715189801858	-0.000241658852477687
199.55338	0.000685551772861216	-0.000214025242383819
177.78128	0.000683933163173727	-0.000186629334084986
158.52898	0.000685021430383698	-0.000161592669478768
141.21979	0.000683910797306496	-0.000143566351660292
125.92673	0.000686554136141995	-0.000123997546061042
112.19009	0.000687365383121008	-0.000108034462524338
99.968163	0.000686567975649031	-9.04560620436165e-05
89.115646	0.000690568687774747	-7.56528110170736e-05
79.415741	0.000694338705634493	-6.34391724599392e-05
70.793182	0.000696224361081	-5.08017200121998e-05
63.082279	0.000698281180072921	-4.17818088775693e-05
56.241825	0.000701308855776207	-3.14520726788484e-05
50.112232	0.000705343483053197	-2.25690854515264e-05
44.671223	0.000708399000733757	-1.7253277105887e-05
39.808899	0.000710115907369216	-1.35829090966956e-05
35.488308	0.000715742465689246	-8.64588965072809e-06
31.629578	0.000717733163194232	-8.16168939299909e-07
28.187037	0.000719965333554985	-3.12695880712633e-07
25.120602	0.000723824432841169	4.98784450067923e-06
22.385418	0.00072533507612311	8.20488859492545e-06
19.955338	0.00072873798506967	9.29942543573153e-06
17.775894	0.000730885073359828	1.02130393483725e-05
15.846864	0.000735575663431331	1.0425980998863e-05
14.127493	0.000735505081558882	1.30397668480898e-05
12.587309	0.000738653483241682	1.39233797465451e-05
11.216775	0.000740798153620134	1.36857202345592e-05
9.9968166	0.000742459803847883	1.36931066540483e-05
8.9082127	0.000744053380239031	1.42849451503442e-05
7.9395623	0.000742194562263734	1.63274455105542e-05
7.0765615	0.000747533226996564	1.75932917144674e-05
6.3105822	0.000751714522455859	1.52968565346269e-05
5.6245475	0.000750037146783903	1.58210546202781e-05
5.0112233	0.000755285291684316	1.75795926154878e-05
4.4642835	0.000753386876202507	1.79806631300515e-05
3.9819033	0.000753649091868019	1.56353969712804e-05
3.5479143	0.000756200767988589	1.7869358529846e-05
3.1629577	0.00075809883903506	1.80982665675704e-05
2.818361	0.000758941292771968	1.77117068245677e-05
2.5112481	0.000760305878972121	1.59580384741042e-05
2.2398233	0.000760122094924007	1.64574198765805e-05
1.9950197	0.000760360979205125	1.77449326550899e-05
1.7775893	0.000761111026597786	1.91728347728767e-05
1.5846864	0.000763081015518305	1.80101171614435e-05
1.4122353	0.000765921721717173	1.95857962954941e-05
1.2582541	0.000766269046538709	1.69929789705076e-05
1.1224822	0.000767387041851675	1.87021394425177e-05
1.0000616	0.000769636304529182	1.96638522754174e-05
0.89082122	0.000768998049136359	2.18712390716366e-05
0.79444051	0.000770499867730497	2.07002188792948e-05
0.70784986	0.000771910689670132	2.18566678329475e-05
0.63126236	0.000774396855660392	2.19300313654278e-05
0.562536	0.000774967901891885	2.12985191358901e-05
0.50118715	0.00077638545284884	2.35615793506928e-05
0.44642836	0.000777965137536915	2.34812087587449e-05
0.39821118	0.000778722536638655	2.44382639321331e-05
0.35475865	0.000780754300642809	2.54257074081944e-05
0.31619295	0.000781782698907961	2.79596645122257e-05
0.2819173	0.000783804524563557	2.88526638831945e-05
0.25117323	0.000786360952008672	2.81291946335055e-05
0.22391155	0.000788650697408082	3.18557126003481e-05
0.19957349	0.000787610147652025	3.25236072604514e-05
0.17779917	0.000791117493920135	3.55343539700125e-05
0.15846863	0.000794918560950942	3.45943358346677e-05
0.14123619	0.000796533094506612	3.68230384537103e-05
0.12590662	0.00079684940614093	3.9154310693615e-05
0.1122199	0.000800126501621065	4.04868363812861e-05
0.10002181	0.000802243539187158	4.1922376614304e-05
