10002.226	0.00117582696479138	-0.00950209238249074
8914.9326	0.00113521511742372	-0.00850577605743003
7943.9951	0.00109560810462888	-0.00761423673373372
7081.583	0.00106206841451118	-0.00681459020590125
6307.7358	0.00102973408516433	-0.00609879249070696
5622.5879	0.000997979393078534	-0.00545903176305539
5011.603	0.000970102718169187	-0.00488845894522117
4466.4292	0.000946186456056101	-0.00437635806068052
3981.2773	0.00092246465930539	-0.00391898764791681
3548.8679	0.000899786501121127	-0.00350972582837147
3163.0398	0.000881691244540635	-0.00314326419998052
2819.0986	0.000863015199864377	-0.00281340128077399
2512.4104	0.00084654831320518	-0.00252047560594938
2239.2869	0.000832907969438709	-0.00225862070115871
1995.6381	0.000818782352001346	-0.00202287720630995
1778.2897	0.000806826344043231	-0.00181393429546249
1584.4927	0.0007935042252044	-0.00162409904085391
1412.7418	0.000781132738831455	-0.00145729844201968
1258.7905	0.000772310017644961	-0.0013056303583433
1121.7966	0.000763992995094109	-0.00117262739058524
999.68164	0.000757000570630851	-0.00104843054202102
891.42474	0.000745609209209873	-0.000943026425890685
794.23932	0.000738983122501164	-0.000844945169093626
707.96161	0.000732501389293716	-0.000756737702309343
631.00977	0.000726018345662385	-0.000678560055212764
562.33929	0.000719001066625707	-0.000609332180520939
501.12231	0.000713706273122912	-0.000545039346450275
446.57214	0.000707979061001523	-0.000489715052581944
398.08899	0.000701155508147689	-0.000438075656654743
354.88681	0.000698477193166719	-0.000389005057097164
316.31589	0.000696323247493298	-0.000345584053244368
281.8942	0.000693325353769093	-0.000309480748009997
251.20601	0.000688095427887449	-0.000273847854765092
223.92496	0.000687578831851705	-0.00024127334024533
199.55338	0.000686226288191189	-0.000212739517945855
177.78128	0.00068599819902189	-0.000185326108872999
158.52898	0.000685289648892041	-0.000163706788941933
141.21979	0.000686027017379613	-0.000141362171236203
125.92673	0.000686289720188016	-0.000121924232190127
112.19009	0.000689592993945472	-0.000105052880298725
99.968163	0.000690416463560627	-8.86575948596839e-05
89.115646	0.000691933430053642	-7.69093345344574e-05
79.415741	0.000694487995955371	-6.12199818446716e-05
70.793182	0.000694705362739425	-5.02122819908233e-05
63.082279	0.00069931850101466	-4.16568488942449e-05
56.241825	0.00070406035459178	-3.15110608703699e-05
50.112232	0.00070405902865059	-2.54333515319984e-05
44.671223	0.000708117723954723	-1.67441600182044e-05
39.808899	0.000708867694841846	-1.22653422671982e-05
35.488308	0.000711974514102031	-6.54495256920133e-06
31.629578	0.000719218043247862	-1.32938905018762e-06
28.187037	0.000719084606897936	1.86907262603671e-06
25.120602	0.000721373741970607	3.13034744248779e-06
22.385418	0.000724316857783837	8.06553045331426e-06
19.955338	0.000727418943937323	8.76331648734339e-06
17.775894	0.000731381969469343	1.03647567999062e-05
15.846864	0.000733223584507809	1.17994779524145e-05
14.127493	0.000734195992539538	1.25390372951492e-05
12.587309	0.000736634348481353	1.34148935345735e-05
11.216775	0.000738823777365682	1.23758928656687e-05
9.9968166	0.000743132443655292	1.39977879684863e-05
8.9082127	0.000742841892779273	1.48153564225978e-05
7.9395623	0.00074310302996187	1.61688160814948e-05
7.0765615	0.000747945377854194	1.83686896021643e-05
6.3105822	0.000748230844556394	1.70687558136673e-05
5.6245475	0.000748890312234012	1.51808685236001e-05
5.0112233	0.000752393400731738	1.68973686151835e-05
4.4642835	0.000752711498956584	1.85097559839853e-05
3.9819033	0.000755257601089545	1.67119926219822e-05
3.5479143	0.000756749010787194	1.66784145372024e-05
3.1629577	0.000755939002701873	1.85990795557312e-05
2.818361	0.000758580699100001	1.67883527937619e-05
2.5112481	0.000759941228914582	1.7358378535368e-05
2.2398233	0.000758303215920467	1.64214603214042e-05
1.9950197	0.000760695262199949	1.7506812215388e-05
1.7775893	0.000762228171762812	1.73636176205213e-05
1.5846864	0.000764994127469621	1.95498589864676e-05
1.4122353	0.000763725625880183	1.85317646242662e-05
1.2582541	0.000764349037274358	1.78374003947392e-05
1.1224822	0.000764635477719774	1.91042377895439e-05
1.0000616	0.000769875560541286	2.21116550753888e-05
0.89082122	0.000767941554219739	2.10631098415761e-05
0.79444051	0.000769964249150654	2.02410029954868e-05
0.70784986	0.000772767649942431	2.36155966347353e-05
0.63126236	0.000772194598002092	2.31592004027239e-05
0.562536	0.000775295841164619	2.32966122413846e-05
0.50118715	0.000774530618144199	2.29522287910897e-05
0.44642836	0.000778300351392103	2.53792623486973e-05
0.39821118	0.000781001038259258	2.63266187223759e-05
0.35475865	0.000779669980993559	2.65422890662207e-05
0.31619295	0.000781127552515804	2.65825235008538e-05
0.2819173	0.000784528801522266	2.67813004060828e-05
0.25117323	0.000786012459626513	2.93317784489821e-05
0.22391155	0.000787853178883366	3.14969881132395e-05
0.19957349	0.000790516515011748	3.24733540484311e-05
0.17779917	0.000789105182059436	3.33870893903291e-05
0.15846863	0.000794290125412687	3.50822576388326e-05
0.14123619	0.000794521042087283	3.84033915678762e-05
0.12590662	0.000795926333875893	3.91057570237839e-05
0.1122199	0.000800036608497925	3.99092740336563e-05
0.10002181	0.000802045407129628	4.25577152657251e-05
