10002.226	0.00117381163975389	-0.00950101363262683
8914.9326	0.00113525545939564	-0.00850523080209332
7943.9951	0.00109921241319084	-0.00761189999815129
7081.583	0.00106111102931275	-0.00681468949675706
6307.7358	0.00103004152514463	-0.00609867835070246
5622.5879	0.000999137239888947	-0.00545971996066637
5011.603	0.000969399977605944	-0.00488956428937521
4466.4292	0.000946032647774204	-0.00437620555818431
3981.2773	0.000923321565469717	-0.00391908526437886
3548.8679	0.000898596095840727	-0.00350916057318898
3163.0398	0.00088136009719051	-0.00314304716664972
2819.0986	0.000862547190544141	-0.00281532894281814
2512.4104	0.000846429671752902	-0.00251918718048202
2239.2869	0.000832788121011686	-0.00225836135647776
1995.6381	0.000818894867567906	-0.00202158603750626
1778.2897	0.000806451136857765	-0.00181298071848066
1584.4927	0.000793986059228532	-0.00162439665772398
1412.7418	0.000781036187095634	-0.00145846918298407
1258.7905	0.000773436668799205	-0.00130605234088703
1121.7966	0.000764237417657168	-0.00117093393913504
999.68164	0.000755526570179624	-0.00105056274718012
891.42474	0.00074725940382618	-0.0009428508542728
794.23932	0.000740421447089598	-0.000847578453169521
707.96161	0.000732571090223124	-0.000758801229095911
631.00977	0.000727033689223717	-0.000681163541288327
562.33929	0.000719467327525081	-0.000609643704564543
501.12231	0.000713848741411381	-0.000545959297334181
446.57214	0.000706754029660476	-0.000487826729448995
398.08899	0.000701619809273791	-0.000438480456799348
354.88681	0.000698417506542409	-0.000390641135023534
316.31589	0.000696765599715248	-0.000347707971649942
281.8942	0.000692651092187532	-0.000309496962508308
251.20601	0.000687980635586967	-0.00027358038016384
223.92496	0.000688768898576475	-0.000242506542580614
199.55338	0.000685220376532134	-0.000214606208882384
177.78128	0.000684384651747982	-0.00018750260681197
158.52898	0.000685685240086532	-0.000162314401525913
141.21979	0.000683831654726544	-0.000142585037902752
125.92673	0.000686666295729149	-0.000121471955687886
112.19009	0.00068672379943327	-0.000106313103832036
99.968163	0.000690332049989476	-8.76882198458598e-05
89.115646	0.000690341713739637	-7.49877343089332e-05
79.415741	0.000692859739968139	-6.1885331621162e-05
70.793182	0.000696386870972948	-5.25248170259697e-05
63.082279	0.000695548593316656	-3.99356596115617e-05
56.241825	0.000702795395817231	-3.10682271379905e-05
50.112232	0.000703116803419419	-2.29445752635e-05
44.671223	0.000707452595341	-1.92955800110472e-05
39.808899	0.000711255225878727	-1.33964367620437e-05
35.488308	0.000713569371200617	-5.99673748558479e-06
31.629578	0.000715785759761758	-1.67249556471556e-06
28.187037	0.000717891596463204	6.0499011166727e-07
25.120602	0.00072212721079083	2.92049251058623e-06
22.385418	0.000723804908309864	4.57804886764751e-06
19.955338	0.000727568179473124	8.25193458305119e-06
17.775894	0.000732122745498958	1.24212464856974e-05
15.846864	0.000732050287858738	1.01940501946985e-05
14.127493	0.000735371593753494	1.2390049497593e-05
12.587309	0.000738218430134169	1.31860314205179e-05
11.216775	0.000739089893896011	1.50010437908979e-05
9.9968166	0.000742231589559908	1.36338608245721e-05
8.9082127	0.000743514754273347	1.52489606168466e-05
7.9395623	0.000745537656690594	1.55321898243395e-05
7.0765615	0.000748748207777992	1.88484791303868e-05
6.3105822	0.000750170367542873	1.65391437149303e-05
5.6245475	0.000750040502684502	1.70516893811127e-05
5.0112233	0.000751090793386775	1.60722807976e-05
4.4642835	0.000753574724822614	1.50780013029142e-05
3.9819033	0.000753546056030682	1.64590567425381e-05
3.5479143	0.000753061828535943	1.69890359777193e-05
3.1629577	0.000755078999077242	1.80789473386495e-05
2.818361	0.000758006252554139	1.53646047356352e-05
2.5112481	0.000758204771978295	1.74819638519998e-05
2.2398233	0.000758575501360646	1.76352705689591e-05
1.9950197	0.000761800993215929	1.64197313520925e-05
1.7775893	0.000762394787840939	1.77118922006728e-05
1.5846864	0.000764165542876942	1.76518354739849e-05
1.4122353	0.00076381290983561	1.93294288085655e-05
1.2582541	0.000764376221320299	1.76971887637387e-05
1.1224822	0.000766520481140494	1.99787438380109e-05
1.0000616	0.00076933106645899	1.91380814603748e-05
0.89082122	0.000770374834114444	2.04845408370686e-05
0.79444051	0.000771234998885614	2.21960914000711e-05
0.70784986	0.000772182028724317	2.08065003627516e-05
0.63126236	0.000773243222999406	2.15930931900581e-05
0.562536	0.000774825598965044	2.22242454613762e-05
0.50118715	0.000774442458214559	2.34498790872891e-05
0.44642836	0.000777475315197661	2.42564292339827e-05
0.39821118	0.000778698785746327	2.51057550015277e-05
0.35475865	0.000778664482793842	2.60780409471174e-05
0.31619295	0.000782013048586908	2.90416756187134e-05
0.2819173	0.000782988461996429	2.7963592050981e-05
0.25117323	0.000784891298971325	3.08698132149085e-05
0.22391155	0.000788147996661751	3.12639997354369e-05
0.19957349	0.000788273763519275	3.31477447775364e-05
0.17779917	0.000792120347791557	3.39987713557193e-05
0.15846863	0.000791879261399579	3.54285899559824e-05
0.14123619	0.000796081901999455	3.71864346466132e-05
0.12590662	0.00079780525289804	3.77050509228114e-05
0.1122199	0.000799703952641693	3.96868675375707e-05
0.10002181	0.0008045529512848	4.26684982081504e-05
