10002.226	0.00117409384424348	-0.00950245051444413
8914.9326	0.00113457949765171	-0.00850584849112924
7943.9951	0.00109608507446446	-0.00761541420883135
7081.583	0.00106110835701874	-0.00681537935909982
6307.7358	0.0010306272679626	-0.00609912419685699
5622.5879	0.000997253465496447	-0.00545996247379573
5011.603	0.000969574693159163	-0.00489135163246711
4466.4292	0.000946370105536041	-0.00437505562863065
3981.2773	0.000922191591463166	-0.00391895993071429
3548.8679	0.000898387694825197	-0.00350811250867332
3163.0398	0.000881464639580167	-0.00314384230274359
2819.0986	0.000863051357905178	-0.00281397167255597
2512.4104	0.000847344816117212	-0.00251997953678618
2239.2869	0.00083128476295214	-0.00225843143295114
1995.6381	0.000818754668333856	-0.00202395579109632
1778.2897	0.000807085604237906	-0.00181454375796633
1584.4927	0.000793810153826437	-0.00162377722259583
1412.7418	0.000781656948217374	-0.0014560420783369
1258.7905	0.000772952429114348	-0.00130636117090034
1121.7966	0.000763359699346868	-0.0011708572049162
999.68164	0.000755651875763176	-0.00104755258983356
891.42474	0.000746139185655747	-0.000943005676367394
794.23932	0.000739262515420164	-0.000846392625264878
707.96161	0.000732286175430434	-0.000758307602497826
631.00977	0.000725962791981766	-0.000680218410308074
562.33929	0.000719916582213834	-0.000609168415323945
501.12231	0.000713942476803654	-0.000547642764572725
446.57214	0.000706980850400187	-0.000490252244325014
398.08899	0.000702480699610931	-0.00043812305916881
354.88681	0.00069818240491013	-0.000390288822900519
316.31589	0.000696027567629257	-0.000347653573224883
281.8942	0.000693365742682601	-0.000310555809139619
251.20601	0.000688240059106513	-0.000274433288267102
223.92496	0.000685214966332906	-0.00024024567722303
199.55338	0.000686427926462339	-0.000214650750067216
177.78128	0.000685654010580324	-0.000186267969265813
158.52898	0.000684550733574144	-0.000163334109875352
141.21979	0.000684883960869739	-0.000143113705657544
125.92673	0.000685066772198942	-0.00012103777156804
112.19009	0.00068727556723073	-0.000106987930669258
99.968163	0.00068924396448891	-9.18761366627593e-05
89.115646	0.000692098316836034	-7.45157969148775e-05
79.415741	0.000693495039962166	-6.25054820535416e-05
70.793182	0.000696185449718645	-5.02282997024196e-05
63.082279	0.000698550673164561	-4.06817657618666e-05
56.241825	0.000702544425586349	-3.08435725276929e-05
50.112232	0.000704889507658144	-2.15748248653178e-05
44.671223	0.000706567026590988	-1.83159675154519e-05
39.808899	0.000710405733654143	-1.18814773094767e-05
35.488308	0.000714104848368892	-7.82215257452751e-06
31.629578	0.000715290215755034	-7.97312793924329e-07
28.187037	0.000719389963102991	1.65328049164975e-06
25.120602	0.000722569556726339	4.2814179065779e-06
22.385418	0.000725711843488921	5.65663451429407e-06
19.955338	0.000728762083508788	8.48766240282197e-06
17.775894	0.000731792817964766	1.03790936538508e-05
15.846864	0.000734491337786499	1.12095578746815e-05
14.127493	0.000736123400488436	1.27798205343099e-05
12.587309	0.00073679991755104	1.28499656644094e-05
11.216775	0.000739431335546632	1.47339629843157e-05
9.9968166	0.000743987056424916	1.44010734171262e-05
8.9082127	0.000743182362048492	1.5377534584424e-05
7.9395623	0.0007436588706716	1.69525574066404e-05
7.0765615	0.000746672105371041	1.57490706465203e-05
6.3105822	0.000750618791104488	1.53487154301699e-05
5.6245475	0.000750835920118858	1.73764796555215e-05
5.0112233	0.000751748549866914	1.770907667841e-05
4.4642835	0.000753596571441796	1.56966075670485e-05
3.9819033	0.000754407590543708	1.62245096168871e-05
3.5479143	0.000754118980526858	1.76391526790864e-05
3.1629577	0.00075738899714333	1.85781112033014e-05
2.818361	0.000756401805139115	1.80799289946713e-05
2.5112481	0.000759689753530426	1.48687590629082e-05
2.2398233	0.000759746234083814	1.63380675371757e-05
1.9950197	0.000761543240682634	1.7445348610012e-05
1.7775893	0.000762017932121408	1.78200852684061e-05
1.5846864	0.00076127015439193	1.8066034929944e-05
1.4122353	0.000764691915278548	1.75428701336133e-05
1.2582541	0.000764526122928352	1.89943646744848e-05
1.1224822	0.000768240098486625	1.86789027199019e-05
1.0000616	0.000767269992461565	1.82861882460768e-05
0.89082122	0.000770898036317755	2.14554447569833e-05
0.79444051	0.000770581263967196	1.89656435220955e-05
0.70784986	0.000773042059736064	2.28575969592013e-05
0.63126236	0.000772961069210366	2.07140449819801e-05
0.562536	0.000775764246214817	2.24700913338918e-05
0.50118715	0.00077680990937424	2.30151808588475e-05
0.44642836	0.000777805261774942	2.42816126733258e-05
0.39821118	0.000779017172176486	2.57175244205858e-05
0.35475865	0.000779232722188904	2.72316557140297e-05
0.31619295	0.000780928423450001	2.63908415165997e-05
0.2819173	0.000785086806024715	2.76415387871785e-05
0.25117323	0.000784500472161345	3.06043181674413e-05
0.22391155	0.000788470125464914	2.98928117950963e-05
0.19957349	0.000788851984276828	3.1024616209197e-05
0.17779917	0.000790202217108436	3.27848483828814e-05
0.15846863	0.000792998532257396	3.56164002631473e-05
0.14123619	0.000796169381852744	3.7317540915661e-05
0.12590662	0.000797262424008714	3.81644357076284e-05
0.1122199	0.000799621578818782	3.89723786845094e-05
0.10002181	0.000803143854311223	4.24938196158216e-05
