10002.226	0.00119588532020892	-0.00944801876579382
8914.9326	0.00115837632579799	-0.00845789058766197
7943.9951	0.00111870977923253	-0.00757052359974587
7081.583	0.00108478443228511	-0.00677984880828269
6307.7358	0.00105407142290782	-0.00606365381402108
5622.5879	0.00101872732036562	-0.00543043703825439
5011.603	0.000991162848744961	-0.00486212869962133
4466.4292	0.000968248967859034	-0.00435376611221009
3981.2773	0.000943677699908365	-0.00389739707131101
3548.8679	0.000920144912128786	-0.00348991371847568
3163.0398	0.000901665884165474	-0.00312775270524274
2819.0986	0.000886241710245326	-0.002798218790245
2512.4104	0.000868105952074494	-0.00250582393701991
2239.2869	0.000854311319857718	-0.0022464278368802
1995.6381	0.000839836509010286	-0.00201239780791087
1778.2897	0.000827496269957097	-0.00180246957621761
1584.4927	0.000816433906379858	-0.00161473762655757
1412.7418	0.000804291739718017	-0.00144988339773087
1258.7905	0.000796698899863717	-0.0012997756468848
1121.7966	0.000786250766048231	-0.00116520318825004
999.68164	0.000776297522983849	-0.00104560472872018
891.42474	0.000769366093637097	-0.000938593656254184
794.23932	0.00076149340742143	-0.000842672158722867
707.96161	0.000755540312132524	-0.000753812832477421
631.00977	0.000747088014238633	-0.000677439290761476
562.33929	0.000742537085153649	-0.000606322661072931
501.12231	0.000735496009871509	-0.00054467698720947
446.57214	0.00072995796218373	-0.000487090198955815
398.08899	0.000723904729050595	-0.000435201499444426
354.88681	0.00071998502058937	-0.000388396642461968
316.31589	0.000716688429512253	-0.000344271641798542
281.8942	0.000712823776534539	-0.000307195409954886
251.20601	0.000709382399245755	-0.000272878919657405
223.92496	0.000708380572719268	-0.000240263017809857
199.55338	0.000709481713161719	-0.000211756139120317
177.78128	0.000707942033633859	-0.000186769259979342
158.52898	0.000709166027200252	-0.00016277703419819
141.21979	0.000706003505713732	-0.000142488358770845
125.92673	0.000709224137624744	-0.000122992376914256
112.19009	0.000709996445130679	-0.000105244314921403
99.968163	0.000712090119078436	-8.86123363408159e-05
89.115646	0.000713923388502567	-7.511013316202e-05
79.415741	0.000715113512051592	-6.18979307840081e-05
70.793182	0.000718775847292789	-5.03760196520011e-05
63.082279	0.000719720548446128	-4.12453188789021e-05
56.241825	0.000724067368182935	-3.08009743622395e-05
50.112232	0.000724393448515569	-2.21576176515138e-05
44.671223	0.000729260770061409	-1.75601873423792e-05
39.808899	0.000734894387302103	-1.43048869854789e-05
35.488308	0.000736480136084362	-1.00539866670942e-05
31.629578	0.000737497407427413	-2.04705280904926e-06
28.187037	0.000741366547298573	3.5546708123724e-07
25.120602	0.000744821802461109	4.52182676393916e-06
22.385418	0.000748001573762125	5.68394674148088e-06
19.955338	0.000749869964287764	7.12336739244293e-06
17.775894	0.00075232915197426	1.07768742788366e-05
15.846864	0.000754614017722367	1.06278353674392e-05
14.127493	0.000759654998158177	1.23336070245738e-05
12.587309	0.000759662624318361	1.35157506438304e-05
11.216775	0.000759808485369603	1.62549801427491e-05
9.9968166	0.000764089206910288	1.30799375076984e-05
8.9082127	0.000764237062552944	1.48761559437051e-05
7.9395623	0.000766699853626116	1.51168503883568e-05
7.0765615	0.000769570435256286	1.80182877139755e-05
6.3105822	0.000771553059180197	1.57971566165442e-05
5.6245475	0.000771990140428582	1.63960305351853e-05
5.0112233	0.000774283598568454	1.68051720829649e-05
4.4642835	0.000773239946846452	1.66606744571469e-05
3.9819033	0.000775449962726752	1.51042701677798e-05
3.5479143	0.000777494872380085	1.72207868117985e-05
3.1629577	0.000778836757277899	1.76419907355019e-05
2.818361	0.000780189719174011	1.70986258236487e-05
2.5112481	0.000782787110590111	1.55695801716718e-05
2.2398233	0.000783312782917439	1.66079609755245e-05
1.9950197	0.000782956098002948	1.60919833832882e-05
1.7775893	0.000782453435479324	1.85080987030549e-05
1.5846864	0.00078506314350176	1.75227191509006e-05
1.4122353	0.000786029609191201	1.88752133783817e-05
1.2582541	0.000786729688842135	1.74355054020998e-05
1.1224822	0.0007884585858802	1.72778690152463e-05
1.0000616	0.000788486580291943	2.02220138711108e-05
0.89082122	0.000793126262942983	2.04258904000561e-05
0.79444051	0.000793673517946519	2.12824893420141e-05
0.70784986	0.000794480807917576	2.22246683440717e-05
0.63126236	0.000794961679811002	2.11258782977211e-05
0.562536	0.000796729918470087	2.25347261820093e-05
0.50118715	0.00079747680848878	2.2485144260475e-05
0.44642836	0.000800550208776807	2.33163772321588e-05
0.39821118	0.000801127000530148	2.61876810469048e-05
0.35475865	0.000801049022895465	2.62323166977574e-05
0.31619295	0.000804332177068484	2.66081675795277e-05
0.2819173	0.000805574890039593	2.93044247014426e-05
0.25117323	0.000807011466793517	2.91176128657575e-05
0.22391155	0.000809431443310571	3.1425335980287e-05
0.19957349	0.00081207770785825	3.1626918091505e-05
0.17779917	0.000814251535052329	3.28052683856366e-05
0.15846863	0.000816615361400697	3.45975427985367e-05
0.14123619	0.000818213854418895	3.62200316240034e-05
0.12590662	0.000820497193747609	3.82866745759132e-05
0.1122199	0.000823933366127207	3.95957017226119e-05
0.10002181	0.000823079819660226	4.22732021423868e-05
