10002.226	0.00119737505590981	-0.00944824429130489
8914.9326	0.00115587497015631	-0.00845931292526108
7943.9951	0.00111840889188078	-0.00757122180671525
7081.583	0.00108532296860252	-0.006778497567412
6307.7358	0.00105111541586678	-0.00606450323086274
5622.5879	0.00101967002003546	-0.0054293765654029
5011.603	0.000992403426207796	-0.00486144701782083
4466.4292	0.000968288846801237	-0.00435135281641853
3981.2773	0.00094442940846299	-0.00389708147844665
3548.8679	0.00092261845497082	-0.00349127188831724
3163.0398	0.00090225654626705	-0.00312751088192272
2819.0986	0.000886599129322057	-0.00279797437954596
2512.4104	0.000869668134661093	-0.00250563412088472
2239.2869	0.000853577026590025	-0.00224713161261708
1995.6381	0.000840072848887112	-0.00201217668762176
1778.2897	0.000827801897284932	-0.0018016909412821
1584.4927	0.000816100185053851	-0.00161497259490067
1412.7418	0.000803228043657637	-0.00144838479734785
1258.7905	0.000796402098126922	-0.00129912738316533
1121.7966	0.000783886415385702	-0.00116550583275667
999.68164	0.000777093845434491	-0.00104267749899788
891.42474	0.000767906363563746	-0.00093824029314395
794.23932	0.000762305021392673	-0.000842357573319948
707.96161	0.000751972975962761	-0.000752602705214468
631.00977	0.000749655462937901	-0.000678643285203794
562.33929	0.000740104910442521	-0.000606902011936229
501.12231	0.000735629937242329	-0.000544333144509821
446.57214	0.00073000579463624	-0.000485586961648882
398.08899	0.000723920445120958	-0.000436073992719009
354.88681	0.000722169776811788	-0.000388138801351952
316.31589	0.000717292971453628	-0.000344523478615391
281.8942	0.000716608706978814	-0.000308615542903934
251.20601	0.000709180315271831	-0.000271975528720018
223.92496	0.000708220426941056	-0.000240486663079588
199.55338	0.000709281943729926	-0.000212556150117582
177.78128	0.000706548059646942	-0.000185752018016306
158.52898	0.00070552427342163	-0.000163462192018888
141.21979	0.000706039466519833	-0.000142152033112231
125.92673	0.000708600385287429	-0.000123810200452633
112.19009	0.000711933560144917	-0.00010887759738378
99.968163	0.000710938845951763	-8.92344356650635e-05
89.115646	0.000714570563027206	-7.62916171003442e-05
79.415741	0.000715630190375783	-6.31877655086015e-05
70.793182	0.00071600050918208	-4.95477052185889e-05
63.082279	0.000718822938792093	-3.87430052764255e-05
56.241825	0.000725176367468619	-3.12241557541377e-05
50.112232	0.000726035845245003	-2.24012885487576e-05
44.671223	0.000729752572192714	-1.81121115966106e-05
39.808899	0.000732176735560708	-1.21283630924497e-05
35.488308	0.000735232731770735	-7.83660997947117e-06
31.629578	0.000738367065057953	-4.74752651908495e-07
28.187037	0.000741510647152499	3.86251191448373e-07
25.120602	0.000744407828584594	1.38181067672669e-06
22.385418	0.000746264230051534	5.25727894889429e-06
19.955338	0.000750686256616125	9.57924545562187e-06
17.775894	0.000751972953591601	9.94129303225388e-06
15.846864	0.000754832629987827	9.6218039745591e-06
14.127493	0.000757854474118216	1.41041367075196e-05
12.587309	0.000759556111118532	1.32858182888517e-05
11.216775	0.000761542617363265	1.27343547651594e-05
9.9968166	0.000765440929310361	1.42171299724922e-05
8.9082127	0.000765152078771431	1.58107967590643e-05
7.9395623	0.000766865057618307	1.69738611904392e-05
7.0765615	0.000771093682382222	1.83805851770345e-05
6.3105822	0.000771650324772746	1.77517548992575e-05
5.6245475	0.000771722338401844	1.65112772311898e-05
5.0112233	0.00077458975107561	1.57828851464022e-05
4.4642835	0.000775473189309113	1.6744351009887e-05
3.9819033	0.000777052002444841	1.73234883175943e-05
3.5479143	0.000777563274591994	1.79082570257669e-05
3.1629577	0.000778836422302651	1.70523575764274e-05
2.818361	0.000780641382078109	1.81752780356095e-05
2.5112481	0.000780104559556803	1.64593922674414e-05
2.2398233	0.000781599392850416	1.73831738638218e-05
1.9950197	0.000783857178098027	1.55451663701406e-05
1.7775893	0.00078315030482884	1.63382055432593e-05
1.5846864	0.000785182261201945	1.84108386126936e-05
1.4122353	0.000785969847816306	1.93628484644539e-05
1.2582541	0.000787403229185065	2.05219349348768e-05
1.1224822	0.000788040637841902	2.07404831307909e-05
1.0000616	0.000791071992688317	1.95530153938222e-05
0.89082122	0.000790871958799957	2.1206809452755e-05
0.79444051	0.000794123971398319	1.9725703241643e-05
0.70784986	0.000792895912592494	2.10753271494298e-05
0.63126236	0.000793372543237167	2.16882964935151e-05
0.562536	0.000797097948592676	2.14354708685315e-05
0.50118715	0.000797648121766074	2.16922362884462e-05
0.44642836	0.000800979853538663	2.29582163499512e-05
0.39821118	0.000801731246019076	2.59335997159444e-05
0.35475865	0.000801889556200637	2.48628352484792e-05
0.31619295	0.000805068345055844	2.6666504212591e-05
0.2819173	0.000804966020122988	2.76008356021882e-05
0.25117323	0.000807053448020598	2.88733359149736e-05
0.22391155	0.000811081749402634	3.21979578339335e-05
0.19957349	0.000808951495684102	3.06052134443003e-05
0.17779917	0.000812533310322058	3.33536838525918e-05
0.15846863	0.00081527443831919	3.51783174068098e-05
0.14123619	0.000816671644759713	3.51320627919472e-05
0.12590662	0.000818245294224476	3.60093628991052e-05
0.1122199	0.000821499790290192	4.10278645873908e-05
0.10002181	0.000823095799704819	4.16977916354386e-05
