10002.226	0.001195860329403	-0.00944920455937299
8914.9326	0.00115582046367852	-0.00845872948802875
7943.9951	0.00111818617606263	-0.00756997405980409
7081.583	0.00108322439342667	-0.00677867987777029
6307.7358	0.00105293884769726	-0.00606509307855625
5622.5879	0.00102166805162796	-0.00543032980411846
5011.603	0.000988903863151871	-0.00486285643204996
4466.4292	0.000969943387067669	-0.00435111422092813
3981.2773	0.000943252499688306	-0.00389723349685799
3548.8679	0.00092021759769477	-0.00349055407163507
3163.0398	0.0009031536398706	-0.00312410101819419
2819.0986	0.000884525381158371	-0.00279871481969021
2512.4104	0.000869238403945936	-0.00250587746898423
2239.2869	0.000853239300350538	-0.00224487824099459
1995.6381	0.00084166051949455	-0.0020124809789641
1778.2897	0.000827498277643971	-0.00180325547379329
1584.4927	0.000815173910384622	-0.00161547548286739
1412.7418	0.000804984922415783	-0.00145027519395222
1258.7905	0.000795120676038974	-0.00130055488040717
1121.7966	0.000785320544857899	-0.00116368637804663
999.68164	0.000778763472115691	-0.00104359291784113
891.42474	0.000768618109476645	-0.000938281176166522
794.23932	0.000761378024804128	-0.000840989951344775
707.96161	0.000753758613260723	-0.000754265502528025
631.00977	0.000746246344941232	-0.000677981777216378
562.33929	0.000739500568519122	-0.000606454931291802
501.12231	0.000736757218258501	-0.000544382634028682
446.57214	0.00073078188971937	-0.000485735516540666
398.08899	0.000723703002359117	-0.000434262880325202
354.88681	0.000720453064527568	-0.000388691064448963
316.31589	0.000720438935709944	-0.000343474789871472
281.8942	0.000713881591240613	-0.00030675705183015
251.20601	0.000710833445548958	-0.000273925931576285
223.92496	0.00071082590965518	-0.000238066148682668
199.55338	0.00070809093117274	-0.000212799709513647
177.78128	0.000707583562366636	-0.000186963150993162
158.52898	0.000705831608225002	-0.000161320636080897
141.21979	0.000706811919612018	-0.000142441984345281
125.92673	0.000706736977730778	-0.000121610609640868
112.19009	0.000709812128377198	-0.000105002956744231
99.968163	0.000710572869754701	-9.07085656700479e-05
89.115646	0.000714188450426422	-7.6794117880736e-05
79.415741	0.0007155216600885	-6.35278771654446e-05
70.793182	0.000717922701675561	-5.1622301261689e-05
63.082279	0.000720284235055688	-3.96174474925747e-05
56.241825	0.000724269831503413	-3.02387513617945e-05
50.112232	0.00072513626585264	-2.39943985076803e-05
44.671223	0.000728847523063992	-1.57071382016599e-05
39.808899	0.000730455139402568	-1.32837237046283e-05
35.488308	0.000736676955620051	-6.61811388269179e-06
31.629578	0.000737756001038318	-1.39190586757885e-06
28.187037	0.000742684760830874	2.01319749719377e-07
25.120602	0.000744609536377751	2.99869175886462e-06
22.385418	0.000747327623736218	6.09877953857586e-06
19.955338	0.000750577060840894	8.84606503913367e-06
17.775894	0.000754143297432664	1.01335038111573e-05
15.846864	0.00075612059158376	1.26782868192881e-05
14.127493	0.000758251877974672	1.36807539563509e-05
12.587309	0.000760337923021277	1.23575245473834e-05
11.216775	0.000761204975353482	1.50554069218662e-05
9.9968166	0.000765349095131419	1.34192957522585e-05
8.9082127	0.000767894330023585	1.4630661087176e-05
7.9395623	0.000766397801265745	1.63516531638216e-05
7.0765615	0.000767563582349074	1.78947383140211e-05
6.3105822	0.000772468229512135	1.78496326568017e-05
5.6245475	0.00077263586533201	1.56461171282893e-05
5.0112233	0.000772885440224012	1.89885999815165e-05
4.4642835	0.000774237769991014	1.67416673284879e-05
3.9819033	0.000776301361876745	1.74759384073621e-05
3.5479143	0.000777252031532991	1.61735346885355e-05
3.1629577	0.000778854638500902	1.88783029213181e-05
2.818361	0.000780039999482233	1.81928261409965e-05
2.5112481	0.000782214791947785	1.92150956506465e-05
2.2398233	0.000783688439448234	1.75746721307405e-05
1.9950197	0.000783886598335248	1.58395108354249e-05
1.7775893	0.000785666402472922	1.81146237955495e-05
1.5846864	0.000785341242465648	1.90075128913479e-05
1.4122353	0.000786911814751779	1.99739857135877e-05
1.2582541	0.00078765798413782	1.81463948855563e-05
1.1224822	0.000789195153663258	1.92374567163039e-05
1.0000616	0.0007887703611838	2.1178504065709e-05
0.89082122	0.000789730481799004	2.05001498493801e-05
0.79444051	0.000793774475836791	2.0659735197266e-05
0.70784986	0.00079418617746992	2.0647952983565e-05
0.63126236	0.000795930404816961	2.20672804725035e-05
0.562536	0.000797110831385632	2.27570909336738e-05
0.50118715	0.000798707884808316	2.43209821297554e-05
0.44642836	0.000800639861374663	2.32901330272644e-05
0.39821118	0.000801453788339848	2.48764205861951e-05
0.35475865	0.000801050182136098	2.65102484269105e-05
0.31619295	0.000805792699636178	2.70444712828649e-05
0.2819173	0.000806841779163426	2.86745831833161e-05
0.25117323	0.000807335248165566	2.95266513130245e-05
0.22391155	0.000809732993337106	2.9771063796844e-05
0.19957349	0.000810111643759026	3.05728579057663e-05
0.17779917	0.00081070542031248	3.35142486360576e-05
0.15846863	0.000815900682341316	3.69619911623247e-05
0.14123619	0.000816110285213264	3.62229552234429e-05
0.12590662	0.000816964780234607	3.71778370796975e-05
0.1122199	0.000823369482969877	3.83126020071837e-05
0.10002181	0.000825100333578364	4.08002782274816e-05
