10002.226	0.00119809437118941	-0.0094473467276122
8914.9326	0.00115617982430605	-0.00845709368526828
7943.9951	0.00111865884054826	-0.00756969404975597
7081.583	0.0010843561698464	-0.00677903215092128
6307.7358	0.00105368376019037	-0.00606483727824092
5622.5879	0.00101996189473225	-0.00542890153037906
5011.603	0.000991075190328644	-0.0048628348261148
4466.4292	0.000967831344159719	-0.00435383497589414
3981.2773	0.000943818794295094	-0.00389770215995825
3548.8679	0.00092102242392338	-0.00349104066598052
3163.0398	0.000902776587177535	-0.00312577351470277
2819.0986	0.000885690164509805	-0.00279773007292583
2512.4104	0.000870299564206108	-0.00250670797156456
2239.2869	0.000854644579119392	-0.00224618205295097
1995.6381	0.000842107099230545	-0.00201217212599777
1778.2897	0.00082737444160588	-0.00180332138070339
1584.4927	0.00081835833156814	-0.00161434224458917
1412.7418	0.000803118799056369	-0.00144883578163966
1258.7905	0.000795110508495178	-0.00129844582413434
1121.7966	0.000785546245572283	-0.00116732635812079
999.68164	0.000776173490789329	-0.00104516289557715
891.42474	0.000769230967338672	-0.000938222810252973
794.23932	0.000762642560749315	-0.000841851226954745
707.96161	0.000754886746687013	-0.000755780319613201
631.00977	0.000746760743616984	-0.00067696582512822
562.33929	0.000741516686556615	-0.000607148953008538
501.12231	0.000738132893498524	-0.000542401463016344
446.57214	0.0007308757717488	-0.000485948699738364
398.08899	0.000725506634760161	-0.000435355450802433
354.88681	0.0007188391152377	-0.000388331807963252
316.31589	0.000717590143794332	-0.000348401539043635
281.8942	0.000713937909742237	-0.000308459524202908
251.20601	0.000710068502639538	-0.000274916001211864
223.92496	0.000709976664468587	-0.000239055745686311
199.55338	0.000709042983075132	-0.000212891640648272
177.78128	0.000708023578207396	-0.000186258494899433
158.52898	0.000707576682278561	-0.000162548612126556
141.21979	0.000707721105346863	-0.000141811490083051
125.92673	0.000707123993897828	-0.000122514998503567
112.19009	0.000711309195945604	-0.000107192516896686
99.968163	0.000710768945444729	-8.65636203303002e-05
89.115646	0.000713934350191504	-7.67194667765431e-05
79.415741	0.000715211471311982	-6.28307110977031e-05
70.793182	0.000717610904358647	-5.10758958794298e-05
63.082279	0.000719871410324474	-4.1750676061667e-05
56.241825	0.000726018011640981	-3.15721393291221e-05
50.112232	0.000724853989347229	-2.32993257666174e-05
44.671223	0.00073051374552537	-1.78319807372396e-05
39.808899	0.000733991255185931	-1.1999266547551e-05
35.488308	0.000735570162018484	-5.36653904731558e-06
31.629578	0.000738228500490207	-9.83235285795652e-07
28.187037	0.000742709873013403	2.04665684343716e-08
25.120602	0.000743784133744172	5.15299408331908e-06
22.385418	0.000748359710429771	6.31800494940932e-06
19.955338	0.00074956817615898	8.45414367122043e-06
17.775894	0.000753029008475268	1.01829179755663e-05
15.846864	0.000755631419691068	1.01579341273383e-05
14.127493	0.000758947219026345	1.38525813750428e-05
12.587309	0.000757465568926339	1.43412480609473e-05
11.216775	0.000761042140232067	1.20268037257563e-05
9.9968166	0.000763876808552839	1.28574932338372e-05
8.9082127	0.000764487384341824	1.48035032019763e-05
7.9395623	0.000765299405882176	1.75577661607421e-05
7.0765615	0.000769260684896886	1.81305941031565e-05
6.3105822	0.000771616361531775	1.69513171423101e-05
5.6245475	0.00077325855856643	1.59743860263462e-05
5.0112233	0.000772010520540069	1.69738921485024e-05
4.4642835	0.00077535373356572	1.6292752380331e-05
3.9819033	0.000775781655486793	1.71920927338209e-05
3.5479143	0.000778666338940144	1.75778701593062e-05
3.1629577	0.000778509041819658	1.57580359219984e-05
2.818361	0.00078009816099515	1.67200093004056e-05
2.5112481	0.000781930126143966	1.50125380281924e-05
2.2398233	0.000780840322646544	1.66532786212197e-05
1.9950197	0.000780876305386155	1.67427216682132e-05
1.7775893	0.000784801326659983	1.70274184462257e-05
1.5846864	0.000785815755799337	1.89948554675778e-05
1.4122353	0.000787182406369209	1.80743709681939e-05
1.2582541	0.00078598389114019	1.76145060776752e-05
1.1224822	0.000788483305575923	1.83364846415637e-05
1.0000616	0.000790299154011315	1.94859806605403e-05
0.89082122	0.000791601064594323	1.98647022438558e-05
0.79444051	0.000791522384011171	1.99333737294697e-05
0.70784986	0.000793938330441745	2.11160332271966e-05
0.63126236	0.000794134400119729	2.26253403904945e-05
0.562536	0.000796094070557609	2.23266885304722e-05
0.50118715	0.000797733627559543	2.49426598266781e-05
0.44642836	0.000797718711514523	2.32303362956115e-05
0.39821118	0.000801246651428139	2.59235977731513e-05
0.35475865	0.000802315643567704	2.46549582655192e-05
0.31619295	0.000806181860424715	2.77774073541851e-05
0.2819173	0.000805483870094292	2.91657989646713e-05
0.25117323	0.000807652492487289	2.80546730606379e-05
0.22391155	0.000809451646097567	3.09152362944453e-05
0.19957349	0.000809344949187196	3.33927344579018e-05
0.17779917	0.000811363634321028	3.51711084494706e-05
0.15846863	0.000814247366752338	3.32438291345188e-05
0.14123619	0.000818503266667798	4.02137222783876e-05
0.12590662	0.000817878133985375	3.83671783678463e-05
0.1122199	0.000821877734532489	4.11464113954347e-05
0.10002181	0.000824179170711786	4.40404103750656e-05
