10002.226	0.00119653864971497	-0.0094498346596645
8914.9326	0.00115655916437039	-0.00845859551021411
7943.9951	0.00111967775816787	-0.00757087351638481
7081.583	0.00108450449266413	-0.00677730505376758
6307.7358	0.0010519745253848	-0.00606629613347342
5622.5879	0.00102121753973995	-0.00542890034757001
5011.603	0.000991736574967722	-0.00486218113521445
4466.4292	0.000966687294300103	-0.00435244007646663
3981.2773	0.000944239830918505	-0.00389575521436612
3548.8679	0.000919896985865114	-0.00349042141112646
3163.0398	0.000902632269940132	-0.00312476688100863
2819.0986	0.000883677857522147	-0.00279824496276239
2512.4104	0.000869480444857703	-0.00250431353106579
2239.2869	0.00085106302122171	-0.00224695857448905
1995.6381	0.000838753436950586	-0.00201143212504856
1778.2897	0.000828293993011661	-0.00180170522477704
1584.4927	0.000815782045536491	-0.00161539276284546
1412.7418	0.00080416449700454	-0.00144757058233381
1258.7905	0.000796817400370386	-0.00129905868496229
1121.7966	0.000786024012255428	-0.00116633902927962
999.68164	0.000778945317650101	-0.00104392209249203
891.42474	0.000767853049025377	-0.000936727039290739
794.23932	0.000762316783999897	-0.000842817542531916
707.96161	0.000756348339899945	-0.00075240340076418
631.00977	0.000747949233897851	-0.000676994368684517
562.33929	0.000740279418462296	-0.000605611412868838
501.12231	0.000736910518272181	-0.000543296978694778
446.57214	0.000730684261259263	-0.000485603386415857
398.08899	0.000723585735580919	-0.000435537413700063
354.88681	0.000719261712743551	-0.000388054962449029
316.31589	0.000718222573399712	-0.000344038520272959
281.8942	0.000714370456579421	-0.000308066556136739
251.20601	0.000710401793889852	-0.000272008158299951
223.92496	0.000709677191393024	-0.000239999841150356
199.55338	0.000707673972279437	-0.00021134904382926
177.78128	0.000706824194084768	-0.000186380226575871
158.52898	0.000706965115174688	-0.000160936994622922
141.21979	0.000707431032488068	-0.000141764665068425
125.92673	0.000708631185891492	-0.000121769794631713
112.19009	0.000709683950027099	-0.000105527188236535
99.968163	0.000711898684632188	-8.83402732335267e-05
89.115646	0.000713761207310105	-7.38079469732619e-05
79.415741	0.000716262717711322	-6.5215483089712e-05
70.793182	0.000717253985959243	-5.09396364190852e-05
63.082279	0.000721359198506309	-4.07035053454063e-05
56.241825	0.000723955894233719	-3.23297479859624e-05
50.112232	0.000726129208443877	-2.36971255702309e-05
44.671223	0.000730632763931807	-1.65556571332872e-05
39.808899	0.000732920379125016	-1.38137444896188e-05
35.488308	0.000736890390185806	-8.16584811867338e-06
31.629578	0.00073871500286734	-3.93596568836746e-06
28.187037	0.000740586967626674	-1.26640739545039e-06
25.120602	0.000744458766767052	4.25701281333393e-06
22.385418	0.000745896529237003	7.63508353641394e-06
19.955338	0.000750188373200328	9.5026519316915e-06
17.775894	0.000753446351557183	1.03363103899185e-05
15.846864	0.000756245661800671	1.02886026337258e-05
14.127493	0.000757952967976242	1.25226370668955e-05
12.587309	0.000760048185756734	1.32437280306015e-05
11.216775	0.000761563518104425	1.37232528699005e-05
9.9968166	0.000764157404120327	1.32151730658593e-05
8.9082127	0.000765061145209849	1.60567093791163e-05
7.9395623	0.000766505050536981	1.54580274710614e-05
7.0765615	0.00077039361661411	1.77497255126014e-05
6.3105822	0.000771588871375957	1.72085644063636e-05
5.6245475	0.000772681833507315	1.7217798325817e-05
5.0112233	0.000775808978005558	1.69903604433493e-05
4.4642835	0.000774646533882	1.67771931995281e-05
3.9819033	0.000774597798601789	1.66620227978511e-05
3.5479143	0.00077933317104949	1.53612650948458e-05
3.1629577	0.000779493004832906	1.75380336538469e-05
2.818361	0.000780296620670274	1.74315107801516e-05
2.5112481	0.000780677280343398	1.49104824126525e-05
2.2398233	0.000780672053049025	1.79267220951927e-05
1.9950197	0.000782369391045794	1.64148316044219e-05
1.7775893	0.000784130295864374	1.78126931361503e-05
1.5846864	0.000786774955319113	1.65014532652984e-05
1.4122353	0.00078863810362834	1.822857361046e-05
1.2582541	0.000785677530153208	2.05060288562366e-05
1.1224822	0.000789181083081452	1.89885001448908e-05
1.0000616	0.000790226172749106	1.99262364789121e-05
0.89082122	0.000791676215562909	1.95277531482439e-05
0.79444051	0.000793568677435051	1.97102285100107e-05
0.70784986	0.000793681433681568	2.24208266485187e-05
0.63126236	0.000795167431435424	2.22382973608187e-05
0.562536	0.000795785422423981	2.14236316092299e-05
0.50118715	0.000798005229346268	2.37781469843671e-05
0.44642836	0.000799409148938769	2.18309058172549e-05
0.39821118	0.000801398596682807	2.71143085195724e-05
0.35475865	0.000801640847932976	2.6664511140397e-05
0.31619295	0.000805395939723227	2.80580189740447e-05
0.2819173	0.00080586188344109	2.88391912989397e-05
0.25117323	0.000808259368594426	3.03598604453663e-05
0.22391155	0.000808436966643503	3.1137972203462e-05
0.19957349	0.000810994897525305	3.14457494916095e-05
0.17779917	0.000813973562927535	3.29927552007643e-05
0.15846863	0.00081510988547417	3.47660064343094e-05
0.14123619	0.000816497100626497	3.65207718197008e-05
0.12590662	0.000819535994150852	3.92013923604792e-05
0.1122199	0.000821138123961169	3.96669252965476e-05
0.10002181	0.000823506339988903	4.23737164593688e-05
