10002.226	0.00119526683632377	-0.0094503323901669
8914.9326	0.00115608194993184	-0.00845788283544988
7943.9951	0.00111957297820351	-0.00757032639389118
7081.583	0.00108333003071828	-0.00677926282479561
6307.7358	0.00105381160197032	-0.00606559036281808
5622.5879	0.00101977051568638	-0.00543123058657822
5011.603	0.000989817644611326	-0.00486228746807449
4466.4292	0.000968243949893547	-0.00435273945034204
3981.2773	0.000943436978426537	-0.00389580600107614
3548.8679	0.000920996202030729	-0.00349008644517719
3163.0398	0.000902863730544042	-0.00312768793314984
2819.0986	0.000885559620737577	-0.00279685516832084
2512.4104	0.000869680525590583	-0.00250810880789079
2239.2869	0.000852408000022803	-0.00224664476857666
1995.6381	0.000841211181320573	-0.00201276905298891
1778.2897	0.000826770298122148	-0.00180208593631405
1584.4927	0.000814835168354735	-0.00161469472082119
1412.7418	0.000804537333600313	-0.00145007146336517
1258.7905	0.000796530675638128	-0.00130032713281471
1121.7966	0.000785835520583176	-0.00116630404550513
999.68164	0.000778887078084467	-0.00104277697024375
891.42474	0.000770178340430315	-0.000937698789600908
794.23932	0.000762046410834452	-0.000840839049472126
707.96161	0.000754450707660017	-0.000755204608001486
631.00977	0.000747736018128747	-0.000678320072249471
562.33929	0.000740577138799277	-0.000606689714121348
501.12231	0.000735182704099274	-0.000545151961718105
446.57214	0.000729981813144182	-0.000486711709980973
398.08899	0.000724848095502736	-0.000434054487032514
354.88681	0.000720051318124535	-0.000387113218498418
316.31589	0.000717748465032722	-0.000342916073127932
281.8942	0.000714468877376874	-0.000308478601419293
251.20601	0.000708744051554664	-0.000274307504095895
223.92496	0.000709289580922016	-0.000239359662531223
199.55338	0.000708131013521605	-0.000213486593556274
177.78128	0.000708014685472636	-0.000183404102672669
158.52898	0.000707151722146346	-0.000162849145434671
141.21979	0.000707759801380092	-0.000141958553925893
125.92673	0.000707870431643871	-0.000122967627076601
112.19009	0.000708513866776748	-0.000108188066683647
99.968163	0.000712391365672681	-8.90283187171313e-05
89.115646	0.000714391649069797	-7.45405745223352e-05
79.415741	0.000715620842781673	-6.14457315236235e-05
70.793182	0.000718421701785779	-4.73015605582714e-05
63.082279	0.00072123465180409	-4.10800747951466e-05
56.241825	0.00072558630719208	-2.93556114862451e-05
50.112232	0.000724857455400642	-2.30858841054893e-05
44.671223	0.000728617373933259	-1.67117353068054e-05
39.808899	0.000733515873283978	-1.29106477045833e-05
35.488308	0.000737617543889543	-7.25048301140779e-06
31.629578	0.000740119857311179	-2.10049711618808e-06
28.187037	0.000741937918744774	-2.98538032160001e-07
25.120602	0.000743644987212832	2.78775083144638e-06
22.385418	0.000747845184132879	7.73769714882331e-06
19.955338	0.000750865354483062	8.50156078766605e-06
17.775894	0.00075393283583265	1.15708183756506e-05
15.846864	0.000755680042720994	1.12910205555546e-05
14.127493	0.000757701892158076	1.19772530834857e-05
12.587309	0.000761658078770277	1.35297758684087e-05
11.216775	0.000762687148555756	1.48953784194085e-05
9.9968166	0.000765066465911398	1.39651632762861e-05
8.9082127	0.000765553636827883	1.57660332040789e-05
7.9395623	0.000768165606487167	1.54210870130572e-05
7.0765615	0.000770946365709425	1.70859626086038e-05
6.3105822	0.000770961797614693	1.57638901076649e-05
5.6245475	0.000772291624773684	1.56101644218409e-05
5.0112233	0.000774503014786439	1.80397972278883e-05
4.4642835	0.000774231976491084	1.7574552662641e-05
3.9819033	0.000777373165303057	1.53536936581362e-05
3.5479143	0.000778198536924435	1.5908049375908e-05
3.1629577	0.000779145781775144	1.79945359187845e-05
2.818361	0.000780417621664259	1.66919321767552e-05
2.5112481	0.00078129065214552	1.50411949121513e-05
2.2398233	0.000782099815341858	1.6934828049824e-05
1.9950197	0.000781290251018335	1.60255146612297e-05
1.7775893	0.000784548735926357	1.70325727408822e-05
1.5846864	0.000783935676324929	1.92241186357986e-05
1.4122353	0.000785302277898238	1.77996185930919e-05
1.2582541	0.000787431034367484	2.01434427939084e-05
1.1224822	0.000787015523934324	2.0350377991825e-05
1.0000616	0.000789795667549978	1.86912655552205e-05
0.89082122	0.000790548763761312	1.89637772485803e-05
0.79444051	0.000793225860781123	2.27827017009625e-05
0.70784986	0.000792836423844553	2.09858742913739e-05
0.63126236	0.000793952828086839	2.31964973015639e-05
0.562536	0.000797523134863586	2.32330034533366e-05
0.50118715	0.000798869313365159	2.52657704841183e-05
0.44642836	0.000800532057048539	2.30016959144213e-05
0.39821118	0.00080112918378864	2.6117380982967e-05
0.35475865	0.000801784185972634	2.5589410056586e-05
0.31619295	0.000804928830863109	2.66461272816067e-05
0.2819173	0.000805499214477411	2.77099625247108e-05
0.25117323	0.00080883788800861	2.78661941744029e-05
0.22391155	0.000808446763168303	2.90132524550646e-05
0.19957349	0.000812664938700802	3.19893071154103e-05
0.17779917	0.000813368353276902	3.43160835465948e-05
0.15846863	0.00081455774165934	3.36831905099125e-05
0.14123619	0.000816575798257107	3.58592424260525e-05
0.12590662	0.000818784873778792	3.76885551253807e-05
0.1122199	0.00081988806886068	3.82250749845748e-05
0.10002181	0.000823516389663379	4.08246899544577e-05
