10002.226	0.0011968328413566	-0.00944887591763313
8914.9326	0.00115628333605818	-0.00845866058216492
7943.9951	0.00111947053703741	-0.00757160767822205
7081.583	0.00108344135714606	-0.00677893856187185
6307.7358	0.00105320873285656	-0.00606670402699823
5622.5879	0.00102009233257231	-0.00543047097593136
5011.603	0.000991722902587309	-0.00486192242847981
4466.4292	0.000966742317572025	-0.00435369243299355
3981.2773	0.000942772488653046	-0.0038977672867235
3548.8679	0.000921814353451718	-0.00349081558819308
3163.0398	0.000904098019698416	-0.00312555525025184
2819.0986	0.000883894055301512	-0.00279746324490263
2512.4104	0.00087078603447502	-0.00250774628675176
2239.2869	0.00085424506606992	-0.00224691205464427
1995.6381	0.000841596170550303	-0.00201225823932229
1778.2897	0.00082810134225682	-0.00180312452527082
1584.4927	0.000815704244499204	-0.00161644814008904
1412.7418	0.00080244558190451	-0.00145052840420924
1258.7905	0.00079419268451165	-0.00129864733202689
1121.7966	0.000785628427218635	-0.00116461165932943
999.68164	0.000778791637097454	-0.00104406804560272
891.42474	0.000768391439348995	-0.000937312703986097
794.23932	0.000761996112107974	-0.000842596070002687
707.96161	0.000752749232781387	-0.000755449985524384
631.00977	0.000745861146904641	-0.000678347259212952
562.33929	0.00074107963956549	-0.000606711877554162
501.12231	0.000733972382192649	-0.000544609517806582
446.57214	0.000730137793968292	-0.000486969902764386
398.08899	0.0007248452629722	-0.000434321836656915
354.88681	0.00072138050127533	-0.000387904418192038
316.31589	0.000719828539005292	-0.000344305953956748
281.8942	0.000712819857951114	-0.000306713729409074
251.20601	0.000710406626855885	-0.000272799380541654
223.92496	0.000710701715364368	-0.000239792925260438
199.55338	0.000707500438996638	-0.000211148029381687
177.78128	0.000706619734103328	-0.000186181929904087
158.52898	0.000706170865074995	-0.000162938905417595
141.21979	0.000708281190342716	-0.000141579476212296
125.92673	0.000707660983226096	-0.000120454910417885
112.19009	0.000709838463630552	-0.000103310000556278
99.968163	0.000710228779294739	-8.86718518587699e-05
89.115646	0.000713062922236802	-7.37419641831086e-05
79.415741	0.000715212225513817	-6.28818341424937e-05
70.793182	0.000718581449020503	-5.10566361618736e-05
63.082279	0.000719861583632891	-3.9692862251344e-05
56.241825	0.000725547611642022	-3.14239835794229e-05
50.112232	0.000725271791395717	-2.31515763533408e-05
44.671223	0.000729188258291318	-1.81238543652664e-05
39.808899	0.000734468863252574	-1.39027892613349e-05
35.488308	0.000736394723196639	-6.14810789406407e-06
31.629578	0.000737941046524931	-2.36689127225314e-06
28.187037	0.000740883235670241	1.42280617653386e-07
25.120602	0.000744395211802308	4.45994075897791e-06
22.385418	0.000747699867411623	7.36355983030502e-06
19.955338	0.000751780779799818	8.02007812853051e-06
17.775894	0.000753987981417962	1.08148141644614e-05
15.846864	0.000755222091470651	1.14825739123438e-05
14.127493	0.000758620207003832	1.24033481577088e-05
12.587309	0.000759479587752026	1.32769845870779e-05
11.216775	0.000762569851123839	1.38004161649338e-05
9.9968166	0.000763395278477049	1.39789892942988e-05
8.9082127	0.000766413298617495	1.47843547426163e-05
7.9395623	0.000768454690248912	1.54567198938691e-05
7.0765615	0.000769596262914378	1.5622214795424e-05
6.3105822	0.000772008611928326	1.69139243190346e-05
5.6245475	0.000772932136623111	1.46896862951843e-05
5.0112233	0.000774806619253741	1.71116764539963e-05
4.4642835	0.000775724966137515	1.68929232764185e-05
3.9819033	0.000777979274766536	1.46744035291915e-05
3.5479143	0.000776790600080553	1.66888260847125e-05
3.1629577	0.000779046854552891	1.60077721838754e-05
2.818361	0.000779846715282516	1.74388974769052e-05
2.5112481	0.000781577012265031	1.48908479094877e-05
2.2398233	0.000781192568258328	1.74928226781496e-05
1.9950197	0.000782641155644453	1.658425038412e-05
1.7775893	0.000782761049492406	1.7614989543426e-05
1.5846864	0.000785017614440807	1.86094455174943e-05
1.4122353	0.000785606081058979	1.83444591762442e-05
1.2582541	0.000788359272190344	1.81949137349657e-05
1.1224822	0.000788981401959972	1.78925107430866e-05
1.0000616	0.000791757418338839	1.9537039207567e-05
0.89082122	0.000790556628635461	2.06589262665902e-05
0.79444051	0.000791705245639858	1.80777262492542e-05
0.70784986	0.000794139695883559	2.15375352955718e-05
0.63126236	0.000796879709156794	2.35908320554187e-05
0.562536	0.000795531333434395	2.18300289248135e-05
0.50118715	0.000796063309936964	2.51785485014201e-05
0.44642836	0.000801101324527557	2.40376846584991e-05
0.39821118	0.000800095112205902	2.59154201857405e-05
0.35475865	0.000802394735844266	2.59536574594124e-05
0.31619295	0.000803493553043856	2.74450825859368e-05
0.2819173	0.00080434920488428	2.72496755864513e-05
0.25117323	0.000807361371665876	3.06224067466581e-05
0.22391155	0.000809432871518579	3.06309445913314e-05
0.19957349	0.000812392749253961	3.13537364239352e-05
0.17779917	0.000813749054497051	3.40971177983925e-05
0.15846863	0.000814852609007966	3.52316025240843e-05
0.14123619	0.000816461356686339	3.5870944243761e-05
0.12590662	0.000820026441984697	3.83652020567923e-05
0.1122199	0.000821849195505828	4.05780172210212e-05
0.10002181	0.000822480379861167	4.25385567730116e-05
