10002.226	0.00117824177781175	-0.00950692246533763
8914.9326	0.0011375181098254	-0.00851020622696311
7943.9951	0.00110025923607126	-0.00761879089670864
7081.583	0.00106333443404676	-0.00682200216806906
6307.7358	0.00103156920724279	-0.00610449003593468
5622.5879	0.00100188274756713	-0.0054630401078987
5011.603	0.000972917210674809	-0.004891702849775
4466.4292	0.000948942373773297	-0.00437861057315107
3981.2773	0.000924174898554603	-0.00392033574867834
3548.8679	0.000901988665268932	-0.00351095231447707
3163.0398	0.000881770643085381	-0.00314507474960827
2819.0986	0.000864888262052115	-0.00281734747649728
2512.4104	0.000850453585017999	-0.00252298537202022
2239.2869	0.000833719151621594	-0.00226156560283037
1995.6381	0.000822712408244798	-0.00202474733269626
1778.2897	0.000808963154048306	-0.00181512313902859
1584.4927	0.000794437009730538	-0.00162438607835021
1412.7418	0.00078427346223081	-0.00145645509457976
1258.7905	0.000777318123002609	-0.0013083107124692
1121.7966	0.000765866250626307	-0.00117227348932112
999.68164	0.000757481834131139	-0.00105331690141345
891.42474	0.000749843430459546	-0.000941352313868893
794.23932	0.000743907517345526	-0.000846234190580066
707.96161	0.000734565502262346	-0.000758986832158033
631.00977	0.000726991649542294	-0.000682915757320401
562.33929	0.000722573247720884	-0.000609668782117375
501.12231	0.000717333629672642	-0.000545572446638259
446.57214	0.000710813302480764	-0.000489492761750814
398.08899	0.000706377002034439	-0.000438697568554949
354.88681	0.000702079565169621	-0.000389857501309482
316.31589	0.000700297768196317	-0.000347040000410617
281.8942	0.000694550986994055	-0.000309877515586336
251.20601	0.000690967361522946	-0.000275099694828649
223.92496	0.00068936251438192	-0.000242589770096473
199.55338	0.000690930805727944	-0.000214097236964028
177.78128	0.000689423108634938	-0.000187508296862413
158.52898	0.00068686038315903	-0.000162586004539061
141.21979	0.00068726009815119	-0.000142274516676334
125.92673	0.000687774737023668	-0.00012184037510726
112.19009	0.000692220331024771	-0.000105574200391951
99.968163	0.000690509247196544	-9.01327678356377e-05
89.115646	0.00069378100218688	-7.64014283990329e-05
79.415741	0.0006960344654481	-6.43546806377729e-05
70.793182	0.000698065811592391	-5.19225927390367e-05
63.082279	0.000701666057187785	-4.18505406634533e-05
56.241825	0.000705428675008363	-3.1910807476211e-05
50.112232	0.000705867084241199	-2.19406721219167e-05
44.671223	0.000710716305637727	-1.62745937716129e-05
39.808899	0.000713545290770642	-1.26983801354961e-05
35.488308	0.000715283490091277	-8.70832374192411e-06
31.629578	0.000720570493066072	-1.55782143159866e-06
28.187037	0.000721110025404899	-5.99668172622632e-07
25.120602	0.000725859428655995	5.41370584219447e-06
22.385418	0.000730174479780221	5.88638099269583e-06
19.955338	0.000730899510452299	8.69960496129719e-06
17.775894	0.000735138338152802	1.26358140884084e-05
15.846864	0.000735389265347435	1.11798003793092e-05
14.127493	0.000738003630804123	1.28085022049219e-05
12.587309	0.000739619911547695	1.44335013555401e-05
11.216775	0.000743461055020931	1.52113666759226e-05
9.9968166	0.000744812401909559	1.45022133078323e-05
8.9082127	0.000746210369223175	1.57630573243507e-05
7.9395623	0.000747433991447919	1.68204268628255e-05
7.0765615	0.000749120003976155	1.71746888622296e-05
6.3105822	0.000751704937163016	1.83730639200242e-05
5.6245475	0.000750474731499994	1.63437416341467e-05
5.0112233	0.000753820429346015	1.65534175292519e-05
4.4642835	0.000756650904965054	1.63603856767369e-05
3.9819033	0.000756563168869886	1.77418789533002e-05
3.5479143	0.000757317311565617	1.69986912542332e-05
3.1629577	0.000759344966053123	1.86154002288606e-05
2.818361	0.000761261365504421	1.59115731476559e-05
2.5112481	0.000760341502796731	1.57975556468365e-05
2.2398233	0.000761111974646308	1.77760144894729e-05
1.9950197	0.000763516332366022	1.74528036626476e-05
1.7775893	0.000764602516808488	1.78753109360408e-05
1.5846864	0.000765525165959199	1.73642787986815e-05
1.4122353	0.000766063065910227	1.90062132279216e-05
1.2582541	0.000768115968806223	1.88917721362616e-05
1.1224822	0.000768889934131193	1.98078376674811e-05
1.0000616	0.000770290783857249	2.00058895841673e-05
0.89082122	0.000772953544641493	1.89711258366003e-05
0.79444051	0.000774149107593353	2.01533104797547e-05
0.70784986	0.000775305945176542	2.04185870040489e-05
0.63126236	0.000776975210503322	2.24862760974979e-05
0.562536	0.00077712973811483	2.32023178919804e-05
0.50118715	0.000778118210396658	2.22432175212968e-05
0.44642836	0.0007819808799901	2.32380486985613e-05
0.39821118	0.000782952681952088	2.50540038620873e-05
0.35475865	0.000781235795248228	2.6644632046553e-05
0.31619295	0.000784084752855517	2.60996918797542e-05
0.2819173	0.000787523979333113	2.82621412631747e-05
0.25117323	0.000787124176520061	2.90374287780025e-05
0.22391155	0.000790690739646817	2.95487812065808e-05
0.19957349	0.000791104579555858	3.11647371821675e-05
0.17779917	0.000793441740257529	3.24062719883808e-05
0.15846863	0.000793937290248395	3.52891798204073e-05
0.14123619	0.000796629351884913	3.71322067376483e-05
0.12590662	0.000800569724983269	3.69984200568918e-05
0.1122199	0.000802771130619218	4.17255605050111e-05
0.10002181	0.000803535739788124	4.33517073276175e-05
