10002.226	0.00117769191539748	-0.00950826258053925
8914.9326	0.00113732048015934	-0.00851295037798209
7943.9951	0.00109700091524168	-0.00761786517274444
7081.583	0.00106474101940781	-0.00681940220242395
6307.7358	0.00103303326927541	-0.00610136815281616
5622.5879	0.00100232056821323	-0.00546357656148678
5011.603	0.000973224642599665	-0.00489304532721837
4466.4292	0.00094814648185312	-0.00437937433381849
3981.2773	0.000925967512071421	-0.00392022188613587
3548.8679	0.000901322130297946	-0.00351181470654517
3163.0398	0.000883450479432868	-0.0031458848426857
2819.0986	0.000866235734432329	-0.0028139984252742
2512.4104	0.000849650976510848	-0.00252099626238705
2239.2869	0.000834530170043202	-0.0022589412890864
1995.6381	0.000819626734666952	-0.00202502132390106
1778.2897	0.000807722055989605	-0.0018145877310682
1584.4927	0.00079508767605066	-0.00162509909757219
1412.7418	0.000783970384174468	-0.00145885911560412
1258.7905	0.000774588045718875	-0.00130783560783762
1121.7966	0.000767845379108918	-0.0011732274502772
999.68164	0.000757387728300484	-0.00105155767159477
891.42474	0.000748849676388459	-0.000942804774752299
794.23932	0.000742011251755042	-0.000846709494020431
707.96161	0.000734973061771284	-0.000757707468973058
631.00977	0.000727049497569798	-0.000682065696036533
562.33929	0.000720918253896578	-0.00061052050294642
501.12231	0.000715774594520845	-0.000547106775658904
446.57214	0.000710323463780585	-0.000489761853509745
398.08899	0.000704062509387198	-0.000436401458134483
354.88681	0.000699463080581902	-0.000390445753204422
316.31589	0.000699021931638034	-0.000346866001955492
281.8942	0.000694454527919239	-0.000310023956801654
251.20601	0.000690550588226267	-0.000272438798853213
223.92496	0.00068992507266566	-0.00024084684652465
199.55338	0.000689682736272104	-0.000212522515593183
177.78128	0.000688369333393212	-0.000187064555115804
158.52898	0.000689458908925752	-0.000162363706985469
141.21979	0.0006867431264197	-0.000142884314609498
125.92673	0.000685897358899051	-0.000123777359844487
112.19009	0.00069082803114483	-0.000109404105607676
99.968163	0.000692157846607312	-8.74764678659987e-05
89.115646	0.000693040840163767	-7.53492167401922e-05
79.415741	0.00069674917095944	-6.29623406867434e-05
70.793182	0.000698175065864029	-5.11598178333878e-05
63.082279	0.000700527669369315	-3.94593850624691e-05
56.241825	0.00070680752868267	-3.20054770129522e-05
50.112232	0.000707807696883436	-2.41026665643424e-05
44.671223	0.000709531152096484	-1.83800770493148e-05
39.808899	0.000713054043672255	-1.36884637363017e-05
35.488308	0.000716805531330995	-7.12258999459308e-06
31.629578	0.00072163545520872	-2.00766197856268e-06
28.187037	0.000724953395938733	-3.09125419228341e-07
25.120602	0.00072550042112287	4.28422865877998e-06
22.385418	0.000727700345461878	7.09222975163048e-06
19.955338	0.000730729922783835	7.29770627708023e-06
17.775894	0.000732811423804288	1.07520602681498e-05
15.846864	0.000736520478184231	1.08109249156696e-05
14.127493	0.000740013448318455	1.32647476698842e-05
12.587309	0.000740200333461236	1.26293965806615e-05
11.216775	0.000740037581238651	1.37753705178187e-05
9.9968166	0.00074578176068998	1.34596459066751e-05
8.9082127	0.000747539196781672	1.82703360451605e-05
7.9395623	0.000748358786679509	1.75974263317529e-05
7.0765615	0.000749416341704478	1.76429107780727e-05
6.3105822	0.000751791554826709	1.84672670645153e-05
5.6245475	0.000754550513959324	1.63971836577207e-05
5.0112233	0.000755647079162776	1.56521546062797e-05
4.4642835	0.000757370918398181	1.47851442518261e-05
3.9819033	0.000757613780565119	1.65962502133383e-05
3.5479143	0.000758953680761562	1.73833969708359e-05
3.1629577	0.000758893027742428	1.73555262391507e-05
2.818361	0.000762116674925291	1.67934749058108e-05
2.5112481	0.00076069231879303	1.64613782409376e-05
2.2398233	0.000761561830935135	1.66156866434685e-05
1.9950197	0.000763697175708348	1.93727124905119e-05
1.7775893	0.000763953972998802	1.8853655792692e-05
1.5846864	0.000766509852819634	1.87346033164199e-05
1.4122353	0.000767792238937362	2.07066714560702e-05
1.2582541	0.000766987367649501	1.85855154926408e-05
1.1224822	0.000768256308654045	1.85045594802568e-05
1.0000616	0.000770109813875016	1.96124011732424e-05
0.89082122	0.000770499444594257	2.12201281317619e-05
0.79444051	0.000772281472646875	2.04417579823378e-05
0.70784986	0.000774638854350318	2.23316289933324e-05
0.63126236	0.00077780429403301	2.13398678799449e-05
0.562536	0.000776531315617976	2.2081303993094e-05
0.50118715	0.000776579121215928	2.34089238947625e-05
0.44642836	0.000779480663846009	2.50309848523975e-05
0.39821118	0.000783071853522308	2.51955804781054e-05
0.35475865	0.000784734808619873	2.58795317450831e-05
0.31619295	0.00078547529991214	2.73077226871621e-05
0.2819173	0.000785366934480173	2.96321765331239e-05
0.25117323	0.000788451963703493	3.17428593266344e-05
0.22391155	0.000790038422996887	3.19180302994137e-05
0.19957349	0.000791464011541173	3.1699294017613e-05
0.17779917	0.00079269446718076	3.37146111258336e-05
0.15846863	0.000796210538458269	3.44510273505744e-05
0.14123619	0.000798958898601453	3.77687247111068e-05
0.12590662	0.000801000462507149	3.84573346259e-05
0.1122199	0.000800814093766939	3.984684783484e-05
0.10002181	0.000804298635985829	4.31611569088162e-05
