10002.226	0.00117908095055406	-0.00950822961156855
8914.9326	0.00113818511012267	-0.00851293109280568
7943.9951	0.00109923546666234	-0.00761751109313596
7081.583	0.00106258053352636	-0.00681897696357835
6307.7358	0.00103362018497144	-0.00610297529040412
5622.5879	0.000999852883899148	-0.0054649739130076
5011.603	0.00097191475270471	-0.0048939483621652
4466.4292	0.000949608925057469	-0.00437986235167703
3981.2773	0.000924574083423012	-0.00392105734468751
3548.8679	0.000900321208387483	-0.00351003908393116
3163.0398	0.000882951115500592	-0.0031451442082506
2819.0986	0.000867075349130795	-0.00281585860707439
2512.4104	0.000849930380601809	-0.00252086663868712
2239.2869	0.000833744619254974	-0.00226183635156446
1995.6381	0.000820220889939459	-0.00202493187254667
1778.2897	0.00081035189917921	-0.00181397637689663
1584.4927	0.000796497851535598	-0.00162579520017398
1412.7418	0.000783553865304899	-0.00145609577402082
1258.7905	0.000774161351292365	-0.00130683888498103
1121.7966	0.000768119079675811	-0.00117175875375213
999.68164	0.000759056684305824	-0.00105072048305923
891.42474	0.000748288408456857	-0.000942597866402958
794.23932	0.000742611698022312	-0.000847928530833556
707.96161	0.000734451699798317	-0.000758274898246476
631.00977	0.000729508562735188	-0.000681474728245505
562.33929	0.00072149894755733	-0.000611188250574791
501.12231	0.000716881573532681	-0.000547508768850886
446.57214	0.000708911928943669	-0.000489036881926768
398.08899	0.000704774012038147	-0.000438476477217153
354.88681	0.00070128241753044	-0.000390665420693505
316.31589	0.000700087987171269	-0.000346354122364823
281.8942	0.000695029234268509	-0.000310409947264108
251.20601	0.000692842841562089	-0.000273372697202865
223.92496	0.000688523077556199	-0.000241295532537609
199.55338	0.000689594305368268	-0.000213260600240735
177.78128	0.000689026232359723	-0.000186049521192364
158.52898	0.000688403090851801	-0.000161649175302331
141.21979	0.000685927546181467	-0.000143381889834267
125.92673	0.00068581841423097	-0.00012320047923129
112.19009	0.000690180211862383	-0.000104927773989288
99.968163	0.000691822145352472	-9.0283958029559e-05
89.115646	0.000694732605395344	-7.66200099483343e-05
79.415741	0.000695943135307993	-6.25919738637405e-05
70.793182	0.000697184100444846	-5.11066106443107e-05
63.082279	0.000699327041430299	-4.18656258088729e-05
56.241825	0.000704939855952671	-3.22136711133784e-05
50.112232	0.000705840647627374	-2.37639370804668e-05
44.671223	0.000710348174458766	-1.67126935899329e-05
39.808899	0.000713603635156864	-1.19621177663229e-05
35.488308	0.000717114199100532	-8.37511964868052e-06
31.629578	0.00071946531431624	-4.75149729275928e-07
28.187037	0.000721626602818747	-1.4985886678779e-06
25.120602	0.000724453195929453	4.52843907187063e-06
22.385418	0.000728635405044541	5.25596108349776e-06
19.955338	0.000730650258478534	7.90007045856897e-06
17.775894	0.000734145984185579	1.08596649173531e-05
15.846864	0.000735827186364589	9.64747620222532e-06
14.127493	0.00073737085440547	1.31900977149788e-05
12.587309	0.000740463295569959	1.3747053553185e-05
11.216775	0.000742661778307647	1.51127896188072e-05
9.9968166	0.000744528541033446	1.17944916885566e-05
8.9082127	0.000747628888201154	1.63181542113373e-05
7.9395623	0.000747392530334871	1.65222478520369e-05
7.0765615	0.000749820889632876	1.82396158890124e-05
6.3105822	0.000753074584033375	1.7263689563853e-05
5.6245475	0.000753262951957875	1.54427774721076e-05
5.0112233	0.00075489740414157	1.70287077227525e-05
4.4642835	0.000756158305001353	1.64069583648675e-05
3.9819033	0.000755029120284804	1.65570048297192e-05
3.5479143	0.000759232497093528	1.64181246584695e-05
3.1629577	0.000762550178702216	1.86717058743486e-05
2.818361	0.000761350646773159	1.56671403324239e-05
2.5112481	0.000763374942323843	1.6743060825715e-05
2.2398233	0.000762449539664322	1.70188848164457e-05
1.9950197	0.000762677014888062	1.76405300170969e-05
1.7775893	0.000765701549983815	1.60883285201768e-05
1.5846864	0.000766255894901529	1.84014574852444e-05
1.4122353	0.000767443611227532	1.72589976741918e-05
1.2582541	0.000766194668054468	1.89480827390178e-05
1.1224822	0.00076922417495037	2.070502310166e-05
1.0000616	0.000771821118111026	1.97926496116303e-05
0.89082122	0.000772205802030606	2.13165996651016e-05
0.79444051	0.000774841068014646	2.25439314687289e-05
0.70784986	0.000775679949171142	2.09143903220458e-05
0.63126236	0.000776826121801304	2.15269618441227e-05
0.562536	0.000775670420774696	2.09072944423643e-05
0.50118715	0.000777884053463401	2.36864585508093e-05
0.44642836	0.000781456054013223	2.50444416954901e-05
0.39821118	0.000780947157226757	2.63162482785837e-05
0.35475865	0.000782634317601172	2.80988048274857e-05
0.31619295	0.00078310528900974	2.72262439455369e-05
0.2819173	0.00078554086994694	2.81578491535145e-05
0.25117323	0.000787724844980866	2.86229902459283e-05
0.22391155	0.000790626337434398	3.15447273489425e-05
0.19957349	0.000791719358412415	3.20825029796264e-05
0.17779917	0.000794586969522615	3.41265326472467e-05
0.15846863	0.000795879237138378	3.42934860886671e-05
0.14123619	0.000797828994208968	3.59802302614471e-05
0.12590662	0.000799151086945297	3.89623723301616e-05
0.1122199	0.000802562228839437	3.97028047096607e-05
0.10002181	0.000806147060668024	4.10104503948309e-05
