10002.226	0.00117786367666233	-0.00950825182784227
8914.9326	0.001136170510468	-0.00851040947644043
7943.9951	0.00109873177174688	-0.00761749790697004
7081.583	0.00106478208321368	-0.0068202735135587
6307.7358	0.00103347034150097	-0.00610169713025856
5622.5879	0.000999744779245845	-0.00546348576301934
5011.603	0.000972565487739338	-0.00489278750505832
4466.4292	0.00094699479923819	-0.00438014612641579
3981.2773	0.000926119195685967	-0.00392122492692065
3548.8679	0.000902135591875986	-0.00351250725727026
3163.0398	0.000882798872395713	-0.00314398480538704
2819.0986	0.000865635140010555	-0.00281407496447627
2512.4104	0.000849714042527719	-0.00252052725085164
2239.2869	0.000834819072507201	-0.00226210706086182
1995.6381	0.000823931835660446	-0.00202566644541974
1778.2897	0.000812293225715846	-0.00181628818612544
1584.4927	0.00079689718962976	-0.00162426916321711
1412.7418	0.000784047075390827	-0.00145738388036267
1258.7905	0.000777226304361491	-0.00130543805376037
1121.7966	0.000764734671653634	-0.00117285540211108
999.68164	0.000758269234913965	-0.00105064244616295
891.42474	0.000750357493113444	-0.000942716595950999
794.23932	0.000744086717467347	-0.000847731776489436
707.96161	0.000733677128180532	-0.000759597364745611
631.00977	0.000726845647445119	-0.000684389992252252
562.33929	0.000723295784141235	-0.000611646190045966
501.12231	0.000715625898343436	-0.000547112245065898
446.57214	0.000713660004803494	-0.000488102329010803
398.08899	0.000704692403053022	-0.000437917370617166
354.88681	0.000702070584937843	-0.000390891491792824
316.31589	0.000698517179008942	-0.000347195843522593
281.8942	0.000692719457842668	-0.000308411685503466
251.20601	0.000691253400812931	-0.000274489917938455
223.92496	0.00068969855879135	-0.000242702315554669
199.55338	0.000689507575796131	-0.000214709358186966
177.78128	0.000687986877371977	-0.000187242994855913
158.52898	0.000688838620160519	-0.000163221703164708
141.21979	0.000688892664112259	-0.000142887111214977
125.92673	0.000687328902629834	-0.00012303637902509
112.19009	0.000690409806024657	-0.000108271072871295
99.968163	0.000690297669718954	-8.9112564088507e-05
89.115646	0.000695031356781917	-7.65037713994543e-05
79.415741	0.00069649019002094	-6.1907826573026e-05
70.793182	0.000696946863086372	-5.17372821488822e-05
63.082279	0.000700221070959225	-4.08493032550261e-05
56.241825	0.000706294177590412	-3.21856199213542e-05
50.112232	0.000707332449811387	-2.26135654551568e-05
44.671223	0.000710475664046718	-1.96022111866722e-05
39.808899	0.000713543231104486	-1.34997155115575e-05
35.488308	0.000717008087629784	-6.65108325154014e-06
31.629578	0.000719319201354872	-1.00748590962657e-06
28.187037	0.00072226954172328	2.11839939920446e-06
25.120602	0.000725622117622937	3.78463931005242e-06
22.385418	0.00072731283812022	7.74437242951408e-06
19.955338	0.000730752645103777	8.75053592378664e-06
17.775894	0.000732975890394731	1.23690576052948e-05
15.846864	0.000735513189736476	1.0282157789617e-05
14.127493	0.000736981441433165	1.38075296151216e-05
12.587309	0.00074082816669436	1.43337353465224e-05
11.216775	0.000741626834555476	1.38799087350959e-05
9.9968166	0.000743402340960609	1.57211801566423e-05
8.9082127	0.000742833995282937	1.46422626640333e-05
7.9395623	0.000747742478041268	1.57812734278567e-05
7.0765615	0.000749003762498286	1.78581861919202e-05
6.3105822	0.000752755225476596	1.60979826148705e-05
5.6245475	0.000750637451282629	1.61422199747362e-05
5.0112233	0.000755321729491557	1.66725053163046e-05
4.4642835	0.000757463405308434	1.71559529276443e-05
3.9819033	0.000755927213487301	1.73838907523231e-05
3.5479143	0.000757522865667903	1.89344021673135e-05
3.1629577	0.000760662647349948	1.80408327790575e-05
2.818361	0.000762061479541025	1.71774553286137e-05
2.5112481	0.000761129088190746	1.48529940536347e-05
2.2398233	0.000764094570497826	1.74379410345705e-05
1.9950197	0.000762683006916927	1.52819374537538e-05
1.7775893	0.000764918221323271	1.7632699228773e-05
1.5846864	0.000765824900914609	1.7325919221817e-05
1.4122353	0.000768089870536448	1.72456828090935e-05
1.2582541	0.000767064563029619	1.85196639310532e-05
1.1224822	0.000769350233793973	2.04679369913524e-05
1.0000616	0.000771164618680076	1.94375873646903e-05
0.89082122	0.000772605255980836	2.17297558108135e-05
0.79444051	0.000773196461817646	1.97111986334362e-05
0.70784986	0.000774637447468038	2.15294751481301e-05
0.63126236	0.000777284567959285	2.17419382159098e-05
0.562536	0.000776673955057758	2.23743142173059e-05
0.50118715	0.000779011487557849	2.21857457711833e-05
0.44642836	0.000779297916405861	2.38807810765239e-05
0.39821118	0.000782039353337915	2.3062108447587e-05
0.35475865	0.000783013394923647	2.61409732998313e-05
0.31619295	0.000782758315472607	2.69999368655298e-05
0.2819173	0.000787600114661013	2.93231671416168e-05
0.25117323	0.000788782677648996	3.07145256269062e-05
0.22391155	0.000790882135819342	3.0131631639777e-05
0.19957349	0.000793268128057064	3.34555446200092e-05
0.17779917	0.000795103266259825	3.52171199103069e-05
0.15846863	0.000797479492497442	3.43694764369639e-05
0.14123619	0.00079683586518048	3.78852782534281e-05
0.12590662	0.000801314651166742	3.86746025902916e-05
0.1122199	0.000802733626974475	4.10713638127529e-05
0.10002181	0.000805344177895386	4.13163321727376e-05
