10002.226	0.00117826333404151	-0.00950847286082949
8914.9326	0.00113679230349556	-0.00851026368430171
7943.9951	0.0010985015542748	-0.00761859012461914
7081.583	0.00106603046471716	-0.0068202738304856
6307.7358	0.00103218921457044	-0.00610336824595151
5622.5879	0.000999447608635057	-0.0054625542420382
5011.603	0.000972190389347606	-0.00489447658687852
4466.4292	0.000948631175168473	-0.00437968908499127
3981.2773	0.000923911278368355	-0.00391971637168919
3548.8679	0.000902148351787643	-0.00351303901706955
3163.0398	0.000881332913009426	-0.00314637678031421
2819.0986	0.000865342332360899	-0.00281672864405988
2512.4104	0.000849586333235256	-0.00252048745838372
2239.2869	0.000834324832711271	-0.00226072621706939
1995.6381	0.000821245134520078	-0.00202464257151372
1778.2897	0.000808004871649828	-0.00181297382574425
1584.4927	0.000795368925056622	-0.00162507416186037
1412.7418	0.000783536156324147	-0.00145850883651244
1258.7905	0.000775591752238132	-0.00130679590870396
1121.7966	0.000767002698316604	-0.00117374524077649
999.68164	0.000757068373216489	-0.00104975099607365
891.42474	0.00074956433443113	-0.000942170654745082
794.23932	0.000741069151789553	-0.000845745592703847
707.96161	0.000732598639099556	-0.00075772500490734
631.00977	0.000727531914221043	-0.000681718390478311
562.33929	0.000720903501671892	-0.000609340426710352
501.12231	0.00071569019001024	-0.000546443386570072
446.57214	0.000710720704184123	-0.000487753335885598
398.08899	0.00070526489542472	-0.00043867823175643
354.88681	0.000699829650479473	-0.000389792845219984
316.31589	0.000697147346113592	-0.000347412637699979
281.8942	0.000694498545480782	-0.000310119115898268
251.20601	0.00068963430993329	-0.000273466312175509
223.92496	0.000690619333812481	-0.000240542004935047
199.55338	0.000688769697821515	-0.000214469537409408
177.78128	0.000688611344417714	-0.000186900609080394
158.52898	0.000688084167274272	-0.000162390922124931
141.21979	0.00068898872200716	-0.000143276641366995
125.92673	0.00068853054472164	-0.000121003551131646
112.19009	0.000690107013149951	-0.000106614183052562
99.968163	0.000692608917534473	-8.77754445524943e-05
89.115646	0.000693327650036313	-7.5246309267635e-05
79.415741	0.000695774736457918	-6.16009807955393e-05
70.793182	0.000697784852608698	-4.92311551936869e-05
63.082279	0.000700616346156147	-4.04212772427622e-05
56.241825	0.000704608168630752	-3.0485037086324e-05
50.112232	0.000706911678076504	-2.34080540384111e-05
44.671223	0.000709094008676858	-1.64191792100187e-05
39.808899	0.000713717901290198	-1.30446952306891e-05
35.488308	0.000717601151642369	-7.04642665979493e-06
31.629578	0.000719339617544377	-2.86783368289989e-06
28.187037	0.000722961499245507	-1.05088679123495e-06
25.120602	0.000725063615228766	4.77731094198724e-06
22.385418	0.000726966469179994	6.57896622093276e-06
19.955338	0.0007311999070165	7.63278502147559e-06
17.775894	0.000734067258321076	1.09788079830342e-05
15.846864	0.000736772099274488	1.01237505432792e-05
14.127493	0.000738680059956252	1.40743495899546e-05
12.587309	0.00074018813463733	1.2592677726406e-05
11.216775	0.000741707439232239	1.49175988472435e-05
9.9968166	0.000746014474541408	1.26523884122867e-05
8.9082127	0.000744985569139251	1.44153265303913e-05
7.9395623	0.000747563737734541	1.67128835564015e-05
7.0765615	0.000749467822599273	1.77914621300179e-05
6.3105822	0.000752830253348118	1.7129994966713e-05
5.6245475	0.00075359424595076	1.69469069742619e-05
5.0112233	0.000754598836009991	1.59326680406422e-05
4.4642835	0.000755961796951917	1.7076115701909e-05
3.9819033	0.000756538920286168	1.66990949270297e-05
3.5479143	0.000757688594309564	1.56743122602109e-05
3.1629577	0.000759164431375061	1.82701551623689e-05
2.818361	0.000760237781086432	1.85958632649105e-05
2.5112481	0.00076215138592255	1.68673666610716e-05
2.2398233	0.000763926609466233	1.86385580198117e-05
1.9950197	0.000761031371697405	1.51200088955986e-05
1.7775893	0.000763469649030457	1.91576312330798e-05
1.5846864	0.000765261528144198	1.93371506618395e-05
1.4122353	0.000767734409915515	1.77933613281531e-05
1.2582541	0.000767958215200177	1.8994953363458e-05
1.1224822	0.000769905347567086	2.00164495666413e-05
1.0000616	0.000771231273907876	2.04796606682246e-05
0.89082122	0.000772357152474556	1.99155870699976e-05
0.79444051	0.000773638135193023	2.14414478100736e-05
0.70784986	0.000773735491304988	2.25916715745552e-05
0.63126236	0.000775536033866932	2.20220515224695e-05
0.562536	0.000778293279524191	2.17866196795367e-05
0.50118715	0.000778603768435935	2.48979923831629e-05
0.44642836	0.000778540648033142	2.47554883064444e-05
0.39821118	0.000782844036783026	2.71286578847541e-05
0.35475865	0.0007834753413368	2.61949968887824e-05
0.31619295	0.000783035496202766	2.84859155629501e-05
0.2819173	0.00078689901051363	2.90059441120621e-05
0.25117323	0.000787839038722642	3.03502568012112e-05
0.22391155	0.000790941321498514	3.01292455954978e-05
0.19957349	0.000790835872877127	3.1624615641801e-05
0.17779917	0.000793595413715315	3.27994517654581e-05
0.15846863	0.000795976509800453	3.47841373285794e-05
0.14123619	0.000798426584767478	3.76307227019563e-05
0.12590662	0.000800134122423125	3.94943761745353e-05
0.1122199	0.00080292082423589	4.00095701592887e-05
0.10002181	0.000805596102958247	4.27560646074415e-05
