10002.226	0.00117698003354911	-0.00950690613300891
8914.9326	0.00113704545889382	-0.00851086964118321
7943.9951	0.00109949750439327	-0.00761761663866115
7081.583	0.00106291779168198	-0.00681992904907794
6307.7358	0.00103198154397466	-0.00610476888719185
5622.5879	0.000999509868584389	-0.00546404753918285
5011.603	0.000972493216538105	-0.0048933816626061
4466.4292	0.000948666987782083	-0.00438070967871107
3981.2773	0.000922360036291833	-0.00392111870452274
3548.8679	0.000901763481449802	-0.00351161328140674
3163.0398	0.000883207756994867	-0.00314648173007293
2819.0986	0.000865531626449347	-0.00281731295941946
2512.4104	0.000850896187847792	-0.00252131322405563
2239.2869	0.000833859213179071	-0.00225944212222385
1995.6381	0.000819646008212199	-0.00202538692937495
1778.2897	0.000808868470144717	-0.00181318223655469
1584.4927	0.000796074148670683	-0.00162598270760809
1412.7418	0.000784456711762603	-0.00145747095818744
1258.7905	0.000777259727294654	-0.0013082330622065
1121.7966	0.000767351562572735	-0.00117419422331097
999.68164	0.000757428163931557	-0.00104973159980252
891.42474	0.000749304544493027	-0.000942303611659067
794.23932	0.000744282476155507	-0.000846070570178135
707.96161	0.000733938924833099	-0.000758750307034065
631.00977	0.000727160201434616	-0.000682656958635683
562.33929	0.000721439887919369	-0.000610446644457833
501.12231	0.000716277170928957	-0.000546490671553278
446.57214	0.00070893415738862	-0.000487935923003049
398.08899	0.000705213875715341	-0.000437551755829853
354.88681	0.000702014672107127	-0.00039032497059907
316.31589	0.000698817363212373	-0.000346768600767862
281.8942	0.00069564809308384	-0.000307905209721185
251.20601	0.000692181976436175	-0.00027099382613674
223.92496	0.000690105039897526	-0.000241480427590987
199.55338	0.000689690463021901	-0.000213110217187849
177.78128	0.000687931237040131	-0.000188682259010619
158.52898	0.000689924813584836	-0.000163096448551602
141.21979	0.000687288418413665	-0.000144336546234624
125.92673	0.000688327080917371	-0.000123292953439382
112.19009	0.00069172569224874	-0.000105743599379753
99.968163	0.000691317457976425	-8.94817208667917e-05
89.115646	0.000694436099113299	-7.54427867819804e-05
79.415741	0.000696282373119494	-6.14513430689189e-05
70.793182	0.00069600366271245	-5.13034241458734e-05
63.082279	0.000699791805972996	-4.20141069374715e-05
56.241825	0.000705921125283412	-3.05364475367504e-05
50.112232	0.000705892507189245	-2.30732636853128e-05
44.671223	0.000711180209743713	-1.78830062617074e-05
39.808899	0.000714049831856674	-1.45454969872558e-05
35.488308	0.000716518085964226	-6.99465029112519e-06
31.629578	0.000720304053364202	-2.36570027732311e-06
28.187037	0.000720764394787743	5.24333715878464e-07
25.120602	0.000724233630853086	2.80281093698896e-06
22.385418	0.000728919857633627	8.23565486237763e-06
19.955338	0.000731454002974997	9.71608297127785e-06
17.775894	0.000732829214304955	9.67722247484678e-06
15.846864	0.000738602347238693	1.11296531012341e-05
14.127493	0.000738753856941413	1.3190016726084e-05
12.587309	0.000740320322617234	1.24008573677345e-05
11.216775	0.000742238077204639	1.34079145108387e-05
9.9968166	0.000744432271673058	1.3233613176116e-05
8.9082127	0.000745841605210391	1.46243879603945e-05
7.9395623	0.000748629019295034	1.90143124084638e-05
7.0765615	0.000749915814779003	1.76072221220171e-05
6.3105822	0.000751492801975773	1.73988016175649e-05
5.6245475	0.000752997124217622	1.42306261943252e-05
5.0112233	0.000755532608100378	1.49286607799305e-05
4.4642835	0.000753841480276217	1.69326125194635e-05
3.9819033	0.00075571898381185	1.80063774091036e-05
3.5479143	0.000758227166941896	1.83108402426094e-05
3.1629577	0.000759020648498904	1.67990331958982e-05
2.818361	0.000761635993838059	1.66446913759316e-05
2.5112481	0.000761148381461557	1.82855885205145e-05
2.2398233	0.00076006867978634	1.52962996515276e-05
1.9950197	0.000763000267909176	1.71138104337301e-05
1.7775893	0.000765513236037018	1.83255914482596e-05
1.5846864	0.000768277725223422	1.95870652305787e-05
1.4122353	0.000766075547727724	1.82472700341925e-05
1.2582541	0.000768621405568418	1.87343397598268e-05
1.1224822	0.000768376721442795	1.94112279625887e-05
1.0000616	0.000771401440598754	1.90503536513168e-05
0.89082122	0.000772375876515885	1.90570000890258e-05
0.79444051	0.000773551686472371	2.27479880254019e-05
0.70784986	0.000772096105933325	2.12973889118936e-05
0.63126236	0.00077443969271962	2.25957606595709e-05
0.562536	0.000777256500045471	2.2953177099167e-05
0.50118715	0.000778893601255013	2.34240550187669e-05
0.44642836	0.000779379075286237	2.48207004210214e-05
0.39821118	0.000782889970882051	2.62927062940745e-05
0.35475865	0.000782961273247551	2.7422141443177e-05
0.31619295	0.000784794689832697	2.81036520396641e-05
0.2819173	0.000785756163042985	2.60989282801899e-05
0.25117323	0.000786688897271751	2.9114014967772e-05
0.22391155	0.00079141592865602	2.96751006811501e-05
0.19957349	0.000792447714301918	3.30383004439678e-05
0.17779917	0.000793661266770429	3.14429609287887e-05
0.15846863	0.000796191354084884	3.58006735058682e-05
0.14123619	0.000796990046054191	3.666234817017e-05
0.12590662	0.00080030721335383	3.87567888464824e-05
0.1122199	0.000802895784726396	3.98324343573015e-05
0.10002181	0.000805256212495782	4.22229154700759e-05
