10002.226	0.00117713730611518	-0.00950884270999261
8914.9326	0.00113637782934772	-0.00851092263133535
7943.9951	0.0010991961069924	-0.00761709549574558
7081.583	0.00106256074735188	-0.00682086915833152
6307.7358	0.0010325689018283	-0.00610130646438729
5622.5879	0.000999680340870281	-0.00546483392970166
5011.603	0.0009711316559246	-0.00489187018903442
4466.4292	0.000947233277712047	-0.00438044608223735
3981.2773	0.000925138670330758	-0.00392303773235526
3548.8679	0.000901082149684253	-0.00351236401392958
3163.0398	0.000883809452246839	-0.00314627396765385
2819.0986	0.00086463742051284	-0.00281545482628494
2512.4104	0.00085134847341539	-0.0025224641549486
2239.2869	0.000833962256249363	-0.00226138918592589
1995.6381	0.000820715066034987	-0.0020226021670578
1778.2897	0.000809316040411519	-0.00181271580512142
1584.4927	0.00079619569249922	-0.00162401647997049
1412.7418	0.000784196199572006	-0.00145635692086896
1258.7905	0.000776822777168564	-0.0013080583772651
1121.7966	0.00076818833850728	-0.00117197324433557
999.68164	0.00075854692736443	-0.00105209315137306
891.42474	0.000748833670360013	-0.000942947519514106
794.23932	0.000744027131057064	-0.000846079131380737
707.96161	0.000735729510882585	-0.000759591154813106
631.00977	0.000728917773335289	-0.000682095141926968
562.33929	0.000720405862037188	-0.000610059379550681
501.12231	0.000718574458378019	-0.000547058369986921
446.57214	0.000709636442301875	-0.000489419423617455
398.08899	0.000706678043336238	-0.000436388664198255
354.88681	0.00070034967840012	-0.000390490458394103
316.31589	0.000699978834793823	-0.000346668977353881
281.8942	0.000695937237312162	-0.000310685450159816
251.20601	0.000691419881496977	-0.000274523399049695
223.92496	0.000689683387170205	-0.000242165406582168
199.55338	0.000689923724965361	-0.000213716194470946
177.78128	0.000689071787171227	-0.000187414028916803
158.52898	0.000689773210016905	-0.000162501770218072
141.21979	0.00068559013688723	-0.000142549011495154
125.92673	0.000688935684654655	-0.000124083007709798
112.19009	0.000690110827837473	-0.000106486867212818
99.968163	0.000693030139902939	-8.78791042041746e-05
89.115646	0.000695036596570871	-7.58755614427119e-05
79.415741	0.000697020652284085	-6.20702799077125e-05
70.793182	0.000699043300122779	-5.07098826169133e-05
63.082279	0.000701749714933154	-4.25655397514818e-05
56.241825	0.000705460777719203	-3.12092943135016e-05
50.112232	0.000705553806635587	-2.29471039118103e-05
44.671223	0.000708917171179294	-1.71739770166238e-05
39.808899	0.000713171208694334	-1.28346398009839e-05
35.488308	0.000717244537452016	-7.09556269616316e-06
31.629578	0.000718535389281919	-2.37956435543329e-06
28.187037	0.000721519506506204	2.6849977694456e-06
25.120602	0.000726099527693307	2.63112019529296e-06
22.385418	0.000727583897742768	7.7097551315377e-06
19.955338	0.000730859705223517	7.860080356897e-06
17.775894	0.00073348091548078	1.2075337665153e-05
15.846864	0.000735621976852239	1.05350392742546e-05
14.127493	0.000738462524417743	1.32458178457288e-05
12.587309	0.00074006278045395	1.19904062164096e-05
11.216775	0.00074171172317752	1.49012901290373e-05
9.9968166	0.000745123652045966	1.44013595992508e-05
8.9082127	0.0007453783750447	1.6037959611844e-05
7.9395623	0.000747948092194708	1.60462587407061e-05
7.0765615	0.000749796833589684	1.67225285974877e-05
6.3105822	0.000752072183928804	1.64482104605246e-05
5.6245475	0.000752718487529598	1.53081973401937e-05
5.0112233	0.000753650832056036	1.82421770164691e-05
4.4642835	0.000755017973469706	1.55945410843447e-05
3.9819033	0.000756102003029941	1.79257363450365e-05
3.5479143	0.000756401914499863	1.76087504432298e-05
3.1629577	0.000761267501788718	1.91464769419423e-05
2.818361	0.00076098537159134	1.76703194909274e-05
2.5112481	0.000762051912123845	1.59042414697796e-05
2.2398233	0.000762228452498001	1.71950123067676e-05
1.9950197	0.000762535942596169	1.66019810209606e-05
1.7775893	0.000763573996349659	1.75949676944619e-05
1.5846864	0.000765243277657881	1.7233449916206e-05
1.4122353	0.000765422448621418	1.69325740384377e-05
1.2582541	0.000768142139053633	1.91078774106206e-05
1.1224822	0.000769533362742625	2.05756402700188e-05
1.0000616	0.000769180803363003	2.03481874345278e-05
0.89082122	0.000771044072476696	2.13671968488598e-05
0.79444051	0.00077267516591702	2.19119923600968e-05
0.70784986	0.00077434017922145	1.96298038067278e-05
0.63126236	0.000775795390470401	2.24466485165693e-05
0.562536	0.000775395698186653	2.3066217751187e-05
0.50118715	0.000778825877325452	2.58024356340371e-05
0.44642836	0.000780859118449274	2.54827047268741e-05
0.39821118	0.000779553531537603	2.61100187687709e-05
0.35475865	0.000783911748327178	2.5074591173849e-05
0.31619295	0.000786045125679171	2.73917021377188e-05
0.2819173	0.000786199596066779	2.82204375176908e-05
0.25117323	0.000787325093259359	3.03369225924675e-05
0.22391155	0.000790579274302393	3.04641326740936e-05
0.19957349	0.000791556855560231	3.19658545205747e-05
0.17779917	0.00079221308727512	3.19795979096782e-05
0.15846863	0.00079655159844698	3.40105901804197e-05
0.14123619	0.000798197960234169	3.69622465163538e-05
0.12590662	0.000801324468811619	3.86973845172883e-05
0.1122199	0.000800445735337439	4.09728479670887e-05
0.10002181	0.000804809689404711	4.15966942333685e-05
