10002.226	0.00117963314335222	-0.00950973942873759
8914.9326	0.00113741304556633	-0.00851405283022185
7943.9951	0.00109879002822688	-0.00761803363925826
7081.583	0.00106432868249018	-0.00681960804535255
6307.7358	0.00103474895624471	-0.00610180920357239
5622.5879	0.00100100293794911	-0.0054638535456266
5011.603	0.000973389674605579	-0.00489379063905749
4466.4292	0.000949214100364284	-0.00438025609612485
3981.2773	0.000923830534781977	-0.00392096515364776
3548.8679	0.000901421388736185	-0.003511428126916
3163.0398	0.000883744718144969	-0.00314632219882037
2819.0986	0.000865035931354288	-0.00281778183727599
2512.4104	0.000850335542405748	-0.00252212444982951
2239.2869	0.000835625330717248	-0.00226097464748523
1995.6381	0.000821280409942658	-0.00202512043697739
1778.2897	0.000809099549770902	-0.0018128083849662
1584.4927	0.000796165805021849	-0.00162900747023656
1412.7418	0.000784140447682689	-0.00145788441729658
1258.7905	0.000775063358800694	-0.00130714153967181
1121.7966	0.000766614664850624	-0.00117231783534763
999.68164	0.000757162377957845	-0.00105027939591956
891.42474	0.000749136225823812	-0.00094278643543188
794.23932	0.000743167527059697	-0.000845565573643535
707.96161	0.000733424178950986	-0.000758754748250247
631.00977	0.00072765729201771	-0.000681427529212541
562.33929	0.000722150342153752	-0.000610000415891855
501.12231	0.000716679782554819	-0.00054622028790838
446.57214	0.000711907626753117	-0.000489951551715462
398.08899	0.000703726390690766	-0.000437436124790309
354.88681	0.000703434888465744	-0.000392171829522941
316.31589	0.000698983500720236	-0.000346159364197961
281.8942	0.000695021541781735	-0.000311068938616225
251.20601	0.000690804540482994	-0.000273936066623975
223.92496	0.000690304636667751	-0.000241057574148238
199.55338	0.000688282600239452	-0.000214488917279394
177.78128	0.000689229149999703	-0.000187242600898526
158.52898	0.000688389535526488	-0.000163939226510172
141.21979	0.000688319149695265	-0.000142938381962809
125.92673	0.000686485879664201	-0.000121764051473875
112.19009	0.00069090532558318	-0.000107132538066545
99.968163	0.000690531409358415	-8.68111307471838e-05
89.115646	0.000691935094769221	-7.38657104147597e-05
79.415741	0.000696481818714815	-6.21158271911268e-05
70.793182	0.000696888638355862	-4.9952189171397e-05
63.082279	0.000702299949151714	-4.1490890416505e-05
56.241825	0.000706328315476658	-3.07722398913208e-05
50.112232	0.000707230009763532	-2.28991583640813e-05
44.671223	0.000709950943096789	-1.66525387578984e-05
39.808899	0.000711717830499431	-1.38252644685869e-05
35.488308	0.000716078522195867	-9.66309049629919e-06
31.629578	0.000719155856541628	-1.90586028399772e-06
28.187037	0.000722080973455855	-3.87187810845015e-07
25.120602	0.000726601680576055	3.57401580669748e-06
22.385418	0.000729160764549475	6.0230403947316e-06
19.955338	0.000730232025477034	9.11081232667918e-06
17.775894	0.00073344708695466	1.13289506285485e-05
15.846864	0.000738192994191542	1.08720368525321e-05
14.127493	0.000736996426893701	1.35304679849793e-05
12.587309	0.000739857230836139	1.44678808996081e-05
11.216775	0.000743408886290615	1.37054258219878e-05
9.9968166	0.000743396540018815	1.3533025221906e-05
8.9082127	0.000746706408609152	1.4876240036834e-05
7.9395623	0.000747224116416836	1.78278751112544e-05
7.0765615	0.000750131119598223	1.78504878487631e-05
6.3105822	0.000753383194775087	1.64146011957621e-05
5.6245475	0.000753980473131535	1.64214492950422e-05
5.0112233	0.00075398425293296	1.75684861606916e-05
4.4642835	0.000755107678543612	1.69239397121328e-05
3.9819033	0.000757253462427443	1.70233636838511e-05
3.5479143	0.000758202585934911	1.75278675509105e-05
3.1629577	0.000760247425993822	1.63895102525924e-05
2.818361	0.000763688072231638	1.71037544743893e-05
2.5112481	0.00076045898757352	1.69100910193352e-05
2.2398233	0.000762941626433552	1.55346733071819e-05
1.9950197	0.000762482191823088	1.68840249455302e-05
1.7775893	0.00076555335537866	1.7707990651889e-05
1.5846864	0.000766716652245617	1.78275457270422e-05
1.4122353	0.000768112274147935	1.90471938925979e-05
1.2582541	0.000767973446916374	1.9738883666775e-05
1.1224822	0.000768778551574205	2.01940822270289e-05
1.0000616	0.000769473844128202	2.11265393823553e-05
0.89082122	0.000772150452617027	1.88458721316376e-05
0.79444051	0.000772849412343177	2.24928163832096e-05
0.70784986	0.000775135770935465	2.13143366298177e-05
0.63126236	0.000776647337963595	2.17917249772971e-05
0.562536	0.000776682139492287	2.1734991037875e-05
0.50118715	0.000778962120228408	2.2306011952084e-05
0.44642836	0.000779640574119227	2.41100906418204e-05
0.39821118	0.00078224218359748	2.44100314832665e-05
0.35475865	0.000782314381138876	2.43349182239813e-05
0.31619295	0.000785080259706355	2.7106849754401e-05
0.2819173	0.000785385200614931	2.78526310796936e-05
0.25117323	0.000787740432071472	2.99743001066265e-05
0.22391155	0.000790588058704379	3.00401521618901e-05
0.19957349	0.00079206515152103	3.29105234487224e-05
0.17779917	0.00079255487737468	3.44491121560946e-05
0.15846863	0.000795571113621845	3.68577935433342e-05
0.14123619	0.000797459021407593	3.59779468437677e-05
0.12590662	0.000799812599104812	3.9370918300558e-05
0.1122199	0.000802866459860605	4.22160936813417e-05
0.10002181	0.000804014030402001	4.37542955271638e-05
