10002.226	0.00118175689350545	-0.00945061538486186
8914.9326	0.00114144010935002	-0.00846163708776252
7943.9951	0.00110447256073114	-0.00757107984570938
7081.583	0.00106885499992927	-0.00677990082003075
6307.7358	0.00103919212719243	-0.00606571734423064
5622.5879	0.00100581931385816	-0.00543184026139295
5011.603	0.000979271937015537	-0.00486358952341616
4466.4292	0.000954678402533189	-0.00435236053729364
3981.2773	0.000930754772252767	-0.00389720693776921
3548.8679	0.000905898347133657	-0.0034901964325493
3163.0398	0.000889090619123349	-0.00312790541218833
2819.0986	0.000871097667954305	-0.00279761888803266
2512.4104	0.000855557813435908	-0.00250782724538514
2239.2869	0.000839106853834942	-0.00224711691534827
1995.6381	0.000827132285000702	-0.00201243397771523
1778.2897	0.000813352771944576	-0.00180180159006984
1584.4927	0.000801592198212137	-0.00161474736254677
1412.7418	0.000787680260381317	-0.00145013231937445
1258.7905	0.00078108202114828	-0.00130064442502246
1121.7966	0.00077186244680826	-0.00116636956481294
999.68164	0.000763344311305552	-0.00104496745227548
891.42474	0.000753306075072849	-0.000935189549207447
794.23932	0.000748071007562918	-0.000841547762470132
707.96161	0.000737920977000436	-0.000753115334892466
631.00977	0.000732141492764757	-0.000676478846108804
562.33929	0.000727512566065492	-0.000606026130571323
501.12231	0.000723285782553381	-0.000543805985438177
446.57214	0.000716862730413485	-0.000485392050225473
398.08899	0.000710923163132038	-0.000436908776778011
354.88681	0.000706312216703192	-0.000385493319355907
316.31589	0.000703514141006788	-0.000346445949620075
281.8942	0.000700572002146987	-0.000308950365002202
251.20601	0.000696071427500516	-0.000271817657836829
223.92496	0.000696933001698272	-0.000242101521301739
199.55338	0.000694328312720697	-0.000214990724514595
177.78128	0.000693250495023667	-0.000185976017418894
158.52898	0.000693778293758119	-0.000162338531233956
141.21979	0.000692474533753327	-0.000142148559055618
125.92673	0.000693561547360921	-0.000122293795371588
112.19009	0.000696229279876353	-0.00010402590906983
99.968163	0.000697558026290386	-8.89279526477865e-05
89.115646	0.00069786739138968	-7.55525784722633e-05
79.415741	0.000701854769914976	-6.40605178901638e-05
70.793182	0.000703504068139504	-5.27682047662511e-05
63.082279	0.00070566341921502	-3.99105891279704e-05
56.241825	0.000710544066246964	-3.00838239053649e-05
50.112232	0.000713702714531953	-2.1910215761739e-05
44.671223	0.000715059912741888	-1.6123483150226e-05
39.808899	0.000718317351372982	-1.32468759819171e-05
35.488308	0.000721618032450014	-1.01286064431168e-05
31.629578	0.000724156810193019	-3.19704801201515e-07
28.187037	0.000725339017558093	9.62412590397255e-07
25.120602	0.000730743915005493	4.46602188557953e-06
22.385418	0.000732126127313128	6.49943920816787e-06
19.955338	0.0007370086608744	7.6067123089672e-06
17.775894	0.000738576513244879	1.17052913393467e-05
15.846864	0.000742527976148952	9.16750123453175e-06
14.127493	0.000744787764331847	1.36088966490866e-05
12.587309	0.000745462240942489	1.27741288356091e-05
11.216775	0.00074763059754148	1.61382778712478e-05
9.9968166	0.000749960013060452	1.28144545533113e-05
8.9082127	0.000750831153739702	1.39814009563731e-05
7.9395623	0.000751993893960914	1.65062617471994e-05
7.0765615	0.000753992319728319	1.59689475164529e-05
6.3105822	0.000756438650042365	1.67045609022273e-05
5.6245475	0.000757813313915914	1.66795862643632e-05
5.0112233	0.000759531051940577	1.84070022391387e-05
4.4642835	0.000759503034397339	1.64915609195585e-05
3.9819033	0.000761161929742815	1.61903109654615e-05
3.5479143	0.000762425853742062	1.70657231623359e-05
3.1629577	0.000763652556667307	1.73153344214266e-05
2.818361	0.000765226039163936	1.69324727683376e-05
2.5112481	0.000766117844856816	1.62425666487638e-05
2.2398233	0.000767051263593654	1.63120191490699e-05
1.9950197	0.000768154092644932	1.81696550429684e-05
1.7775893	0.00076929964130527	1.9013401036276e-05
1.5846864	0.0007709193473607	1.74812378638754e-05
1.4122353	0.000772188015069706	1.85696608668473e-05
1.2582541	0.000772845411766315	1.94163780036466e-05
1.1224822	0.000773557640624658	1.79092266976335e-05
1.0000616	0.000776301339540871	2.02866069738353e-05
0.89082122	0.000775352637515006	1.98890754084195e-05
0.79444051	0.000777464685449826	2.01088488411118e-05
0.70784986	0.000780554487623256	2.14849892387687e-05
0.63126236	0.000780923190154805	2.23362523481027e-05
0.562536	0.000783139174901822	2.16313858066592e-05
0.50118715	0.000783096363052429	2.35886021612449e-05
0.44642836	0.000785715364641035	2.53239645718919e-05
0.39821118	0.000786514207907642	2.40782861443266e-05
0.35475865	0.000788714661024972	2.59785170699685e-05
0.31619295	0.000790733804347478	2.64684512199538e-05
0.2819173	0.000791742958578814	2.93926907261301e-05
0.25117323	0.000792543324299724	2.85908431264659e-05
0.22391155	0.000795233831936296	3.15300075453077e-05
0.19957349	0.000797120544018467	3.04945319321181e-05
0.17779917	0.000799501718756273	3.25680158575407e-05
0.15846863	0.00080014048417749	3.45568903462731e-05
0.14123619	0.000803427162143428	3.73894449489593e-05
0.12590662	0.000805774157837648	3.85730750295177e-05
0.1122199	0.000806304941506633	4.04165453981286e-05
0.10002181	0.000809530232958733	4.41283331358618e-05
