10002.226	0.00118329972216665	-0.00945135553219032
8914.9326	0.00114200553880358	-0.00845959248826976
7943.9951	0.00110345870437384	-0.00757418010809099
7081.583	0.00106933036852255	-0.00678119871897251
6307.7358	0.00103818983669034	-0.00606633139836796
5622.5879	0.00100495888644303	-0.00543107996395871
5011.603	0.000977672838225608	-0.00486393422763058
4466.4292	0.000953366260679266	-0.00435334241324536
3981.2773	0.00093086685060003	-0.00389802905797268
3548.8679	0.000905724385246705	-0.00348967647619069
3163.0398	0.000889678534396411	-0.00312693157615349
2819.0986	0.000871004652951525	-0.00279843900117628
2512.4104	0.000853705617202578	-0.00250736094730038
2239.2869	0.000838874338867445	-0.00224780951574827
1995.6381	0.000826139835022154	-0.00201194046894638
1778.2897	0.000813361148320527	-0.00180264543446227
1584.4927	0.000801018528852515	-0.00161665825682871
1412.7418	0.000789958564344262	-0.00144936650737901
1258.7905	0.000780616078464261	-0.00129753954906655
1121.7966	0.00077143621843026	-0.00116672368088227
999.68164	0.000762605767277397	-0.00104458630943861
891.42474	0.000754623666745535	-0.000935701135317902
794.23932	0.000747754868429868	-0.000841553541890941
707.96161	0.000739878371090544	-0.00075356491330592
631.00977	0.000731530862782801	-0.000677970277246093
562.33929	0.000725339513828328	-0.000606965683304209
501.12231	0.000722935558659629	-0.000541941312307461
446.57214	0.000717154065460071	-0.000485710073309688
398.08899	0.000710448587305473	-0.000433222035998576
354.88681	0.000706933611191152	-0.0003874372664292
316.31589	0.00070434281070261	-0.000344466272983704
281.8942	0.000700000009400773	-0.000309411675964883
251.20601	0.000696264408614798	-0.000271073451306387
223.92496	0.000693200926652702	-0.00024064392400834
199.55338	0.000694843073117842	-0.000214015230588077
177.78128	0.000692744877394073	-0.000185279752193818
158.52898	0.000693078065079811	-0.000162208763005949
141.21979	0.000694235405051852	-0.000141711770632304
125.92673	0.000692986488569232	-0.000121782141758641
112.19009	0.000695913267150069	-0.000106262276129387
99.968163	0.000696665653072478	-8.71135527950031e-05
89.115646	0.00069823787646623	-7.41290935119643e-05
79.415741	0.000700245967284018	-6.1799903236687e-05
70.793182	0.000704194173091429	-5.24483529794578e-05
63.082279	0.000706695703112641	-3.90203659594972e-05
56.241825	0.000711423605196634	-3.20577284898747e-05
50.112232	0.000712693505703908	-2.27824662389366e-05
44.671223	0.000714275719395943	-1.7691134076903e-05
39.808899	0.000718762084953951	-1.32956633234599e-05
35.488308	0.000721919190026929	-6.71358407663765e-06
31.629578	0.000723449716502693	-2.75899162176279e-06
28.187037	0.000728250206111931	-6.1939133296329e-08
25.120602	0.00073134529276722	4.67294120806441e-06
22.385418	0.000731190573250004	7.12279784135963e-06
19.955338	0.000737908062796621	9.10530316059368e-06
17.775894	0.00074110713957907	9.25689420174652e-06
15.846864	0.00074250206674728	9.86797880289512e-06
14.127493	0.000743630044212888	1.29111367025795e-05
12.587309	0.000746134263641464	1.21500044628911e-05
11.216775	0.000747095735264589	1.36849469021245e-05
9.9968166	0.000750548458090322	1.4289961442252e-05
8.9082127	0.000750147418257257	1.43673404167484e-05
7.9395623	0.000751286456943006	1.56207325306189e-05
7.0765615	0.00075514040537333	1.78085655334531e-05
6.3105822	0.000756763318721102	1.72772539622516e-05
5.6245475	0.000758011543172457	1.56940248103389e-05
5.0112233	0.000758554293299463	1.83307446909789e-05
4.4642835	0.000761246161074152	1.74723003568584e-05
3.9819033	0.000760048242904199	1.46995830512005e-05
3.5479143	0.000762861106013956	1.64480424442588e-05
3.1629577	0.000765450985088141	1.92740080326487e-05
2.818361	0.000767008467296877	1.5170083013337e-05
2.5112481	0.000765627751798086	1.53930945396668e-05
2.2398233	0.000768976765602684	1.70968751871161e-05
1.9950197	0.000767627612552594	1.4647984315009e-05
1.7775893	0.000771479385743807	1.6674023947343e-05
1.5846864	0.000771611830178992	1.971379435448e-05
1.4122353	0.000772431476380685	1.72560584244999e-05
1.2582541	0.000772604605425995	1.82836998469371e-05
1.1224822	0.00077430630422917	1.89432878734647e-05
1.0000616	0.000775529403511993	1.99180770394651e-05
0.89082122	0.00077709420884415	1.82019063007935e-05
0.79444051	0.000779702561913748	2.1833757600417e-05
0.70784986	0.000777363299467637	2.13047050763586e-05
0.63126236	0.000780281770013799	2.13118984082494e-05
0.562536	0.00078248231153694	2.36063128764097e-05
0.50118715	0.000784263354762498	2.45959391312238e-05
0.44642836	0.00078553161677499	2.33890929322532e-05
0.39821118	0.000785919067391954	2.4603011939928e-05
0.35475865	0.000788570720575483	2.71906500415281e-05
0.31619295	0.000790910053156391	2.57256763040177e-05
0.2819173	0.000792512069760385	2.87148446496958e-05
0.25117323	0.000795251103355233	2.87409693309666e-05
0.22391155	0.000795202703572775	3.02013631330084e-05
0.19957349	0.000795836509111393	3.18767786499539e-05
0.17779917	0.000796772271058978	3.53224060289617e-05
0.15846863	0.000802055842077708	3.27572952986347e-05
0.14123619	0.00080358190217624	3.61065263169589e-05
0.12590662	0.000805150006432057	3.72970785400048e-05
0.1122199	0.000806901636079345	4.04998697399495e-05
0.10002181	0.000809907473891491	4.26867976301009e-05
