10002.226	0.00118345042751725	-0.00945020607343885
8914.9326	0.00114162941926758	-0.00846124353289124
7943.9951	0.0011048942620945	-0.0075727245357107
7081.583	0.00106751825638348	-0.00678051056884538
6307.7358	0.00103919315350881	-0.00606666841412937
5622.5879	0.00100648696271442	-0.00543128594249153
5011.603	0.000976511653931025	-0.00486390068460365
4466.4292	0.000952943774739355	-0.00435304850190884
3981.2773	0.000929948967975861	-0.00389927840647311
3548.8679	0.000906319795674028	-0.00348843101454857
3163.0398	0.000886896388879827	-0.00312884314133321
2819.0986	0.000870677554221147	-0.00279721184049603
2512.4104	0.000854098460685029	-0.00250605242758204
2239.2869	0.000838809155932006	-0.0022484610524374
1995.6381	0.000827203048107435	-0.00201317544485279
1778.2897	0.000814704260135999	-0.0018035325917141
1584.4927	0.000800935189278697	-0.00161530358423839
1412.7418	0.000789159874691009	-0.00144957960251765
1258.7905	0.000780427773824239	-0.0012990093119361
1121.7966	0.000771591628167393	-0.00116682904251876
999.68164	0.000762836263520893	-0.00104384018365604
891.42474	0.000754163460421569	-0.000937247762819659
794.23932	0.00074843339160771	-0.000840599083968967
707.96161	0.000741359990837025	-0.000752815902551199
631.00977	0.000733947690780356	-0.000677524748451253
562.33929	0.000726073178994116	-0.000605707777211902
501.12231	0.000720449254887135	-0.00054238120446593
446.57214	0.000715953490375346	-0.000484774958055856
398.08899	0.000710115438660057	-0.000435908859522239
354.88681	0.000706925160835339	-0.000388734678479335
316.31589	0.00070152426290462	-0.000343110274928792
281.8942	0.000700246278365604	-0.000307725602306079
251.20601	0.000696660367653723	-0.000271058073655602
223.92496	0.000696324621721215	-0.000240988333138725
199.55338	0.000695129708394696	-0.000213543579483742
177.78128	0.000693694631146706	-0.000186115094811934
158.52898	0.000692877084847986	-0.000161149065592008
141.21979	0.000693417772190708	-0.000142131344699521
125.92673	0.000694871204698959	-0.000121563607826943
112.19009	0.000695841677236364	-0.000106798403715556
99.968163	0.00069643249059543	-8.71489931296625e-05
89.115646	0.000699374302678771	-7.55264320977913e-05
79.415741	0.000699821105675012	-6.2899190305859e-05
70.793182	0.000704749066738748	-4.98727937611691e-05
63.082279	0.000705103680232137	-4.21126153104999e-05
56.241825	0.000710333220649501	-3.3226775520548e-05
50.112232	0.000712253560620679	-2.26332096949535e-05
44.671223	0.000715309114836076	-1.90773159264237e-05
39.808899	0.000718568784170771	-1.20609934312926e-05
35.488308	0.000722144238361222	-7.31709355745496e-06
31.629578	0.000723731070322263	-2.29342510221865e-06
28.187037	0.0007264180877621	9.57409815712888e-07
25.120602	0.000731078163246741	4.47910574477189e-06
22.385418	0.000730660561102958	6.30248138065246e-06
19.955338	0.000735456793856465	9.03852950745323e-06
17.775894	0.000740085639172828	1.15621285922223e-05
15.846864	0.000741126676405979	1.14839159278539e-05
14.127493	0.000742533631540184	1.28426591837834e-05
12.587309	0.000744541358112533	1.25670766899313e-05
11.216775	0.000748905869514403	1.41042515295085e-05
9.9968166	0.00075063470664115	1.30302877649745e-05
8.9082127	0.000751623956406238	1.30910694557071e-05
7.9395623	0.000753096937467364	1.85192988667355e-05
7.0765615	0.000755335060465863	1.72811515436623e-05
6.3105822	0.000756663098044634	1.75567436771986e-05
5.6245475	0.000757876536331246	1.6910420989945e-05
5.0112233	0.000759030281391923	1.70812972934708e-05
4.4642835	0.000760276354683751	1.54881127519434e-05
3.9819033	0.000762555792602617	1.71580749577693e-05
3.5479143	0.000762441359384405	1.61076827040021e-05
3.1629577	0.000764603711011267	1.6817056400613e-05
2.818361	0.000766280691181309	1.58801873649404e-05
2.5112481	0.000767243100449044	1.60793485302159e-05
2.2398233	0.000766571017804529	1.76515402942783e-05
1.9950197	0.000767042350789985	1.8944457390138e-05
1.7775893	0.000770482430313206	1.74028913817653e-05
1.5846864	0.000770374421171713	1.71983464203463e-05
1.4122353	0.000772109897093834	1.92245197415905e-05
1.2582541	0.000773150804018146	2.02911769103769e-05
1.1224822	0.000775407052035856	1.84426504227603e-05
1.0000616	0.000776943450919641	1.9936850236383e-05
0.89082122	0.00077713258561654	2.08250993505661e-05
0.79444051	0.000778936663833011	2.04169624865806e-05
0.70784986	0.000776986669497896	2.19600122307237e-05
0.63126236	0.000779653709073758	2.30543571834576e-05
0.562536	0.00078063483764002	2.12994659248226e-05
0.50118715	0.00078557779346638	2.32609952093356e-05
0.44642836	0.000783440610710463	2.28310480357144e-05
0.39821118	0.000787539414658506	2.64359741168622e-05
0.35475865	0.000787997520279659	2.57627528317217e-05
0.31619295	0.000789240230456733	2.71741092734691e-05
0.2819173	0.000791253900126164	2.74825087192927e-05
0.25117323	0.000792593757971958	3.11883440012932e-05
0.22391155	0.000796152499563149	3.08993270458168e-05
0.19957349	0.000797888616358514	3.04704251725556e-05
0.17779917	0.000798050631689556	3.27448802395445e-05
0.15846863	0.000800649176085579	3.52503538166961e-05
0.14123619	0.000802514366036737	3.48453483531301e-05
0.12590662	0.000805688886447255	3.64484328506271e-05
0.1122199	0.000808168618978508	3.98288457240101e-05
0.10002181	0.000810104759545357	4.20216755228246e-05
