10002.226	0.00118285062002366	-0.00945206343103748
8914.9326	0.00114116557960393	-0.00846158763645844
7943.9951	0.00110302660642228	-0.0075713802367156
7081.583	0.00106986215502462	-0.00677958526047456
6307.7358	0.00103807539642107	-0.00606520730731785
5622.5879	0.00100596775919936	-0.00543053597214174
5011.603	0.000977566795228679	-0.00486374302800757
4466.4292	0.000953691092695744	-0.0043543993944659
3981.2773	0.000928656040455589	-0.0038985327242462
3548.8679	0.00090516013371519	-0.00349088424458883
3163.0398	0.000888099368960202	-0.00312490319147896
2819.0986	0.000872061230141125	-0.00280043103268802
2512.4104	0.000853039073723584	-0.00250702696244204
2239.2869	0.000838968093639595	-0.00224865860450654
1995.6381	0.000826985973390265	-0.00201067955995466
1778.2897	0.000813787001517963	-0.00180301841928508
1584.4927	0.000801502151618164	-0.00161475932912479
1412.7418	0.000790698260080342	-0.00144857956006022
1258.7905	0.000781046466652877	-0.00129943376778908
1121.7966	0.00077258163344952	-0.00116752382451186
999.68164	0.000763358186320713	-0.00104283934481078
891.42474	0.000756059675809248	-0.000935983723416527
794.23932	0.000748094304560296	-0.000842088138514736
707.96161	0.000740188321841743	-0.000752555930368818
631.00977	0.000733053615111709	-0.000677274338094858
562.33929	0.000726612174297243	-0.000607256116910082
501.12231	0.000722910958413235	-0.000543451192437778
446.57214	0.000717218057759864	-0.000485762418952943
398.08899	0.000709530931846074	-0.000435161082654096
354.88681	0.000707626830175761	-0.000390157439716415
316.31589	0.000704225497343818	-0.0003465386476493
281.8942	0.000699123367935566	-0.000307958803935704
251.20601	0.000694454249363903	-0.000271896145840438
223.92496	0.000694456395002674	-0.000239593231098563
199.55338	0.000694446300728608	-0.000212459059373623
177.78128	0.000692397903438338	-0.00018547444329797
158.52898	0.000692514937793571	-0.000161905315155539
141.21979	0.000693517010141228	-0.000141535037378883
125.92673	0.000694020549159744	-0.000123799980012711
112.19009	0.00069583370600803	-0.000107032491195725
99.968163	0.000697213910420287	-8.97988404770977e-05
89.115646	0.000700697791754473	-7.32664513010296e-05
79.415741	0.000699886081747926	-6.15734777780934e-05
70.793182	0.00070252777400343	-5.09077279528936e-05
63.082279	0.000707433925422213	-4.10631594296425e-05
56.241825	0.000711588355508106	-3.16182429207688e-05
50.112232	0.000709781202663701	-2.32298666216465e-05
44.671223	0.00071481223688442	-1.85174839313678e-05
39.808899	0.000719572336366017	-1.24639266599717e-05
35.488308	0.000722220183873458	-8.3450579896631e-06
31.629578	0.000724409862315605	-8.6671980594919e-07
28.187037	0.000726037282575397	-2.10883371438987e-08
25.120602	0.000729565995282285	3.88708206921384e-06
22.385418	0.00073231357970504	8.85830483303642e-06
19.955338	0.000734530379032354	7.85063217540387e-06
17.775894	0.000738242468034952	1.14965827650159e-05
15.846864	0.000742749264164164	9.76699468899753e-06
14.127493	0.000744905702316613	1.33611118366691e-05
12.587309	0.000744905185465166	1.44990114729042e-05
11.216775	0.000745702034185444	1.33724022457296e-05
9.9968166	0.000749331542102418	1.24124669303166e-05
8.9082127	0.000751402103447936	1.54398835999809e-05
7.9395623	0.000753107949594417	1.45156098113472e-05
7.0765615	0.000753563407258564	1.65985767630726e-05
6.3105822	0.000755485990572224	1.62690762481487e-05
5.6245475	0.000755118180248504	1.42989741894029e-05
5.0112233	0.000759266442479343	1.84484628544699e-05
4.4642835	0.00076105877048488	1.60451655805235e-05
3.9819033	0.000760385303646737	1.64958865315721e-05
3.5479143	0.000763301245562958	1.66563992520292e-05
3.1629577	0.000765450561862626	1.82122841667157e-05
2.818361	0.000768039664748147	1.60583301096607e-05
2.5112481	0.00076734084828553	1.57790623745993e-05
2.2398233	0.000767310087304793	1.69787110939229e-05
1.9950197	0.00076702415125088	1.74082792446149e-05
1.7775893	0.000769750268045771	1.5182395284476e-05
1.5846864	0.00077025474173436	1.93077389253132e-05
1.4122353	0.000771656837150613	1.92371889760485e-05
1.2582541	0.000773081213192518	1.88623541655229e-05
1.1224822	0.000772251378569868	1.93899858378449e-05
1.0000616	0.00077538284295522	2.00453723692468e-05
0.89082122	0.00077729092873678	1.91385868566995e-05
0.79444051	0.000777886028156439	1.95516428665775e-05
0.70784986	0.000779719866050127	2.33837154029243e-05
0.63126236	0.000781204912648064	2.2529780114006e-05
0.562536	0.000784499584583747	2.13472453526944e-05
0.50118715	0.000781816023411225	2.27112134840273e-05
0.44642836	0.000785156856734744	2.2866763364962e-05
0.39821118	0.000785572434693032	2.49647912397187e-05
0.35475865	0.000788484025181455	2.72583893607618e-05
0.31619295	0.00078994126636002	2.86126067842279e-05
0.2819173	0.00079254588262162	2.91019345795537e-05
0.25117323	0.000790512382944592	2.95397561618833e-05
0.22391155	0.000794686538960712	3.04496282071143e-05
0.19957349	0.000795748044805724	3.07390226005548e-05
0.17779917	0.000799845553100521	3.32652796736375e-05
0.15846863	0.000801221820510357	3.3595836611596e-05
0.14123619	0.000802441234164953	3.60312860596309e-05
0.12590662	0.000806544884599091	3.72206839521936e-05
0.1122199	0.000806324124027778	4.118164307294e-05
0.10002181	0.000807707599699866	4.19331518055519e-05
