10002.226	0.00118321675936401	-0.00945066419085172
8914.9326	0.00114116789959658	-0.00846093558459519
7943.9951	0.00110480331142355	-0.00757215607797631
7081.583	0.00106827313334745	-0.00678110790321136
6307.7358	0.00103902466805068	-0.00606810340198951
5622.5879	0.00100470294015618	-0.00543208030621037
5011.603	0.000977489601088121	-0.00486365981191977
4466.4292	0.000954072839093787	-0.00435475903913385
3981.2773	0.000930065562671308	-0.00389752727438005
3548.8679	0.000906586162552665	-0.00349125581526941
3163.0398	0.000888046434930351	-0.00312782081000925
2819.0986	0.000871395578482671	-0.00279872956702758
2512.4104	0.000853899566526023	-0.00250621234744458
2239.2869	0.000838271655112485	-0.00224721636792185
1995.6381	0.000826892733832588	-0.0020127868508389
1778.2897	0.000813831062452708	-0.00180117790314612
1584.4927	0.000801644243899442	-0.00161630381860906
1412.7418	0.000790476971702318	-0.00144976851491123
1258.7905	0.000782356780169666	-0.00129867917736586
1121.7966	0.000771160702337871	-0.00116600315489956
999.68164	0.00076211387671652	-0.00104339582076118
891.42474	0.000752889946685345	-0.000939202615871214
794.23932	0.000747201020270698	-0.000842832243435
707.96161	0.000740218337446596	-0.000752763319103068
631.00977	0.000733042632642022	-0.000677822237038853
562.33929	0.000726963036440613	-0.000606699372503497
501.12231	0.000721296276560191	-0.000544446761704404
446.57214	0.000717258726551472	-0.000484779343170325
398.08899	0.000711489008094766	-0.000435289796353175
354.88681	0.000705439964312194	-0.000388366250449353
316.31589	0.000703017198186691	-0.000344988388280726
281.8942	0.000699792342836604	-0.000307362786927993
251.20601	0.000695779731513047	-0.000272825397601059
223.92496	0.000694320763610526	-0.00023893959313872
199.55338	0.00069447813816904	-0.000213830632299863
177.78128	0.000691967221878421	-0.000185071934131699
158.52898	0.000693152662945752	-0.000160875699677921
141.21979	0.00069353601969704	-0.000141537776757742
125.92673	0.000691274509808772	-0.000122427952322727
112.19009	0.000695543023563419	-0.000106111671982796
99.968163	0.000697530578016213	-8.86595505789302e-05
89.115646	0.000698457379201243	-7.63316839644865e-05
79.415741	0.000701834137790374	-6.24525235451518e-05
70.793182	0.00070273310902246	-5.02129182306097e-05
63.082279	0.000704593567551945	-4.04144127021789e-05
56.241825	0.000708763918370291	-3.18902109872144e-05
50.112232	0.000712465756662723	-2.40100518432684e-05
44.671223	0.000714079552606526	-1.84964149775855e-05
39.808899	0.00071747612958064	-1.14016560698282e-05
35.488308	0.000720087081009967	-7.12356735345884e-06
31.629578	0.000723750300469638	-1.5597193460977e-06
28.187037	0.000727215543373156	-1.61085028603706e-06
25.120602	0.000729575964219954	4.00996540231466e-06
22.385418	0.000732903525771736	6.15492107788973e-06
19.955338	0.000736781284042597	9.65162387918394e-06
17.775894	0.000738213382399676	1.3556361742622e-05
15.846864	0.000740812099200365	1.04073795629419e-05
14.127493	0.000743785696184877	1.09380318981094e-05
12.587309	0.000743893414765004	1.43564283084229e-05
11.216775	0.00074667050108171	1.24954500854242e-05
9.9968166	0.000751029860075184	1.33179842871846e-05
8.9082127	0.000752947998053502	1.57148829341744e-05
7.9395623	0.000751542741780219	1.45953139975617e-05
7.0765615	0.000754892948831044	1.75882574667409e-05
6.3105822	0.000755310503168947	1.68719111395632e-05
5.6245475	0.000758475654769615	1.47660223826154e-05
5.0112233	0.000759351607783035	1.66105771338849e-05
4.4642835	0.000760631657344256	1.6753399179226e-05
3.9819033	0.000760965775148211	1.69574697371829e-05
3.5479143	0.000763116040360648	1.68041423231199e-05
3.1629577	0.000765452309808838	1.82018002083572e-05
2.818361	0.000766325476093088	1.7276008047289e-05
2.5112481	0.000767384063202279	1.5484447132621e-05
2.2398233	0.000767992285046001	1.57147578766926e-05
1.9950197	0.000768470721515352	1.48695414870813e-05
1.7775893	0.000770667206045245	1.85416039560346e-05
1.5846864	0.000770807243884132	1.89668147844763e-05
1.4122353	0.000772593383920911	1.98558774279531e-05
1.2582541	0.000773864339230111	1.83549909981944e-05
1.1224822	0.000774921253336364	1.88331763703018e-05
1.0000616	0.000775150828237784	2.08858849229135e-05
0.89082122	0.000777384228586224	2.0462326473032e-05
0.79444051	0.00077937711013265	2.04269684103161e-05
0.70784986	0.000779562722475015	2.19275476922197e-05
0.63126236	0.000780022559714424	2.1795476993324e-05
0.562536	0.000781756027831936	2.12521657420539e-05
0.50118715	0.000784520160053571	2.3408693349919e-05
0.44642836	0.000786870894994479	2.26825881425856e-05
0.39821118	0.000787249305041182	2.49616544501199e-05
0.35475865	0.000786780022291948	2.59031758720678e-05
0.31619295	0.000790553817850763	2.88888026052858e-05
0.2819173	0.000792530822397877	2.90888155553993e-05
0.25117323	0.000791484546844679	2.98692792162424e-05
0.22391155	0.000796950608810352	3.0277657089735e-05
0.19957349	0.000796071318041847	3.15101791509274e-05
0.17779917	0.000798568381156624	3.3604884523908e-05
0.15846863	0.000801364424644462	3.55979926382118e-05
0.14123619	0.000802611170985657	3.81806813407199e-05
0.12590662	0.000804148841739816	4.01235618800485e-05
0.1122199	0.000806429794515965	4.01338016798316e-05
0.10002181	0.00080776111759563	4.36059861835177e-05
