10002.226	0.00116285830837439	-0.0096213435412114
8914.9326	0.00112369891882451	-0.00861391371385253
7943.9951	0.0010850551849736	-0.007711258900998
7081.583	0.00104977177610119	-0.0069017319327474
6307.7358	0.00101879676633317	-0.00617717233713576
5622.5879	0.000989005055871271	-0.0055291347335683
5011.603	0.000959782328948068	-0.00495191594346034
4466.4292	0.000936949944082368	-0.00443068109735336
3981.2773	0.000911472106056989	-0.00396713756783576
3548.8679	0.000890760412011489	-0.0035546927748876
3163.0398	0.00086963188623225	-0.00318471172982252
2819.0986	0.000851027166178217	-0.00285212884026445
2512.4104	0.000837287576550967	-0.00254995034698061
2239.2869	0.000822080086481573	-0.00228979016416751
1995.6381	0.000809749464139092	-0.00204827903974667
1778.2897	0.000795861505044672	-0.00183425830408855
1584.4927	0.000784229241949817	-0.00164254219555215
1412.7418	0.000770601769119508	-0.00147572445566727
1258.7905	0.000762379888384647	-0.00132258687769372
1121.7966	0.000753204327954053	-0.00118636995677633
999.68164	0.00074419990158982	-0.00106159483464892
891.42474	0.000736302808883645	-0.000956154382774026
794.23932	0.000729193772343792	-0.000856505621784307
707.96161	0.000721915608931428	-0.000767283380613399
631.00977	0.000714741791979136	-0.000688847846980088
562.33929	0.000706402817284715	-0.00061718719263695
501.12231	0.000702657008635427	-0.000552453376228189
446.57214	0.000697364485630571	-0.000496093064416585
398.08899	0.000693384424401576	-0.000442261785585155
354.88681	0.000686314105541381	-0.000395252032389625
316.31589	0.00068546497313269	-0.000350491601404129
281.8942	0.000682075884468636	-0.000313337496250594
251.20601	0.000677733803305231	-0.000277551993606403
223.92496	0.000677802891247448	-0.000244468108362758
199.55338	0.00067699091574063	-0.000217666625177738
177.78128	0.000674948387196554	-0.000189039855988204
158.52898	0.000674355649356681	-0.000164482492857172
141.21979	0.000674026418665329	-0.000144126052896418
125.92673	0.00067464699934043	-0.000124183038111378
112.19009	0.000675631578308521	-0.000106956645335818
99.968163	0.000680367671312645	-8.86324655045906e-05
89.115646	0.000682070989042711	-7.66997934122399e-05
79.415741	0.000683792300250785	-6.29243997555945e-05
70.793182	0.000683926073201798	-5.08506096883104e-05
63.082279	0.000686710445776471	-4.14116356090586e-05
56.241825	0.000691791891444353	-3.27551282158028e-05
50.112232	0.000693557292970323	-2.15578756933087e-05
44.671223	0.000695380908563957	-1.77487030489497e-05
39.808899	0.000700838605032198	-1.19415392779833e-05
35.488308	0.000703544136452962	-8.4729519544168e-06
31.629578	0.000706316667579631	-9.17362415571141e-07
28.187037	0.000707709328820668	-1.67635822513668e-06
25.120602	0.000711104887309456	4.45975362486126e-06
22.385418	0.000716258017676193	8.02148379457589e-06
19.955338	0.00071795887217606	7.90602932150315e-06
17.775894	0.000719967716553725	1.15894835243725e-05
15.846864	0.000723450759113046	1.11378844502461e-05
14.127493	0.000726778452467412	1.51411221350628e-05
12.587309	0.000728222084741118	1.39368145246673e-05
11.216775	0.00072877806332496	1.61844325342647e-05
9.9968166	0.000732549372161847	1.36530099040874e-05
8.9082127	0.000733362539881579	1.50536621273631e-05
7.9395623	0.000732940699125746	1.60278247339176e-05
7.0765615	0.000736466907421394	1.74783543234811e-05
6.3105822	0.00073896081455039	1.81090593835682e-05
5.6245475	0.000739565691407883	1.74360779364308e-05
5.0112233	0.000741879953592394	1.73935229812073e-05
4.4642835	0.000742968111487148	1.61927196506135e-05
3.9819033	0.000743404868363642	1.68342245331542e-05
3.5479143	0.000744974955451593	1.73861078309517e-05
3.1629577	0.000745371703009597	1.70582359565342e-05
2.818361	0.000747614552589893	1.70115871176933e-05
2.5112481	0.000749539980818588	1.73148339290502e-05
2.2398233	0.000747303751912522	1.79845974022775e-05
1.9950197	0.000750819839101726	1.66602802472785e-05
1.7775893	0.000752041385163546	1.86062097768856e-05
1.5846864	0.000753227788267352	1.83530599144315e-05
1.4122353	0.000755133496954291	1.86696211556004e-05
1.2582541	0.000756135156574353	1.82848978694912e-05
1.1224822	0.000756550251441337	2.07085986901375e-05
1.0000616	0.000757918847727714	1.87897650293048e-05
0.89082122	0.000755471148034642	2.11837786161705e-05
0.79444051	0.000760171054746695	1.98395622507279e-05
0.70784986	0.000760880229692977	2.26397252655803e-05
0.63126236	0.000762119618694255	2.36009304671931e-05
0.562536	0.000766145073285379	2.31185114832847e-05
0.50118715	0.000767812118579356	2.31376244305164e-05
0.44642836	0.000768100892841967	2.18960995170372e-05
0.39821118	0.000770135483753573	2.62720989449019e-05
0.35475865	0.000769581876354216	2.72475571821336e-05
0.31619295	0.000772080005430151	3.12297361284744e-05
0.2819173	0.000772968250647488	2.79111347050831e-05
0.25117323	0.000776053589094192	2.88165927179721e-05
0.22391155	0.000776901272608659	3.20192123417776e-05
0.19957349	0.000778694798245789	3.27038435702305e-05
0.17779917	0.000779137774947446	3.51353493577303e-05
0.15846863	0.000782909461690088	3.64437648695309e-05
0.14123619	0.000784250430444401	3.86083988253058e-05
0.12590662	0.00078837512764399	4.00407250547919e-05
0.1122199	0.000789263066021235	4.07836791938434e-05
0.10002181	0.000792806250161331	4.16937934889676e-05
