10002.226	0.00116388215339824	-0.00962337458650955
8914.9326	0.00112419835144401	-0.00861279320216495
7943.9951	0.00108631889391162	-0.00770961376281946
7081.583	0.00105087367666366	-0.00690256277567963
6307.7358	0.00102015285391371	-0.00617703195757963
5622.5879	0.000988685399733782	-0.00553067558587809
5011.603	0.000961589034583472	-0.00495186239609071
4466.4292	0.000935851113375201	-0.00443146255152524
3981.2773	0.000910503629062893	-0.00396782778475247
3548.8679	0.000888618763536502	-0.00355403794198025
3163.0398	0.00087091369871366	-0.0031831706210917
2819.0986	0.000854323900719393	-0.0028505310923657
2512.4104	0.000837855085078121	-0.00255231590808465
2239.2869	0.000821786948561323	-0.00228762333988175
1995.6381	0.00080769793760907	-0.00204846827225265
1778.2897	0.000797857609003944	-0.00183709420106954
1584.4927	0.00078328181108591	-0.00164441818378064
1412.7418	0.00077239328007899	-0.00147504789846615
1258.7905	0.000762808317508229	-0.00132336614655313
1121.7966	0.00075645330041924	-0.00118744875856738
999.68164	0.000745677154504486	-0.00106325702204437
891.42474	0.000737630567018816	-0.000955466348464587
794.23932	0.000730789917999479	-0.000858699080249962
707.96161	0.000720394514821144	-0.000767646016800043
631.00977	0.000714766733799216	-0.000688542808325261
562.33929	0.000711181036657256	-0.000616526621196385
501.12231	0.000702100454577763	-0.00055365970227673
446.57214	0.000696611405435296	-0.000493322646226797
398.08899	0.00069276141454798	-0.000444242199786277
354.88681	0.000687050259111354	-0.000395320519450619
316.31589	0.000685916720388684	-0.000351725677219804
281.8942	0.000682109521347028	-0.000311882846035872
251.20601	0.000677882831207294	-0.00027777431882511
223.92496	0.000676231486476678	-0.000245168522549257
199.55338	0.000676614400253407	-0.000215158952890571
177.78128	0.000673963317206057	-0.000189658090460744
158.52898	0.00067647392373055	-0.000165735929309942
141.21979	0.00067298532843322	-0.000144282596525303
125.92673	0.000674833753279057	-0.000124909393247944
112.19009	0.000677318740899419	-0.000108432985791063
99.968163	0.000679383104357403	-8.88937744162563e-05
89.115646	0.000680441850954704	-7.78153346635504e-05
79.415741	0.000681258537190502	-6.42075158892745e-05
70.793182	0.000684752186018179	-5.07089496802614e-05
63.082279	0.000688631337570431	-4.1869297998517e-05
56.241825	0.000691528679018423	-3.23294678038145e-05
50.112232	0.000694255526350747	-2.56211471063779e-05
44.671223	0.000698187218364384	-1.84154430677119e-05
39.808899	0.00070143468077971	-1.10603974048363e-05
35.488308	0.000703989088949112	-1.00809858260907e-05
31.629578	0.000705281655377315	-2.60254312028276e-06
28.187037	0.000710190613467787	1.08061209964642e-06
25.120602	0.000712491255324516	3.46615088705034e-06
22.385418	0.000716301780865822	7.02034519252234e-06
19.955338	0.00071699179478578	1.1098037603841e-05
17.775894	0.000720911929827012	1.3431660021709e-05
15.846864	0.000726514532285799	1.02491454355549e-05
14.127493	0.000723990508213565	1.27278169240154e-05
12.587309	0.00072774662119674	1.44255199407001e-05
11.216775	0.000729493447924811	1.48852555912771e-05
9.9968166	0.000732002373800047	1.41890388956679e-05
8.9082127	0.000733845034817605	1.55644934190349e-05
7.9395623	0.000733483358746822	1.41904011741407e-05
7.0765615	0.000737076204412142	1.58100413071776e-05
6.3105822	0.000737494160816599	1.63138437700055e-05
5.6245475	0.000739180031324348	1.40404532771878e-05
5.0112233	0.00074067804035724	2.04195763134405e-05
4.4642835	0.000743806511394995	1.63602069763679e-05
3.9819033	0.000742330205709687	1.63998095380073e-05
3.5479143	0.000743451611687035	1.62683352159848e-05
3.1629577	0.000744976595898649	1.75875263222605e-05
2.818361	0.000747001174598557	1.79833719580155e-05
2.5112481	0.000747971851527651	1.58308275979455e-05
2.2398233	0.000751266436223072	1.73284674690331e-05
1.9950197	0.000750705513189086	1.85442557259026e-05
1.7775893	0.000751002411761283	1.60554566121218e-05
1.5846864	0.000754877519738458	1.73654879664098e-05
1.4122353	0.000753003474689678	1.71587665154192e-05
1.2582541	0.000753339733827031	1.90396064645134e-05
1.1224822	0.000756397860932239	2.05915585823235e-05
1.0000616	0.000756874609695258	2.00607235093804e-05
0.89082122	0.000760388124826447	2.1235718089565e-05
0.79444051	0.000760018908434599	2.1415401222713e-05
0.70784986	0.000762235468114541	2.15837515968192e-05
0.63126236	0.000764368410722763	2.34552366532665e-05
0.562536	0.000763489808515768	2.53114082228269e-05
0.50118715	0.000766030448874824	2.4100977783746e-05
0.44642836	0.000768150415113478	2.3984182690046e-05
0.39821118	0.000770014840913719	2.54835317834704e-05
0.35475865	0.000770826802475882	2.67505752965342e-05
0.31619295	0.000771444970410568	2.87684364879715e-05
0.2819173	0.000773019054422255	2.8649785627803e-05
0.25117323	0.000775925158148273	2.9388083997028e-05
0.22391155	0.000778938732302694	3.26419456279977e-05
0.19957349	0.000778141351270295	3.23317772999304e-05
0.17779917	0.000781294436934188	3.34277293675772e-05
0.15846863	0.000782009861089945	3.66079448928442e-05
0.14123619	0.000784583102599597	3.75860489046335e-05
0.12590662	0.000788861779441294	3.92360046111998e-05
0.1122199	0.000789322865299688	4.30963558604817e-05
0.10002181	0.000791679182453479	4.2717720416608e-05
