10002.226	0.00116428818722171	-0.0096218973280628
8914.9326	0.00112261557191137	-0.00861432655618782
7943.9951	0.00108697905507786	-0.00770900346492827
7081.583	0.00105059218269227	-0.00690057232335097
6307.7358	0.00102148153557433	-0.00617406358384024
5622.5879	0.000986176912495064	-0.00552916411610681
5011.603	0.000960136477838729	-0.00495158933479391
4466.4292	0.000935159715058952	-0.00443285101015166
3981.2773	0.000910294101311722	-0.00396818185316574
3548.8679	0.000888959763767328	-0.00355584443263999
3163.0398	0.000871487782292092	-0.00318446181866197
2819.0986	0.000853843448044214	-0.00284924680284782
2512.4104	0.000835908978873351	-0.00255306868920652
2239.2869	0.000822083613740378	-0.0022875207199133
1995.6381	0.000808701941630445	-0.00204664904440925
1778.2897	0.000796860983493251	-0.00183552321500827
1584.4927	0.000784062437567554	-0.0016452940691293
1412.7418	0.000771206889337125	-0.00147559235101962
1258.7905	0.000764305516330291	-0.00132158810363138
1121.7966	0.000753417172513245	-0.00118659421900497
999.68164	0.000743716036696483	-0.00106133312371402
891.42474	0.000736340105610542	-0.000954339557079727
794.23932	0.000730369960030605	-0.00085634554970693
707.96161	0.000723101716200739	-0.000768375188088237
631.00977	0.000715287582191783	-0.000690158358622704
562.33929	0.000709173210050385	-0.000616864557976394
501.12231	0.000702843085474103	-0.000551861576532112
446.57214	0.000697601656700084	-0.000495222631255895
398.08899	0.000692420821101126	-0.000442260568966241
354.88681	0.000688744392832428	-0.000394492033629045
316.31589	0.000686695662896349	-0.000351608166556383
281.8942	0.000680673822044377	-0.000314099286747953
251.20601	0.000679469045757635	-0.000277933940696019
223.92496	0.00067734830744971	-0.000244625351193551
199.55338	0.000675423745570327	-0.000217421387898766
177.78128	0.000674218463287596	-0.000189397601203327
158.52898	0.000674932942330757	-0.000164232403407282
141.21979	0.000674737650449062	-0.000145051543566054
125.92673	0.00067267301995247	-0.000125089224299559
112.19009	0.000675948849649392	-0.000109435218947675
99.968163	0.000679307349382513	-9.02392553782555e-05
89.115646	0.000681636865509984	-7.55158790753e-05
79.415741	0.000684028936848375	-6.40091409044206e-05
70.793182	0.000686297135345336	-5.20501732544373e-05
63.082279	0.000687971357855072	-4.24665091676719e-05
56.241825	0.000691528809752464	-3.22265255046572e-05
50.112232	0.000694267507700097	-2.33724675555132e-05
44.671223	0.000696135058273894	-1.84361307564446e-05
39.808899	0.000700647159044448	-1.31581734661629e-05
35.488308	0.000704938722128214	-6.37247723009115e-06
31.629578	0.000706915130802717	-4.53434006850133e-06
28.187037	0.000710574133724614	9.86784053764909e-07
25.120602	0.000711120633557996	3.0076238637735e-06
22.385418	0.000715615570810759	7.96285614322851e-06
19.955338	0.000718500329072294	8.39578638890261e-06
17.775894	0.000719823215544337	1.04889103885516e-05
15.846864	0.000723165075245776	1.29335475566119e-05
14.127493	0.000726057221488598	1.28245829307392e-05
12.587309	0.000726778219964003	1.39173644328068e-05
11.216775	0.00072819539222307	1.39461967873171e-05
9.9968166	0.00073230091757036	1.33515799299284e-05
8.9082127	0.000732462928367383	1.54678362313534e-05
7.9395623	0.000734180981342001	1.75118289140154e-05
7.0765615	0.00073678891223082	1.78828326486502e-05
6.3105822	0.000738446064810302	1.57076535093945e-05
5.6245475	0.000740305707244373	1.62605463545399e-05
5.0112233	0.000741341824442136	1.6881087955624e-05
4.4642835	0.000742950335287331	1.66238843972263e-05
3.9819033	0.000743649332346537	1.67328250969096e-05
3.5479143	0.000745526513102661	1.71332062965369e-05
3.1629577	0.000745919741141592	1.71381436961275e-05
2.818361	0.000748152451635059	1.61368641565095e-05
2.5112481	0.000749569664186059	1.80490510898223e-05
2.2398233	0.000748375358516517	1.68774441408307e-05
1.9950197	0.000750071486909838	1.74542143298019e-05
1.7775893	0.000751312404643311	1.92449524071739e-05
1.5846864	0.000752195738069227	1.78290871907442e-05
1.4122353	0.000754346637371124	1.97841850379684e-05
1.2582541	0.000754544266414146	1.89689113884124e-05
1.1224822	0.000755947674380552	1.98305506847046e-05
1.0000616	0.000758551374426385	2.00345454920679e-05
0.89082122	0.000760819166210608	2.01614602896817e-05
0.79444051	0.000760193007810437	2.07069238685657e-05
0.70784986	0.00076228391264405	2.16938851119619e-05
0.63126236	0.000763274205860835	2.30457489497296e-05
0.562536	0.00076309586578463	2.21257261899154e-05
0.50118715	0.000764813665989488	2.36896852298887e-05
0.44642836	0.000767717445016329	2.40433165847501e-05
0.39821118	0.000768379607155671	2.68505564651272e-05
0.35475865	0.000770675200376622	2.74786455943027e-05
0.31619295	0.000771786607078162	2.77904818343208e-05
0.2819173	0.000774858857096788	2.88385834241219e-05
0.25117323	0.000775259837649168	2.95637916959152e-05
0.22391155	0.000778000349492782	3.03927682070048e-05
0.19957349	0.00077920384935943	3.38879784977199e-05
0.17779917	0.000781474422704096	3.4027995383724e-05
0.15846863	0.000782077069040442	3.55587126956218e-05
0.14123619	0.000783739835819749	3.82295295946618e-05
0.12590662	0.000787899293429516	3.99069338271358e-05
0.1122199	0.000791019083170489	4.20684271578612e-05
0.10002181	0.000790979528487178	4.25596549115769e-05
