10002.226	0.0011662935552908	-0.00962282273119073
8914.9326	0.00112232212912937	-0.00861292607256161
7943.9951	0.00108643241515898	-0.0077084591487215
7081.583	0.00105126085531854	-0.00690236320144094
6307.7358	0.0010205953517256	-0.00617649172621409
5622.5879	0.000987729956662575	-0.00553136602601472
5011.603	0.000959521639697904	-0.0049517362553076
4466.4292	0.000936702284865343	-0.00443222167038374
3981.2773	0.000911310981740741	-0.00396989601432366
3548.8679	0.000888253045126157	-0.00355529627210299
3163.0398	0.000869602701657483	-0.00318364970149359
2819.0986	0.000852463331367377	-0.00284888335972704
2512.4104	0.000835507893654233	-0.00255100260872109
2239.2869	0.000819511308972807	-0.00228610960437466
1995.6381	0.000809160675260205	-0.00204966113097014
1778.2897	0.00079684030455961	-0.00183431627518954
1584.4927	0.000784510044613093	-0.00164590486913348
1412.7418	0.000772441071816888	-0.00147517416857674
1258.7905	0.00076358496663683	-0.00132229855159176
1121.7966	0.000754001533230797	-0.00118604775402342
999.68164	0.00074484172853657	-0.00106387665696296
891.42474	0.000737950556646049	-0.000954062151658696
794.23932	0.00073048158675576	-0.00085966999819776
707.96161	0.00072131264178994	-0.000767972986665402
631.00977	0.000714760909626783	-0.000690277852621374
562.33929	0.000710100917711465	-0.000617085065487098
501.12231	0.00070285273313877	-0.00055220746484722
446.57214	0.000699762361984163	-0.000495928308887091
398.08899	0.000690844704933623	-0.000443386393452411
354.88681	0.00068834308611214	-0.000394832940239716
316.31589	0.000685930380892028	-0.000350522740312574
281.8942	0.000682105417195152	-0.000314204992323805
251.20601	0.000676655250839059	-0.00027696664374611
223.92496	0.000677177714963059	-0.00024384421899952
199.55338	0.000674611738020408	-0.000217792240362167
177.78128	0.000673674430118468	-0.000187756494160709
158.52898	0.000676775331059705	-0.000163932741997683
141.21979	0.0006762962971785	-0.000144203937859341
125.92673	0.000673553996400166	-0.000125330807476992
112.19009	0.000676999086887201	-0.000106571493644909
99.968163	0.000678873561328808	-9.03975077896516e-05
89.115646	0.000679962826866312	-7.49627966711023e-05
79.415741	0.000683518970967584	-6.44714772979364e-05
70.793182	0.000684988971548239	-5.35739875415849e-05
63.082279	0.000688715020325311	-4.20243081820683e-05
56.241825	0.000694160412003585	-3.16171872042896e-05
50.112232	0.00069514953550623	-2.46532386072408e-05
44.671223	0.000697335031145148	-1.97314399581488e-05
39.808899	0.000700188512708813	-1.39195455356726e-05
35.488308	0.000703003602778803	-7.84741657875579e-06
31.629578	0.000705434482144331	-2.99769434626552e-06
28.187037	0.000708531017803077	1.2549682662574e-06
25.120602	0.000710903773564072	4.5149461327357e-06
22.385418	0.000714021313683008	5.61670990993474e-06
19.955338	0.000717182463739901	8.12968787519415e-06
17.775894	0.00072048535207881	1.30000457087233e-05
15.846864	0.000723181141895489	1.26302625361839e-05
14.127493	0.000725274125022968	1.4034257188663e-05
12.587309	0.000727809659623406	1.34230467570329e-05
11.216775	0.00072807722268393	1.38896749524779e-05
9.9968166	0.000732689095386123	1.52342998929285e-05
8.9082127	0.000735138542063731	1.59041020267946e-05
7.9395623	0.000732675067268965	1.65580719481849e-05
7.0765615	0.000736841177617199	1.58714433578072e-05
6.3105822	0.000738807909240921	1.72568864877146e-05
5.6245475	0.000738943855423184	1.70226652793167e-05
5.0112233	0.00074026028854688	1.73109860460314e-05
4.4642835	0.000742711756575107	1.77640383534186e-05
3.9819033	0.000742219853666784	1.56894604933001e-05
3.5479143	0.000746206306865206	1.86774696061451e-05
3.1629577	0.000747414529654426	1.75357029896553e-05
2.818361	0.000747016329757668	1.80275394180537e-05
2.5112481	0.000749591476328543	1.66117894666248e-05
2.2398233	0.00074940765892539	1.65960012692263e-05
1.9950197	0.000751368389059551	1.72535893151129e-05
1.7775893	0.000750397560408757	1.68297159279934e-05
1.5846864	0.000754708163308169	1.80778028636438e-05
1.4122353	0.000755054157407834	1.81929509081131e-05
1.2582541	0.00075513619317722	1.90734748260454e-05
1.1224822	0.000757176545513481	1.99259527023839e-05
1.0000616	0.000758213097518833	2.05280669152583e-05
0.89082122	0.00076173309040545	1.94901357205766e-05
0.79444051	0.000761000630671867	1.96690499957915e-05
0.70784986	0.000760396386017051	2.27087629795601e-05
0.63126236	0.000765380861526057	2.18237204766032e-05
0.562536	0.000765010743049579	2.20272355125898e-05
0.50118715	0.000764512075175633	2.35485646621876e-05
0.44642836	0.000768519091808813	2.55580688242723e-05
0.39821118	0.000770207220600713	2.5649975594154e-05
0.35475865	0.000769553246225303	2.54634146357843e-05
0.31619295	0.00077145229957337	2.86253941386814e-05
0.2819173	0.000773178643752392	2.93610177596122e-05
0.25117323	0.000774243387302907	3.00810464868965e-05
0.22391155	0.000777120812987237	3.35481611209463e-05
0.19957349	0.000779435773157459	3.13449579313801e-05
0.17779917	0.000780978510325432	3.33884457076278e-05
0.15846863	0.000782357060008208	3.62057752202201e-05
0.14123619	0.000784511457359957	3.60585330444066e-05
0.12590662	0.000787877864771344	4.04054155516034e-05
0.1122199	0.000788631865529514	4.00381031187086e-05
0.10002181	0.00079163466765281	4.24395480972389e-05
