10002.226	0.00116340144471199	-0.009622709253396
8914.9326	0.00112327952361837	-0.00861485893870389
7943.9951	0.00108572710618119	-0.00770777587239156
7081.583	0.00105277035568823	-0.00690282182509281
6307.7358	0.00101882357840353	-0.00617735249745267
5622.5879	0.000987389499884152	-0.00552986682001167
5011.603	0.000962566482900869	-0.00495259848164173
4466.4292	0.000934900747325702	-0.00443242483697358
3981.2773	0.000912607956435934	-0.00396934670914234
3548.8679	0.000889863980556401	-0.00355292223176264
3163.0398	0.000871516333240226	-0.00318216937511575
2819.0986	0.00085343888153934	-0.00284867280318401
2512.4104	0.000835187726066687	-0.00255314844411645
2239.2869	0.000820855045321456	-0.00228803052251194
1995.6381	0.000808959050086225	-0.00204826428856632
1778.2897	0.000796913932950795	-0.001835903391869
1584.4927	0.000783048220590158	-0.00164652436446438
1412.7418	0.000769485639301956	-0.00147377933796761
1258.7905	0.00076325309472876	-0.00132200195851679
1121.7966	0.000753336695579158	-0.00118544442022207
999.68164	0.000742332733322416	-0.00106177183735422
891.42474	0.000737409621593742	-0.000956487135765317
794.23932	0.000731038963681617	-0.000856989247222149
707.96161	0.000719871834520868	-0.000766946891249126
631.00977	0.000715773318127803	-0.00068729977381338
562.33929	0.000708057520978779	-0.000617698119186931
501.12231	0.000702589350309103	-0.00055295425234502
446.57214	0.000697417160839321	-0.000493594589217508
398.08899	0.000691857211090872	-0.000443081910458461
354.88681	0.000688192080734571	-0.000395942781880322
316.31589	0.000684693941808487	-0.000351113156310858
281.8942	0.000683065343089596	-0.000314825796618802
251.20601	0.000678054816150222	-0.000275510148576768
223.92496	0.000676897759901324	-0.000244593837154228
199.55338	0.000677198185010519	-0.000217633135614498
177.78128	0.000677381159969063	-0.0001880557256498
158.52898	0.000673850040746457	-0.000164463030256163
141.21979	0.000674331920955112	-0.00014474688612338
125.92673	0.000675518654918643	-0.000123495047648328
112.19009	0.000677459859927509	-0.000105821592056495
99.968163	0.000678147618228129	-9.17531585968095e-05
89.115646	0.000681869060897846	-7.6730511626601e-05
79.415741	0.000683278900808362	-6.19545199402744e-05
70.793182	0.000684758492702469	-5.17881131680353e-05
63.082279	0.00068806764699038	-4.16245302707201e-05
56.241825	0.000691113225855754	-3.31308413804544e-05
50.112232	0.00069248972023517	-2.15513842759183e-05
44.671223	0.000696775473752487	-1.72821441586143e-05
39.808899	0.000700024458489242	-1.35255232933433e-05
35.488308	0.000704225126190153	-8.53397562309421e-06
31.629578	0.000706959347914946	-6.66794857066419e-07
28.187037	0.000709579420748244	1.1253781551367e-06
25.120602	0.000709516808708918	4.01919320998442e-06
22.385418	0.000713697012588732	7.92533674802824e-06
19.955338	0.000717921235342357	7.18124903323254e-06
17.775894	0.000722262925305803	1.03967322684657e-05
15.846864	0.000723438529613647	9.04790469785941e-06
14.127493	0.000725438855876646	1.44565411777145e-05
12.587309	0.000726895575049026	1.50027809056815e-05
11.216775	0.000728443517515707	1.43250043487959e-05
9.9968166	0.00073236371509974	1.36394477461193e-05
8.9082127	0.000732404380257074	1.54435911846432e-05
7.9395623	0.000734374344985676	1.66150670307256e-05
7.0765615	0.000737943041377946	1.7161942864225e-05
6.3105822	0.000736997655009394	1.71674436911135e-05
5.6245475	0.000738806270410474	1.64756769112872e-05
5.0112233	0.000741013291340768	1.8966638048333e-05
4.4642835	0.000744145706393972	1.89035057203145e-05
3.9819033	0.000741995048103821	1.74964137860235e-05
3.5479143	0.000743520854605247	1.88749152545745e-05
3.1629577	0.000745125017757322	1.60916949402295e-05
2.818361	0.000748542192695776	1.56950528209613e-05
2.5112481	0.000749048205113739	1.60275940735052e-05
2.2398233	0.000748445490014571	1.82616597394728e-05
1.9950197	0.000750416145504649	1.90711343510271e-05
1.7775893	0.000752694273753861	1.64694623876557e-05
1.5846864	0.000753581110288669	1.79809766595431e-05
1.4122353	0.000752880953477091	2.00321382510332e-05
1.2582541	0.000754506887496576	1.8991504906109e-05
1.1224822	0.000755593324833852	1.7946124877174e-05
1.0000616	0.000757326256488431	2.07695542077756e-05
0.89082122	0.000760060166439322	2.00542930255518e-05
0.79444051	0.000760323498768976	2.22268243067294e-05
0.70784986	0.000761994595710215	2.06033148352147e-05
0.63126236	0.000763013587091152	2.29696354990822e-05
0.562536	0.00076539421693539	2.37708153932375e-05
0.50118715	0.000765572152671868	2.26955298292187e-05
0.44642836	0.00076905283169817	2.34678350603666e-05
0.39821118	0.00076934426457855	2.50377837969907e-05
0.35475865	0.000770392543049624	2.68453064228427e-05
0.31619295	0.000771648382137245	2.89217073116896e-05
0.2819173	0.000774405288596652	2.88086557274405e-05
0.25117323	0.000773995512355784	2.98920523818264e-05
0.22391155	0.000777745753667558	2.99502467520917e-05
0.19957349	0.00077905110150136	3.17778032934507e-05
0.17779917	0.000780650847349522	3.54608890572071e-05
0.15846863	0.000783459605966314	3.61058024883412e-05
0.14123619	0.000783947335935125	3.74216688507738e-05
0.12590662	0.000789139574747569	3.8395079928145e-05
0.1122199	0.000788142277561719	3.91589808737336e-05
0.10002181	0.000791183132496316	4.29119313490922e-05
