10002.226	0.00118641753100425	-0.00947035298685538
8914.9326	0.00114647913484468	-0.00848016680708809
7943.9951	0.00110740287634109	-0.00758974524068002
7081.583	0.00107196533381883	-0.00679458820054622
6307.7358	0.00104182208431842	-0.00607849703237872
5622.5879	0.00101031079040375	-0.00544257496556546
5011.603	0.000984083771385244	-0.00487490294939532
4466.4292	0.000957210639372361	-0.00436291300158166
3981.2773	0.000933977039168035	-0.00390346460880914
3548.8679	0.000911219215262615	-0.00349762348560793
3163.0398	0.000891194349694738	-0.00313217391619952
2819.0986	0.000873637713392437	-0.00280527960981974
2512.4104	0.000857348469098713	-0.00251317318830618
2239.2869	0.000844108421114614	-0.00225149925627943
1995.6381	0.000831112212579765	-0.00201704913117896
1778.2897	0.000818855724414716	-0.00180738468828805
1584.4927	0.000806208656474701	-0.00161984140519734
1412.7418	0.000793546761392007	-0.00145152096058095
1258.7905	0.000783916778515766	-0.00130271925345095
1121.7966	0.000776776228908571	-0.00116613896111618
999.68164	0.000765906211521586	-0.00104604574593209
891.42474	0.000755821211184811	-0.000939954345160212
794.23932	0.000750738561847408	-0.000845429011707128
707.96161	0.000743199943505102	-0.000755768390815007
631.00977	0.000737934774255201	-0.000679609998997343
562.33929	0.000731036721005548	-0.000606716672508546
501.12231	0.000725880858879541	-0.00054516923772673
446.57214	0.000719210533707488	-0.000486289183943283
398.08899	0.000714041162359351	-0.000436996106640682
354.88681	0.000710737497893456	-0.000388162051860062
316.31589	0.000707520515675167	-0.000346362805246604
281.8942	0.000704184801295824	-0.000308473790168475
251.20601	0.000700771985327322	-0.000273272524599959
223.92496	0.000698658060390156	-0.000241775944708677
199.55338	0.00069783293880324	-0.000213810580655184
177.78128	0.000698018934027528	-0.00018605582556828
158.52898	0.00069577182491471	-0.00016141545555401
141.21979	0.000697465680367521	-0.000140927381737048
125.92673	0.000696726213545506	-0.000122279159698949
112.19009	0.000698986419030845	-0.000107534386029339
99.968163	0.000701690988664681	-8.81678124573488e-05
89.115646	0.000704156709274456	-7.5867511336391e-05
79.415741	0.000705389806579935	-6.27905181655676e-05
70.793182	0.000709009552634946	-5.18246985433136e-05
63.082279	0.000710040627381289	-3.9901727676356e-05
56.241825	0.000714769371287318	-3.07717381010388e-05
50.112232	0.000716997990711567	-2.39416854161541e-05
44.671223	0.000719076380467649	-1.73021916876964e-05
39.808899	0.000719853719106645	-1.41937584813849e-05
35.488308	0.000724740090069545	-8.28518691005394e-06
31.629578	0.000728408833012564	-1.65331806858513e-06
28.187037	0.00073018122425443	1.1114787257329e-06
25.120602	0.000733506015163018	3.10342739935816e-06
22.385418	0.000737310744687411	9.78406375811742e-06
19.955338	0.000739899418109733	8.3450778487182e-06
17.775894	0.000741855349749161	1.08940500503048e-05
15.846864	0.000746765703009615	1.01598481134189e-05
14.127493	0.000748227509947306	1.15590779229784e-05
12.587309	0.000749748640221395	1.25511120798551e-05
11.216775	0.000751975570660775	1.47193973973398e-05
9.9968166	0.00075433353001317	1.49068030091586e-05
8.9082127	0.000754370170019577	1.59559696483121e-05
7.9395623	0.000756201036999487	1.42564184066276e-05
7.0765615	0.000759352536420033	1.68101103633639e-05
6.3105822	0.000760830215406996	1.62141613661407e-05
5.6245475	0.000760789619810518	1.69199381290774e-05
5.0112233	0.000764928369315486	1.90549070852781e-05
4.4642835	0.000766704547975687	1.57331400081684e-05
3.9819033	0.000766551868472286	1.68677189670135e-05
3.5479143	0.000768791426630766	1.77919154466838e-05
3.1629577	0.000768905160590266	1.695590154833e-05
2.818361	0.000770807263182933	1.83364384195652e-05
2.5112481	0.000771303385220822	1.5664279173039e-05
2.2398233	0.000770709239888327	1.54672016117539e-05
1.9950197	0.000770775558341456	1.80980054724979e-05
1.7775893	0.000773280712312262	1.9725934185613e-05
1.5846864	0.000775394946580818	1.80102147538679e-05
1.4122353	0.000776374077888022	2.03728725202605e-05
1.2582541	0.000776563694956809	1.85985930051924e-05
1.1224822	0.000778151420635998	1.97503236908377e-05
1.0000616	0.000779132161231544	1.8853254611095e-05
0.89082122	0.000780373236458157	2.1625418678722e-05
0.79444051	0.00078190276667203	2.08759104501767e-05
0.70784986	0.000782961697705287	1.95008838076235e-05
0.63126236	0.00078459057101033	2.0088410731918e-05
0.562536	0.00078630539646918	2.22720737902601e-05
0.50118715	0.000788726964857858	2.21688509605679e-05
0.44642836	0.000789887107622407	2.44019540820778e-05
0.39821118	0.000791683095259163	2.4631353816323e-05
0.35475865	0.000794211436724579	2.8039669090498e-05
0.31619295	0.000793762001310376	2.76283473237576e-05
0.2819173	0.000797082543489901	2.67233689916921e-05
0.25117323	0.000796454231609085	2.90030718606939e-05
0.22391155	0.000799466754353529	3.18416394325321e-05
0.19957349	0.000800579044935028	3.05686599743502e-05
0.17779917	0.000801943741585845	3.34657464830353e-05
0.15846863	0.000804598232211787	3.46910657449242e-05
0.14123619	0.000806181300530322	3.73164871171025e-05
0.12590662	0.000810262894480552	3.78431799566895e-05
0.1122199	0.000813119305935403	4.11070790195926e-05
0.10002181	0.000812743302667651	4.28546089108467e-05
