10002.226	0.00117866483503908	-0.00959072072401305
8914.9326	0.00113780981219579	-0.00858553006339977
7943.9951	0.0010999830106577	-0.00768472468355309
7081.583	0.00106690930620883	-0.00687774299694469
6307.7358	0.00103553835880546	-0.00615359571346674
5622.5879	0.00100300779895008	-0.00551073483406314
5011.603	0.000973132006502105	-0.00493593139186705
4466.4292	0.000951244106890027	-0.00441681660228876
3981.2773	0.00092531052409898	-0.00395567442547657
3548.8679	0.000902613951394771	-0.00354188440667805
3163.0398	0.000884677670956878	-0.00317041003240974
2819.0986	0.00086858232286402	-0.00283841120364738
2512.4104	0.000852315066103929	-0.00254517240705551
2239.2869	0.000836230901316646	-0.0022807231152387
1995.6381	0.000823385675689522	-0.00204295798299897
1778.2897	0.000811858303310457	-0.00182977722618475
1584.4927	0.000799274223049573	-0.0016431472559061
1412.7418	0.000786326103731351	-0.0014709593539578
1258.7905	0.000777395834281271	-0.00131682904976969
1121.7966	0.000767718709427552	-0.00118090737544105
999.68164	0.000759969710839362	-0.00106044596107716
891.42474	0.000752380214621555	-0.000951556046371035
794.23932	0.000744709595358857	-0.000855865551937431
707.96161	0.000737408775597973	-0.000765166145713915
631.00977	0.000731459558917225	-0.000688696332079394
562.33929	0.000723768582408733	-0.000613510442789781
501.12231	0.000718647168791455	-0.00055110692759829
446.57214	0.000710680723258642	-0.000492423098516264
398.08899	0.000705720460998771	-0.00044198567572403
354.88681	0.000704015534886428	-0.000393698329562313
316.31589	0.000702005729953645	-0.000349870412570404
281.8942	0.000696899676013811	-0.000312276033094133
251.20601	0.000692797549901012	-0.000275229096143517
223.92496	0.000693793504531136	-0.000244370158083146
199.55338	0.000692957160217309	-0.000215822716143062
177.78128	0.000690232197266068	-0.00018804111758428
158.52898	0.000688204676536851	-0.00016191168396006
141.21979	0.000689120419146266	-0.000143274093713096
125.92673	0.000691029606784813	-0.000125478312359468
112.19009	0.000692347423661104	-0.000106544207543242
99.968163	0.000692116020380476	-8.82693129985091e-05
89.115646	0.000694708472314103	-7.68705747425364e-05
79.415741	0.000698583778373424	-6.41829469146349e-05
70.793182	0.000701215550572299	-5.17195562934741e-05
63.082279	0.000703246917023463	-3.96131573652708e-05
56.241825	0.000706161196258308	-3.36541617984757e-05
50.112232	0.000709577631719238	-2.31965741341815e-05
44.671223	0.000710501021380939	-1.66353520340778e-05
39.808899	0.000715327134401162	-1.4804899234582e-05
35.488308	0.000719172305021504	-6.5659148628584e-06
31.629578	0.000721650941965399	-3.27062530828497e-06
28.187037	0.00072320380573216	-3.76510114834117e-07
25.120602	0.00072821528955928	3.92426143128396e-06
22.385418	0.00073163096886238	6.35598868457363e-06
19.955338	0.000735317436244365	1.02242946749161e-05
17.775894	0.000735108893544484	1.06068366101802e-05
15.846864	0.000736189849136201	1.13978958835196e-05
14.127493	0.000740735733254083	1.36305328136388e-05
12.587309	0.000741102796608921	1.12829481160556e-05
11.216775	0.00074567011037876	1.32986424313581e-05
9.9968166	0.000746542610591531	1.34878665697257e-05
8.9082127	0.000750029764402071	1.71301984769711e-05
7.9395623	0.000750240202232195	1.76763588569632e-05
7.0765615	0.000751643431153551	1.81037173476924e-05
6.3105822	0.000753778726566677	1.53765702393404e-05
5.6245475	0.000756002786260689	1.64368590843126e-05
5.0112233	0.000755142724760638	1.65218841524825e-05
4.4642835	0.000758434334688509	1.61897441063569e-05
3.9819033	0.000759981708165799	1.5204956879716e-05
3.5479143	0.000759562315544343	1.78985279089149e-05
3.1629577	0.000762696556703303	1.82740134886548e-05
2.818361	0.000761891606389966	1.70585549427877e-05
2.5112481	0.000764011750953735	1.76529194739122e-05
2.2398233	0.000763612637220611	1.6478118956492e-05
1.9950197	0.000766584673530421	1.731371324171e-05
1.7775893	0.000765744057518982	1.66736626401348e-05
1.5846864	0.000767869995792438	1.81881523426469e-05
1.4122353	0.00076921163373793	1.75544025145399e-05
1.2582541	0.000771809246590712	2.01804994882204e-05
1.1224822	0.000770759359952301	1.755742686008e-05
1.0000616	0.000773496764190204	1.96099495061423e-05
0.89082122	0.000773636515606887	2.07149802673502e-05
0.79444051	0.00077495674585429	2.08825767868524e-05
0.70784986	0.000776153044709855	2.15483200009527e-05
0.63126236	0.000778547190851844	2.19827853830392e-05
0.562536	0.000778985969481255	2.28754998548407e-05
0.50118715	0.000779573839584466	2.26329632265353e-05
0.44642836	0.000783107040227474	2.46057862592734e-05
0.39821118	0.000784114942784695	2.60768889798512e-05
0.35475865	0.000784781175826646	2.60973818316218e-05
0.31619295	0.000786947569143624	2.69159146005063e-05
0.2819173	0.000787344281186092	2.72964786136471e-05
0.25117323	0.000790462955424727	2.89094612176864e-05
0.22391155	0.000790728659184108	3.08238470886557e-05
0.19957349	0.000794274485461096	3.14957476528606e-05
0.17779917	0.000793659439668006	3.53643607294156e-05
0.15846863	0.000798694722198651	3.62636918930585e-05
0.14123619	0.00080058129248845	3.78977906638211e-05
0.12590662	0.000801761398579813	3.79024910790044e-05
0.1122199	0.000804158938866145	4.11441076189926e-05
0.10002181	0.000807850605665916	4.16982032009989e-05
