10002.226	0.00118037636937508	-0.00958880936793365
8914.9326	0.00113900457642927	-0.00858487661695094
7943.9951	0.00110022767412537	-0.00768384217955727
7081.583	0.00106575638487741	-0.00687865026120087
6307.7358	0.00103685321438788	-0.00615479773432533
5622.5879	0.00100260954297412	-0.00551118531032958
5011.603	0.00097389609524212	-0.00493412366452177
4466.4292	0.000951196864567297	-0.004418312039897
3981.2773	0.000926465580420954	-0.0039544317756427
3548.8679	0.0009044601214554	-0.00354194582334395
3163.0398	0.000885303660218514	-0.00317271629641131
2819.0986	0.000867641623757058	-0.00284050569349291
2512.4104	0.000850301463835431	-0.00254249443519298
2239.2869	0.000835709826494783	-0.00227979937149787
1995.6381	0.000822188164722559	-0.00204165483087362
1778.2897	0.000810293562835994	-0.00183021417514338
1584.4927	0.000797982175719532	-0.00164015055996513
1412.7418	0.000787850761343368	-0.00146975171765182
1258.7905	0.000778554860033111	-0.00131859420498683
1121.7966	0.000769150766165463	-0.00118304038581862
999.68164	0.000758901908377027	-0.00106115932028616
891.42474	0.000751088432294397	-0.000951296469496417
794.23932	0.000744735857790121	-0.00085421755128812
707.96161	0.000735320693782628	-0.000765191149024094
631.00977	0.000729652127458406	-0.000686684294294615
562.33929	0.000724318276481517	-0.000616501309571077
501.12231	0.000719760183580179	-0.000551945728460035
446.57214	0.000713468431083384	-0.000491736135951988
398.08899	0.000710242799915127	-0.000441241415584232
354.88681	0.00070430577277717	-0.000393383953715993
316.31589	0.000700369429573481	-0.000349529483292888
281.8942	0.000697092025498057	-0.000313110927503916
251.20601	0.000692490499108874	-0.000277367688186942
223.92496	0.000691050149784307	-0.000245478345399396
199.55338	0.000692922372005111	-0.00021468486816953
177.78128	0.000690901276909795	-0.00018863406122277
158.52898	0.000690135385703612	-0.000163845609233597
141.21979	0.000689859843639729	-0.000144074481318381
125.92673	0.000689702329583424	-0.000123968423953637
112.19009	0.000691156960911684	-0.000109014503760325
99.968163	0.000693380984522911	-8.89825475912008e-05
89.115646	0.000695972070018433	-7.74061463245583e-05
79.415741	0.000699905877773555	-6.46974791032026e-05
70.793182	0.000701223890128004	-4.97231897790096e-05
63.082279	0.00070302120293936	-4.19460371777964e-05
56.241825	0.00070905522845718	-3.17334209023638e-05
50.112232	0.000707629232699366	-2.42678267555172e-05
44.671223	0.000711839766172291	-1.66879760828879e-05
39.808899	0.000713551379138837	-1.25840764376354e-05
35.488308	0.000719164453683139	-8.54567253409874e-06
31.629578	0.000720650407699183	-2.64201229230151e-06
28.187037	0.000724675303536609	2.41793457346064e-06
25.120602	0.000728669045675764	3.4786710219412e-06
22.385418	0.00072880864601232	6.31766459962798e-06
19.955338	0.000731797449778986	7.9282430376356e-06
17.775894	0.000736408953652249	1.21622227842101e-05
15.846864	0.000737990655351976	9.51198574715642e-06
14.127493	0.000740593150806176	1.37626411401738e-05
12.587309	0.000743173507004138	1.38976413597949e-05
11.216775	0.000742689316296827	1.448504072754e-05
9.9968166	0.00074589455763405	1.29390607809985e-05
8.9082127	0.000749466449668955	1.50130004945679e-05
7.9395623	0.000748198829813843	1.71612945411967e-05
7.0765615	0.000754085532380697	1.77420695565519e-05
6.3105822	0.000754217947498663	1.69292806683401e-05
5.6245475	0.000754563280050885	1.76341366716154e-05
5.0112233	0.0007566440900594	1.7300763398351e-05
4.4642835	0.000758090638203484	1.73154711200311e-05
3.9819033	0.000759715132354221	1.61240474191751e-05
3.5479143	0.000759418913672772	1.76786624951815e-05
3.1629577	0.000763090390492721	1.73040844818507e-05
2.818361	0.000763052345495791	1.84959694988265e-05
2.5112481	0.00076312994255324	1.78333013693059e-05
2.2398233	0.000762799170750379	1.67529738880814e-05
1.9950197	0.000764589746819481	1.69822304775787e-05
1.7775893	0.000768396944724782	1.67756925708486e-05
1.5846864	0.000767385525917216	1.71279123841617e-05
1.4122353	0.000769957631277157	1.83785320474884e-05
1.2582541	0.000769242975640102	2.08699278667603e-05
1.1224822	0.000770110059401596	1.87533724287344e-05
1.0000616	0.000772284744965698	1.99827545832854e-05
0.89082122	0.00077346273114327	1.92658587831521e-05
0.79444051	0.000776513344775005	2.17027836441418e-05
0.70784986	0.000775156442041246	2.11577909975849e-05
0.63126236	0.000777524429615204	2.13428721425507e-05
0.562536	0.00077901119166208	2.36885160038697e-05
0.50118715	0.000780369408861781	2.47745447123266e-05
0.44642836	0.000783419005009799	2.59486870454617e-05
0.39821118	0.00078487059070449	2.61406373435288e-05
0.35475865	0.000784984075352136	2.53303754401365e-05
0.31619295	0.000786058551489813	2.73983137049515e-05
0.2819173	0.000789952206790115	3.00542363507104e-05
0.25117323	0.000790757250405297	2.8804677813285e-05
0.22391155	0.000792790145005051	3.08894434029426e-05
0.19957349	0.00079288258038629	3.24893164233119e-05
0.17779917	0.000797100484705101	3.3714126287814e-05
0.15846863	0.000798543853594521	3.42897867037805e-05
0.14123619	0.000798779798777069	3.68452496610628e-05
0.12590662	0.000802881295254735	3.80039819896451e-05
0.1122199	0.000803570079751837	3.99963060993727e-05
0.10002181	0.00080689775817637	4.27310889445695e-05
