10002.226	0.00118055666940962	-0.0095915427528059
8914.9326	0.00113909337715946	-0.00858405357421946
7943.9951	0.00110084377293187	-0.00768252686650986
7081.583	0.00106537251622841	-0.00687787490441193
6307.7358	0.00103632260770469	-0.00615449139118917
5622.5879	0.00100345067360514	-0.00551100817067039
5011.603	0.000976365793932578	-0.00493436483024168
4466.4292	0.00095021852149268	-0.0044174798986873
3981.2773	0.000926237526499122	-0.00395427259021779
3548.8679	0.000902324073529772	-0.00354411331432976
3163.0398	0.000886549572774071	-0.00317336939042331
2819.0986	0.00086897835527897	-0.00283910661781728
2512.4104	0.000852378333469575	-0.00254344646736243
2239.2869	0.000835230707021485	-0.00228054473012324
1995.6381	0.000825408466927983	-0.00204334492775697
1778.2897	0.000810198932656167	-0.00182897219785838
1584.4927	0.000799774557151282	-0.00163965203693339
1412.7418	0.000786303952075528	-0.00147159624899629
1258.7905	0.000777252346183929	-0.00131734797032383
1121.7966	0.000767471537127255	-0.00118351681201226
999.68164	0.000760469727243924	-0.00105994849471048
891.42474	0.00075002728314984	-0.000950603895153508
794.23932	0.000745052951535547	-0.000853967513119833
707.96161	0.000736246687189509	-0.000764011739708865
631.00977	0.000729405515563803	-0.000686458863944899
562.33929	0.000723455251470777	-0.000616068662984288
501.12231	0.000719236442379683	-0.000552374448842258
446.57214	0.000712419820340771	-0.000493523567708006
398.08899	0.000707387988254699	-0.00044118372557168
354.88681	0.000703121163503269	-0.000393032713492341
316.31589	0.000699174460383483	-0.000349801917976667
281.8942	0.000697483855773649	-0.000312122590523175
251.20601	0.000692347851012143	-0.000275538589461696
223.92496	0.000690778177821305	-0.000244807943139644
199.55338	0.000690273179782526	-0.000217229364186855
177.78128	0.000690277309386664	-0.000190526676497991
158.52898	0.000688868053288442	-0.000164503679003746
141.21979	0.000689019009542274	-0.000143436255490368
125.92673	0.000690245947880137	-0.000123898445963948
112.19009	0.00069287080398068	-0.000108336385173224
99.968163	0.000695909463614739	-9.0220487601024e-05
89.115646	0.000694835968693814	-7.64089876164272e-05
79.415741	0.000699984496269245	-6.39465601268574e-05
70.793182	0.000698559708350262	-5.07376024103511e-05
63.082279	0.000703865287951292	-4.12524120536336e-05
56.241825	0.000706642328799739	-3.13841396479744e-05
50.112232	0.000708852931185845	-2.36920806005408e-05
44.671223	0.000710617808407498	-1.8224371469548e-05
39.808899	0.000714538279006668	-1.45860555165632e-05
35.488308	0.000717892184018052	-6.18637725009523e-06
31.629578	0.000722240489836698	-2.27917065013424e-06
28.187037	0.000723358637036718	4.52362488980348e-07
25.120602	0.000726571618861615	2.5341886295149e-06
22.385418	0.000730640636428212	5.64212513778916e-06
19.955338	0.000734466199385235	8.21709697533961e-06
17.775894	0.000737326830169394	1.18037489908838e-05
15.846864	0.000740147285896191	1.02754445208961e-05
14.127493	0.000740377251539155	1.17004995092741e-05
12.587309	0.00074279562320668	1.4866661725163e-05
11.216775	0.000745695279183768	1.26798698605374e-05
9.9968166	0.000746171871952549	1.35273505776487e-05
8.9082127	0.0007478362767678	1.53236222274612e-05
7.9395623	0.00074894743181078	1.6248226740309e-05
7.0765615	0.00075232772389972	1.73819711478822e-05
6.3105822	0.000754510085313206	1.78677195756654e-05
5.6245475	0.000755259359579245	1.58973152563391e-05
5.0112233	0.0007556311365938	1.72419756564299e-05
4.4642835	0.000758235110205379	1.80046663151845e-05
3.9819033	0.000757986438194128	1.68135306226672e-05
3.5479143	0.000762770397207703	1.65355755082076e-05
3.1629577	0.000760413256637303	1.64199970234828e-05
2.818361	0.00076407462198924	1.76924064163004e-05
2.5112481	0.000763935403527252	1.79540750535125e-05
2.2398233	0.00076621228978028	1.8879337576012e-05
1.9950197	0.000764255130793897	1.61779243130476e-05
1.7775893	0.000766700389797432	1.68442880908726e-05
1.5846864	0.000768487208765675	2.02864043748981e-05
1.4122353	0.000768936307571146	1.92641975660387e-05
1.2582541	0.000769654287363471	1.83535076288069e-05
1.1224822	0.000771091414318706	1.87171047808344e-05
1.0000616	0.000772690157887127	2.00545702420899e-05
0.89082122	0.000773362660365934	2.13229107307079e-05
0.79444051	0.000775579893649184	2.16549776192951e-05
0.70784986	0.000776034496552058	2.2232651935108e-05
0.63126236	0.000777465823499127	2.23926650795976e-05
0.562536	0.000779804790737032	2.39057362779268e-05
0.50118715	0.000780435102528238	2.42716964976522e-05
0.44642836	0.000781163700933031	2.26517535601744e-05
0.39821118	0.000782213990235424	2.5383323360475e-05
0.35475865	0.000786150121101557	2.64480921117593e-05
0.31619295	0.000786152142185382	2.89347838196431e-05
0.2819173	0.000787986696416644	2.96742764594813e-05
0.25117323	0.000788577841389458	2.94653016317902e-05
0.22391155	0.000793614483067246	3.17522463643282e-05
0.19957349	0.000794265130377636	3.16253131914526e-05
0.17779917	0.000795103607226435	3.50778330634747e-05
0.15846863	0.000798041171862277	3.5423321714384e-05
0.14123619	0.000799047528230429	3.56294929893272e-05
0.12590662	0.000802390110120402	3.76354893735659e-05
0.1122199	0.000805115570987471	4.01532213674202e-05
0.10002181	0.000807213490039018	4.292300025188e-05
