10002.226	0.00117936045077306	-0.00958856621563815
8914.9326	0.00113852768150632	-0.00858326724310551
7943.9951	0.00110042504418514	-0.00768360799458114
7081.583	0.00106578693010228	-0.00687934759979589
6307.7358	0.00103394523217736	-0.00615621999546299
5622.5879	0.00100188477922115	-0.00551034578958389
5011.603	0.00097392163994793	-0.00493412761158514
4466.4292	0.00095180945864976	-0.00441766640081279
3981.2773	0.000924598049623622	-0.00395540343880907
3548.8679	0.000902506244838539	-0.00354297988293229
3163.0398	0.000885771562129752	-0.00317207662226234
2819.0986	0.000867928500756392	-0.00284054731474857
2512.4104	0.000851152934860079	-0.00254282109429603
2239.2869	0.000837368075067761	-0.00228100998917305
1995.6381	0.000826014023898075	-0.00204176302135196
1778.2897	0.000809895768168135	-0.00183098964959644
1584.4927	0.000801071368508804	-0.00164044641309063
1412.7418	0.000787357922138237	-0.00147068611718487
1258.7905	0.000777739862713731	-0.00131789930566348
1121.7966	0.000768782808523129	-0.00118339538788138
999.68164	0.000760928070244773	-0.00105812176404329
891.42474	0.000752112346921644	-0.000951019400831629
794.23932	0.000744809137719084	-0.00085367922337529
707.96161	0.000737401151005051	-0.0007653121645015
631.00977	0.000728763916768814	-0.000687092339301974
562.33929	0.000722678297948873	-0.000615272371221872
501.12231	0.000717425291867437	-0.000549746720548357
446.57214	0.000711184258076857	-0.000492375274465954
398.08899	0.000709724957478476	-0.000439882996913436
354.88681	0.000703651457433586	-0.000394250203605045
316.31589	0.000701837202647778	-0.000350187812764691
281.8942	0.000697188383747662	-0.000312154973557858
251.20601	0.000692307951099661	-0.000277791711599707
223.92496	0.000692688212874453	-0.000243208670104207
199.55338	0.000689866383750745	-0.000216562034725698
177.78128	0.000690377841725222	-0.000187095570351456
158.52898	0.000690857443643231	-0.000164016417872192
141.21979	0.000690230978503235	-0.000144236431776749
125.92673	0.000688985439092188	-0.000122490113568825
112.19009	0.000694028263690812	-0.000108124933843852
99.968163	0.000694733596190648	-8.86957620234519e-05
89.115646	0.000696554669122541	-7.71065471655807e-05
79.415741	0.000699377366642088	-6.1968977263304e-05
70.793182	0.000701477942163243	-5.22828744340195e-05
63.082279	0.000703235421126539	-4.09858935767624e-05
56.241825	0.000707188200719921	-3.25833186303048e-05
50.112232	0.000707466534916345	-2.23281216865244e-05
44.671223	0.000711557235804263	-1.53862451576182e-05
39.808899	0.000715260484680248	-1.31868622025046e-05
35.488308	0.000718095423045527	-7.90312241221559e-06
31.629578	0.000721132122823016	-1.68888882510749e-06
28.187037	0.000725554885463537	4.9356412133202e-07
25.120602	0.000726500970179671	2.93294676269272e-06
22.385418	0.000729689382439133	7.4029908454132e-06
19.955338	0.000733895764740427	8.43848415770932e-06
17.775894	0.000736188001605854	1.22652725006708e-05
15.846864	0.000739801817725715	1.02444696364693e-05
14.127493	0.000742853017574922	1.33922725742549e-05
12.587309	0.000742007264648956	1.15359090753702e-05
11.216775	0.000743203961746878	1.52216857070438e-05
9.9968166	0.000748178000340887	1.48709177900776e-05
8.9082127	0.000749584021145503	1.676180295369e-05
7.9395623	0.000747684669783419	1.68513149743712e-05
7.0765615	0.000751966269062452	1.72447655317522e-05
6.3105822	0.000753804036342663	1.64844574530086e-05
5.6245475	0.000753043989568214	1.55374482112001e-05
5.0112233	0.000755526719073058	1.65829574177423e-05
4.4642835	0.000759752483624337	1.70327981612101e-05
3.9819033	0.00075740310120216	1.71854506663794e-05
3.5479143	0.000759831118132871	1.87832500999477e-05
3.1629577	0.000760950639203019	1.73586502991845e-05
2.818361	0.000764957356517813	1.65649789758363e-05
2.5112481	0.000765917493183324	1.6323341995009e-05
2.2398233	0.000762894216200085	1.83010776161491e-05
1.9950197	0.000765209930665728	1.76534456494698e-05
1.7775893	0.000766421644296864	1.5039339820497e-05
1.5846864	0.0007672668191528	1.76404967614944e-05
1.4122353	0.000769168923791654	1.83046520932768e-05
1.2582541	0.000770753213141465	1.7969954698305e-05
1.1224822	0.000772642803459566	1.92260741400147e-05
1.0000616	0.000772918206164895	1.93434941301137e-05
0.89082122	0.000774121981909371	2.05580360309139e-05
0.79444051	0.00077560401591224	2.10609567489098e-05
0.70784986	0.000775664250385546	2.18866532926712e-05
0.63126236	0.000778199699267085	2.33562370559619e-05
0.562536	0.00077834591868709	2.17613928863973e-05
0.50118715	0.000779880438926893	2.50018109782029e-05
0.44642836	0.000781320242452797	2.43628630239365e-05
0.39821118	0.000784844782474344	2.7994851884212e-05
0.35475865	0.000784231936923707	2.7214472177389e-05
0.31619295	0.000787906378277067	2.778195917279e-05
0.2819173	0.0007868411539031	2.70173433926679e-05
0.25117323	0.000790535447943276	2.98156471732782e-05
0.22391155	0.000793192111541085	3.16103712896461e-05
0.19957349	0.000794504968054934	3.25698932630966e-05
0.17779917	0.000794679659282948	3.31338221229024e-05
0.15846863	0.000796061133355571	3.67282730184427e-05
0.14123619	0.000800483377998169	3.73850399087266e-05
0.12590662	0.000800709832946653	3.7508907283888e-05
0.1122199	0.000803264567033778	3.99457406282346e-05
0.10002181	0.000805923820935845	4.42054514237881e-05
