10002.226	0.00118509553936742	-0.00960100246371863
8914.9326	0.00114372999410107	-0.0085958420214673
7943.9951	0.00110809637263418	-0.00769457493751497
7081.583	0.00107398587681441	-0.00688813372102992
6307.7358	0.00104151330667232	-0.00616299662166239
5622.5879	0.00100945651023353	-0.00551783470592586
5011.603	0.000980626156579485	-0.00494155055124316
4466.4292	0.000956701984274409	-0.00442182057217869
3981.2773	0.00093454421981533	-0.00395919038266407
3548.8679	0.000908127220362696	-0.00354811941018634
3163.0398	0.000889020760737432	-0.00317613109733583
2819.0986	0.000873299351821979	-0.00284406268396368
2512.4104	0.000857889832928884	-0.00254635897929664
2239.2869	0.000841436760230988	-0.00228309535314641
1995.6381	0.000830368328961068	-0.00204489658052879
1778.2897	0.000815615438273704	-0.00183323953693981
1584.4927	0.000803949470891616	-0.0016407938450112
1412.7418	0.000792770534686188	-0.00147291683217467
1258.7905	0.000782457184639758	-0.00131990331223723
1121.7966	0.000774881297737062	-0.00118559445443468
999.68164	0.000766129555295868	-0.00106001373658726
891.42474	0.000756617300948785	-0.000953868777467831
794.23932	0.000750875746340784	-0.00085520096276276
707.96161	0.000741961276783699	-0.00076799178007017
631.00977	0.000736276401897062	-0.000690423000502403
562.33929	0.000728683830468731	-0.000614161036101031
501.12231	0.000723085306543726	-0.000553581528778925
446.57214	0.0007177158470857	-0.000492832407428467
398.08899	0.000713846742617943	-0.000440967815401739
354.88681	0.000708492332384349	-0.000392185823363885
316.31589	0.000705784654475584	-0.000350788150142199
281.8942	0.000702534202589291	-0.000313194823016626
251.20601	0.000696891625391687	-0.000278121412205408
223.92496	0.000698189492908483	-0.000244510749318472
199.55338	0.00069661660364461	-0.000215526743989575
177.78128	0.000696686764726028	-0.000188534653214295
158.52898	0.000696803230793458	-0.000164330853774283
141.21979	0.000693757915754335	-0.000144053432640331
125.92673	0.00069697746161342	-0.000123509302444779
112.19009	0.000697363170206372	-0.000107945007032484
99.968163	0.000698759469524406	-9.0103799299259e-05
89.115646	0.00070333524259389	-7.55775077799429e-05
79.415741	0.000703203305853993	-6.29247651747339e-05
70.793182	0.000707699496759526	-5.18584593838271e-05
63.082279	0.000708241177762373	-4.28579708186765e-05
56.241825	0.000713702746810929	-3.00196050911714e-05
50.112232	0.000714406534551246	-2.45220388083956e-05
44.671223	0.000716085515601841	-1.84481470132309e-05
39.808899	0.00072015665025816	-1.21742965055806e-05
35.488308	0.000725027049142447	-7.95362259761213e-06
31.629578	0.00072648080194074	-2.3336163199124e-06
28.187037	0.000730997015213953	-4.94138895699026e-07
25.120602	0.000734469472098748	2.82010990417052e-06
22.385418	0.000736240752239206	6.46014778954257e-06
19.955338	0.00073932174549301	9.64298260651606e-06
17.775894	0.000739233235477382	1.20872334117173e-05
15.846864	0.00074305885968222	1.10350435846776e-05
14.127493	0.000746413866375597	1.45554469217646e-05
12.587309	0.000748316878632658	1.33700158102724e-05
11.216775	0.000748761265226315	1.55432103363277e-05
9.9968166	0.000752148681260051	1.42614476283424e-05
8.9082127	0.000755077552090495	1.47645599639268e-05
7.9395623	0.000755046978511753	1.76889962309857e-05
7.0765615	0.000756932274008223	1.68886055465469e-05
6.3105822	0.000757571491819425	1.61342767851556e-05
5.6245475	0.000763158331381028	1.83992742216479e-05
5.0112233	0.000761927525198156	1.58051964353111e-05
4.4642835	0.000763085334439924	1.69486859380799e-05
3.9819033	0.000764971472070612	1.72449217910333e-05
3.5479143	0.000766758161840765	1.77299783122525e-05
3.1629577	0.00076816392376116	1.72531942750901e-05
2.818361	0.000769268563594356	1.70110605853884e-05
2.5112481	0.000770597443166126	1.67537271775135e-05
2.2398233	0.000769957075649	1.84546027261871e-05
1.9950197	0.000770825025544359	1.81686411321958e-05
1.7775893	0.000771313315735757	1.68414845805476e-05
1.5846864	0.00077475049119002	1.69777277300234e-05
1.4122353	0.000773839202949169	1.90039558372632e-05
1.2582541	0.000775705644475509	1.79445390036762e-05
1.1224822	0.000776168758181178	1.86930006862994e-05
1.0000616	0.00077709681083611	2.04735375808007e-05
0.89082122	0.000778922982191919	1.91759567503343e-05
0.79444051	0.000781170539355377	2.04568406309468e-05
0.70784986	0.000780851076201277	2.10844124633621e-05
0.63126236	0.000782617753421138	2.26713563273644e-05
0.562536	0.000785809341986	2.19737203119024e-05
0.50118715	0.0007855683335302	2.33764479421757e-05
0.44642836	0.000788148878691409	2.36765336991199e-05
0.39821118	0.000790195681884633	2.52857072183665e-05
0.35475865	0.000789763138258942	2.71118388913286e-05
0.31619295	0.000793243482806521	2.76697920357873e-05
0.2819173	0.000794399932405763	2.78476349187696e-05
0.25117323	0.000794107718471086	3.10516138338154e-05
0.22391155	0.000798245472536783	3.07166204603666e-05
0.19957349	0.000798293062488535	3.2647401411558e-05
0.17779917	0.000799957273433354	3.28487077182233e-05
0.15846863	0.000803745094561734	3.55061011899121e-05
0.14123619	0.000803845345081356	3.7507626570043e-05
0.12590662	0.000807500247269906	3.77704921269755e-05
0.1122199	0.000809528338427344	4.02960430423231e-05
0.10002181	0.000814165611968684	4.25719666874319e-05
