10002.226	0.00118379742797605	-0.00960319232747951
8914.9326	0.00114427529253422	-0.0085960875040644
7943.9951	0.00110871759043161	-0.00769302358707064
7081.583	0.0010697420681458	-0.00688550408943184
6307.7358	0.00104074246914802	-0.00616167369886609
5622.5879	0.00100823478198571	-0.00551649922261359
5011.603	0.000980324903298361	-0.00493986923709043
4466.4292	0.000956819472997262	-0.00442299115366406
3981.2773	0.000931132247329158	-0.00396266059197786
3548.8679	0.000909128350652629	-0.00354736996447111
3163.0398	0.000891137033829786	-0.00317745425642005
2819.0986	0.000871844549209675	-0.00284218444245683
2512.4104	0.00085915888095258	-0.00254760892494487
2239.2869	0.00084240782155579	-0.00228345538365136
1995.6381	0.000830659093774849	-0.00204419200430948
1778.2897	0.000816314870365044	-0.00183126996258945
1584.4927	0.000802968414924727	-0.00164241209227852
1412.7418	0.000793156998654662	-0.00147142876439677
1258.7905	0.000784863945641733	-0.00131879129305887
1121.7966	0.000774526342612037	-0.00118315502649675
999.68164	0.000764931200361359	-0.00106068703063071
891.42474	0.000757315989983915	-0.000954022587510687
794.23932	0.000748879036094203	-0.000854067023654406
707.96161	0.000742116812651423	-0.00076368203563598
631.00977	0.00073553508645452	-0.000690275905419495
562.33929	0.000728023045835791	-0.000616106627440636
501.12231	0.000725491968642085	-0.000551120988563736
446.57214	0.000719551284503526	-0.00049346808236896
398.08899	0.000712280984963926	-0.000441855961646129
354.88681	0.000708481424175773	-0.000394327941686292
316.31589	0.000706774351855797	-0.00035031954714348
281.8942	0.000703674147797499	-0.000313448305113707
251.20601	0.000698161629121351	-0.00027686499988579
223.92496	0.000699535557018636	-0.000243668692093388
199.55338	0.000697524747536539	-0.000216210877075305
177.78128	0.000697694296749822	-0.000188574050752795
158.52898	0.000697030470111201	-0.00016432189939988
141.21979	0.000694852436873238	-0.000144262102913666
125.92673	0.000694973080715258	-0.000124141773896645
112.19009	0.000698328803109913	-0.000108072225517428
99.968163	0.000699370435871172	-9.00314528330948e-05
89.115646	0.000702688359841719	-7.71393749782049e-05
79.415741	0.000703415973772789	-6.26390759007828e-05
70.793182	0.000705337225432564	-5.08982681882401e-05
63.082279	0.000709933650951671	-4.20082729164684e-05
56.241825	0.000712312829328173	-3.29627052773331e-05
50.112232	0.000715140932091887	-2.42483668325814e-05
44.671223	0.000716687056211982	-1.7271073514819e-05
39.808899	0.000719462744124417	-1.23747302206048e-05
35.488308	0.000725093424259524	-6.67316796164947e-06
31.629578	0.00072560345123304	-3.74413458478775e-06
28.187037	0.000730248486805414	5.03619515710124e-07
25.120602	0.000734602453495092	5.89065998440098e-06
22.385418	0.000735613257759199	6.2355195092204e-06
19.955338	0.000739146479146882	8.91377092733439e-06
17.775894	0.00074208682800805	1.11545922762382e-05
15.846864	0.000741741612557738	1.16311072446326e-05
14.127493	0.000745585868270214	1.31998722979164e-05
12.587309	0.000748330464858853	1.44771528498693e-05
11.216775	0.000751443667200714	1.51967746017445e-05
9.9968166	0.000752024970510647	1.33065483324539e-05
8.9082127	0.000753063117568881	1.45094026464e-05
7.9395623	0.000753848590706855	1.74954553601349e-05
7.0765615	0.000757822145423308	1.6247553729858e-05
6.3105822	0.000760215288294323	1.63253486463392e-05
5.6245475	0.000757809907157894	1.55883782491602e-05
5.0112233	0.000763764930209875	1.8205114800581e-05
4.4642835	0.00076380510305627	1.596116400966e-05
3.9819033	0.00076413083262111	1.60381931840624e-05
3.5479143	0.000765369968421233	1.78509520516041e-05
3.1629577	0.000766645298678699	1.89004920999216e-05
2.818361	0.00076901396018115	1.68134294806859e-05
2.5112481	0.00076856387937131	1.81456691897618e-05
2.2398233	0.000768257021987356	1.76755623841933e-05
1.9950197	0.000770994657078289	1.80690593482736e-05
1.7775893	0.000772140553334907	1.79061768986684e-05
1.5846864	0.000774981884237907	1.9133321562332e-05
1.4122353	0.000774959049114695	1.64350908460307e-05
1.2582541	0.000773958190208038	2.0929854463876e-05
1.1224822	0.000774797307340981	1.89753318516425e-05
1.0000616	0.000778272235735602	2.09536270514427e-05
0.89082122	0.0007795698440265	2.02445771537472e-05
0.79444051	0.000781417204875095	2.15126802748708e-05
0.70784986	0.00078208934594847	2.09260560135419e-05
0.63126236	0.000782706704748059	2.20651374307671e-05
0.562536	0.000782832417176818	2.29339055019322e-05
0.50118715	0.000785033703155066	2.26720570466282e-05
0.44642836	0.000789368729202091	2.42913019702849e-05
0.39821118	0.000788940625736409	2.66301827880262e-05
0.35475865	0.000790897488429039	2.86780499726166e-05
0.31619295	0.000791949075798115	2.75494811676305e-05
0.2819173	0.00079414505863839	2.82466063713716e-05
0.25117323	0.000795478515792611	2.86277377860823e-05
0.22391155	0.000797937554743442	2.96790624968125e-05
0.19957349	0.000799458036618624	3.13795495423619e-05
0.17779917	0.000801499430834349	3.37395295787016e-05
0.15846863	0.000801386332231724	3.56183577431105e-05
0.14123619	0.000806245209733511	3.7493458884984e-05
0.12590662	0.000806185581193297	3.81249219997421e-05
0.1122199	0.000809226892065849	3.94546496408837e-05
0.10002181	0.00081397822036008	4.23748049963503e-05
