10002.226	0.00118480873460816	-0.00960168106845822
8914.9326	0.00114597885430623	-0.00859349767778162
7943.9951	0.0011065597029356	-0.00769373613355506
7081.583	0.00107245850058871	-0.006886235476994
6307.7358	0.00104036245184536	-0.00616366224284005
5622.5879	0.00100748828625116	-0.00551754712330054
5011.603	0.000979438805153227	-0.00493897243223406
4466.4292	0.000956802718898475	-0.00442338956162828
3981.2773	0.000931870645391541	-0.00395877429438286
3548.8679	0.000908984303225482	-0.00354608975670759
3163.0398	0.000891744354972913	-0.00317624073215235
2819.0986	0.000873942282245732	-0.00284445679413063
2512.4104	0.000857154599930367	-0.00254726158937091
2239.2869	0.000841696918901007	-0.00228244187162163
1995.6381	0.000829007023359601	-0.00204274792110836
1778.2897	0.000815352977484281	-0.00183243599804012
1584.4927	0.000803025945932351	-0.0016407255222106
1412.7418	0.000791976346410006	-0.00147176820123632
1258.7905	0.000784436868037235	-0.00131865121989713
1121.7966	0.000776546161168841	-0.00118643266935532
999.68164	0.000766373622694634	-0.00106107301741747
891.42474	0.000756433425916282	-0.000952216817984623
794.23932	0.000748887610023523	-0.000854260689281739
707.96161	0.000744318813023195	-0.000765011258347075
631.00977	0.000735567062453032	-0.000688752778552369
562.33929	0.000729176316924934	-0.000616665716562341
501.12231	0.000724491158669378	-0.000551313849094081
446.57214	0.000718564090456207	-0.000493133537910639
398.08899	0.000712636151299009	-0.000439902814398049
354.88681	0.000707540046884534	-0.000393667523162136
316.31589	0.000706802441838594	-0.000349849718039594
281.8942	0.000702173769946618	-0.000314371972285655
251.20601	0.000696614822534919	-0.000276602569076701
223.92496	0.000695737536283093	-0.000243875696644279
199.55338	0.000697175174749394	-0.000214792051498751
177.78128	0.000695484066433522	-0.000186485541040097
158.52898	0.000695367285514864	-0.00016539042336904
141.21979	0.000694558370408238	-0.000141725067038771
125.92673	0.000697087238886722	-0.000124568098250915
112.19009	0.000696976893955758	-0.000105566362259989
99.968163	0.000700208884254093	-8.7999866894969e-05
89.115646	0.000702586205859585	-7.60404226658234e-05
79.415741	0.000703770900637508	-6.34476629722979e-05
70.793182	0.000704266646593302	-4.98844376336665e-05
63.082279	0.000709154701949018	-4.23694400674843e-05
56.241825	0.000712171678779036	-3.26770208700002e-05
50.112232	0.000712394116564682	-2.40131190661285e-05
44.671223	0.000718405523815482	-1.87614565346364e-05
39.808899	0.000720537739644503	-1.14220058854483e-05
35.488308	0.000724683165222252	-8.15471438262821e-06
31.629578	0.000726977292438037	-2.08498058668027e-06
28.187037	0.00072926885783769	2.15784944152883e-06
25.120602	0.000733296273276713	5.30553546136898e-06
22.385418	0.00073310784678932	6.8441420294265e-06
19.955338	0.000737603884783322	7.56970056362723e-06
17.775894	0.00073916323534815	9.80046898923074e-06
15.846864	0.000743975180930669	1.1529837646477e-05
14.127493	0.000747027498478423	1.38224788668019e-05
12.587309	0.00074763760296146	1.29874366030594e-05
11.216775	0.000750365089275446	1.4626574535015e-05
9.9968166	0.000752377783650712	1.51273230257386e-05
8.9082127	0.000754328390094405	1.50517290787079e-05
7.9395623	0.000753974093209712	1.56295290832447e-05
7.0765615	0.00075847171283041	1.71029781069326e-05
6.3105822	0.000759180433130905	1.70335887407862e-05
5.6245475	0.000758052859746053	1.62273789826496e-05
5.0112233	0.0007623611256623	1.76515440516988e-05
4.4642835	0.000765276951606241	1.79391037783548e-05
3.9819033	0.000764233080481844	1.67703676594591e-05
3.5479143	0.000764218234165372	1.74778274713349e-05
3.1629577	0.000768101563323302	1.80739035101893e-05
2.818361	0.000768702283579375	1.92742186903298e-05
2.5112481	0.000769552869889701	1.6227372704314e-05
2.2398233	0.000770202819886085	1.68796707297354e-05
1.9950197	0.000772911542522115	1.75982974785931e-05
1.7775893	0.000772164507772977	1.72252677656509e-05
1.5846864	0.000772799789128329	1.81759706795307e-05
1.4122353	0.00077433905786972	1.63837308086189e-05
1.2582541	0.000775453077632726	1.89232378481578e-05
1.1224822	0.000777142788048534	2.0443099854175e-05
1.0000616	0.000778041942443049	1.81592303553465e-05
0.89082122	0.000778730010542494	2.11175221634863e-05
0.79444051	0.00078022133827778	2.2191589024941e-05
0.70784986	0.000782965494166637	2.13326498304642e-05
0.63126236	0.000783965107604708	2.22488893140118e-05
0.562536	0.000785666380711655	2.34041493006217e-05
0.50118715	0.000786301297403712	2.45252059848166e-05
0.44642836	0.000786490119791648	2.22033268291381e-05
0.39821118	0.000789131708496584	2.74594016318249e-05
0.35475865	0.000790889056891292	2.72168686099719e-05
0.31619295	0.00079313537313809	2.66784529475953e-05
0.2819173	0.000794024523265724	2.93519018633725e-05
0.25117323	0.000795016902979307	3.0479411859037e-05
0.22391155	0.000798151355692859	3.20072914145544e-05
0.19957349	0.000799354183918128	3.27882241057134e-05
0.17779917	0.000800378299853399	3.43460754473139e-05
0.15846863	0.000802756366299492	3.64278301215494e-05
0.14123619	0.000805506680990289	3.71717841900659e-05
0.12590662	0.000807489998037204	4.03029090610096e-05
0.1122199	0.000809761071407478	4.03744343982215e-05
0.10002181	0.000812808061769693	4.33317706922301e-05
