10002.226	0.00117832703092137	-0.00950048236143726
8914.9326	0.00113763164928935	-0.00850345511683496
7943.9951	0.00110033092505436	-0.0076120231808452
7081.583	0.00106486043296078	-0.00681517783755712
6307.7358	0.00103401108754329	-0.00609670991204016
5622.5879	0.00100241570746725	-0.00546134234608878
5011.603	0.000974207907339974	-0.00488726494686655
4466.4292	0.000949697888864606	-0.00437553634679488
3981.2773	0.00092685353477285	-0.00391772229847953
3548.8679	0.000903734654627042	-0.00350817331741147
3163.0398	0.000885250339810644	-0.00314186269319304
2819.0986	0.00086840489027986	-0.00281215029766383
2512.4104	0.000852208784485022	-0.00251951893705761
2239.2869	0.000835474930670369	-0.00225677248504979
1995.6381	0.000822865101891005	-0.00202501602603906
1778.2897	0.000811349787746953	-0.00181296918797375
1584.4927	0.000799504396919852	-0.00162433735493086
1412.7418	0.000785234924977872	-0.00145394663109614
1258.7905	0.000779225485540853	-0.00130588556835676
1121.7966	0.000767241363622178	-0.00117280337697707
999.68164	0.000761081699113797	-0.00104846000344177
891.42474	0.000751807868319142	-0.000942293119786758
794.23932	0.000744196833128411	-0.000847020256004239
707.96161	0.000733773430797102	-0.0007581871196822
631.00977	0.000729213889051535	-0.000682524022034423
562.33929	0.000723547880665322	-0.000609789134994832
501.12231	0.000717518772882948	-0.000545368068847385
446.57214	0.000712670567861879	-0.000489608387976863
398.08899	0.00070479071612942	-0.000436559549677604
354.88681	0.000702152398034164	-0.000390900124608447
316.31589	0.000700505345146277	-0.000346535605482102
281.8942	0.000695550083871952	-0.000310416895060503
251.20601	0.000691721601630863	-0.000274603055593102
223.92496	0.000691466291231257	-0.000241801867680756
199.55338	0.000690189544789092	-0.000212539530107505
177.78128	0.000691991430724606	-0.000185956131492401
158.52898	0.000687963168572509	-0.000162806899025196
141.21979	0.000689414528000107	-0.000143279298453356
125.92673	0.000689086320622321	-0.000125941884526463
112.19009	0.000691296817770894	-0.000105292388504291
99.968163	0.000692944122456181	-8.84871062032499e-05
89.115646	0.000694886965585295	-7.78599732591419e-05
79.415741	0.000697363562140328	-6.33795338874169e-05
70.793182	0.000699548532085969	-5.05882767440635e-05
63.082279	0.000701692347312249	-4.13223269831257e-05
56.241825	0.000706837632996139	-3.13657060727888e-05
50.112232	0.000708222574970795	-2.32975292884053e-05
44.671223	0.000710023938961689	-1.8419519886859e-05
39.808899	0.000714581921260778	-1.30641771205324e-05
35.488308	0.000717914667918769	-6.54198460101236e-06
31.629578	0.000721092651536891	-4.00999453030744e-06
28.187037	0.000723793349430845	7.80507130400443e-07
25.120602	0.000727228706277724	4.60600839360498e-06
22.385418	0.000729471812987642	5.97578410503711e-06
19.955338	0.000732001825204636	7.28689752458087e-06
17.775894	0.000735338275382676	1.02036878073472e-05
15.846864	0.000736829544846052	1.17751739892688e-05
14.127493	0.000739646806240195	1.28385002094379e-05
12.587309	0.00074192110396013	1.47395589451956e-05
11.216775	0.000742581340050425	1.47144929717218e-05
9.9968166	0.000745996799136337	1.34574055193972e-05
8.9082127	0.000747561114514555	1.52514754901921e-05
7.9395623	0.000746669244584795	1.83634807774804e-05
7.0765615	0.000752530976527899	1.77715343526349e-05
6.3105822	0.000752841141309593	1.78512008728296e-05
5.6245475	0.000753482705208673	1.49938311913516e-05
5.0112233	0.000756598629566367	1.62033078141394e-05
4.4642835	0.000757642594903526	1.5633170293602e-05
3.9819033	0.000759562942058675	1.61753676679153e-05
3.5479143	0.000759776074440852	1.77000506083306e-05
3.1629577	0.000763031992712375	1.64909365006129e-05
2.818361	0.000762165744531502	1.81805267323473e-05
2.5112481	0.000763178934137059	1.62576208160719e-05
2.2398233	0.000761694592511145	1.58957010318885e-05
1.9950197	0.000765590190028808	1.66868231613344e-05
1.7775893	0.000765443399534325	1.93062187157685e-05
1.5846864	0.000766645848137335	1.77727304758447e-05
1.4122353	0.000767416980220538	1.92619480554843e-05
1.2582541	0.000769456131161816	1.95905920894531e-05
1.1224822	0.000770883542399741	2.00052064820181e-05
1.0000616	0.000772107042662947	2.01721326733367e-05
0.89082122	0.000775049279936431	1.94937642302541e-05
0.79444051	0.000774566231308773	2.06524995320226e-05
0.70784986	0.000776264499505497	2.19659598214188e-05
0.63126236	0.000777881016672101	2.23443332445014e-05
0.562536	0.000778439148412045	2.41609182902129e-05
0.50118715	0.000781140685281754	2.26281668895459e-05
0.44642836	0.000781344958209898	2.35386816769179e-05
0.39821118	0.000783485355833114	2.5439280553378e-05
0.35475865	0.000785164421390943	2.80967755844371e-05
0.31619295	0.000785561795939199	2.65302585256176e-05
0.2819173	0.000785442144337261	2.97557762605509e-05
0.25117323	0.000788270994044675	2.82869355691972e-05
0.22391155	0.000790504082615945	3.1579280851057e-05
0.19957349	0.000794944534305705	3.11262422415157e-05
0.17779917	0.000795099209333065	3.2375061501184e-05
0.15846863	0.000798745405593819	3.30451853893298e-05
0.14123619	0.000799247062693685	3.65339258482914e-05
0.12590662	0.000803141301306155	3.9665543710464e-05
0.1122199	0.000803653829647199	4.12118629882722e-05
0.10002181	0.00080552799720269	4.10110137483256e-05
