10002.226	0.00117863584067632	-0.00949893693260309
8914.9326	0.00114005273289217	-0.00850254787179405
7943.9951	0.00110192197009925	-0.00761283730057316
7081.583	0.00106663910360883	-0.00681378201284899
6307.7358	0.00103620186265889	-0.00609742584351374
5622.5879	0.00100195443476427	-0.00545893912460373
5011.603	0.00097225880005173	-0.00488682341874609
4466.4292	0.00094989895982492	-0.00437502217799023
3981.2773	0.000925432502983937	-0.00391656237852736
3548.8679	0.000902509843260663	-0.00350866673554654
3163.0398	0.000884163882000126	-0.00314077085395542
2819.0986	0.00086625370619302	-0.00281340245853532
2512.4104	0.000852083741955947	-0.00251924347350595
2239.2869	0.000836760211493459	-0.00225933714412843
1995.6381	0.000823970332650286	-0.00202360677272549
1778.2897	0.000811601941255419	-0.00181264328375038
1584.4927	0.000798360036564104	-0.00162451817173276
1412.7418	0.000786469405162735	-0.00145578129370853
1258.7905	0.000775905220232197	-0.00130442752580673
1121.7966	0.000768186496602856	-0.00117180367141151
999.68164	0.000759178167432128	-0.00105009885336311
891.42474	0.000751781020087893	-0.000940164178576113
794.23932	0.000744766607461121	-0.000844621648556187
707.96161	0.000736378499575041	-0.000757018621607851
631.00977	0.00072901183323534	-0.000682027618442027
562.33929	0.000724728477525907	-0.000610153897588518
501.12231	0.000718203588618257	-0.000546137219137193
446.57214	0.000711950049143611	-0.000485578475583774
398.08899	0.000708909544132865	-0.000437824528194636
354.88681	0.000703389461066391	-0.00038943215227559
316.31589	0.00070082216407644	-0.000346117808601775
281.8942	0.000694090607797539	-0.000308988868560981
251.20601	0.000693871666054738	-0.000273658783412744
223.92496	0.000691055816294362	-0.000239326597440592
199.55338	0.000689658855153229	-0.000213569650419692
177.78128	0.000689249082273025	-0.000184144573578497
158.52898	0.000689988499593052	-0.000163555990850165
141.21979	0.000688666354205829	-0.000143269447164236
125.92673	0.00068886949493555	-0.000122773014231471
112.19009	0.000691653065930504	-0.000105259597476244
99.968163	0.000693343282796355	-8.9293052975389e-05
89.115646	0.000693915881438447	-7.46151831468432e-05
79.415741	0.000698519214361634	-6.27419190285123e-05
70.793182	0.000699155702508209	-5.37726143189971e-05
63.082279	0.00070129894334783	-4.14665196003635e-05
56.241825	0.000706790290127566	-3.17452849118347e-05
50.112232	0.000708407147759129	-2.21539956929715e-05
44.671223	0.000712007703235909	-1.85595170291884e-05
39.808899	0.000713552815863269	-1.21614087652918e-05
35.488308	0.000717319622631361	-7.97370822368791e-06
31.629578	0.000722097773162391	-1.7400466873007e-06
28.187037	0.00072445623045998	4.3967488204237e-08
25.120602	0.000727110246126286	5.51806258418649e-06
22.385418	0.000730479244830508	8.08097409046222e-06
19.955338	0.000732526339291066	8.91755224365772e-06
17.775894	0.000735745254628839	1.31972076125143e-05
15.846864	0.000736242716205921	1.10187759617219e-05
14.127493	0.000739148244523125	1.20510399409238e-05
12.587309	0.000741348796052008	1.32824328139042e-05
11.216775	0.000744731685190532	1.52813033480877e-05
9.9968166	0.000745457229715414	1.3594017134316e-05
8.9082127	0.000748223750553701	1.33430942510793e-05
7.9395623	0.000749155910482943	1.46353909693938e-05
7.0765615	0.00074988825926733	1.70179305851262e-05
6.3105822	0.000752426870903438	1.81203119912413e-05
5.6245475	0.000755030760241383	1.70579306834278e-05
5.0112233	0.000757306837463888	1.7630255536397e-05
4.4642835	0.000760261214053635	1.59239252629957e-05
3.9819033	0.000758042905226201	1.657097650866e-05
3.5479143	0.000759376970629978	1.66013212255653e-05
3.1629577	0.00076197522496852	1.7129794774358e-05
2.818361	0.000759976576802483	1.68684815092986e-05
2.5112481	0.000761189860468797	1.61063528588981e-05
2.2398233	0.000763896605167032	1.6583013710233e-05
1.9950197	0.000764856477915618	1.80427227964813e-05
1.7775893	0.000766566123901995	1.75557734315195e-05
1.5846864	0.000767455906989243	1.78008111128444e-05
1.4122353	0.000767856058638584	1.81488557045015e-05
1.2582541	0.000767907758260395	1.80200524926995e-05
1.1224822	0.000770924936564423	1.96399528465215e-05
1.0000616	0.000772321331527402	1.95850292424614e-05
0.89082122	0.000773875469043653	2.08366328928977e-05
0.79444051	0.000775412554673637	2.03989009494739e-05
0.70784986	0.000774707014136456	2.15657977511032e-05
0.63126236	0.000779525897667916	2.37603632550362e-05
0.562536	0.000780900460222595	2.39396903519148e-05
0.50118715	0.000780382039138301	2.37909879149263e-05
0.44642836	0.000782229369312049	2.3690110343276e-05
0.39821118	0.000783970185214838	2.60503459112772e-05
0.35475865	0.000784831100245827	2.76792791622416e-05
0.31619295	0.000786659353602675	2.86426360257655e-05
0.2819173	0.000785653975809062	2.75695013724308e-05
0.25117323	0.000788571372154459	2.95264053703234e-05
0.22391155	0.000790763730023349	2.96589038385619e-05
0.19957349	0.000793588852459272	3.16279761704886e-05
0.17779917	0.000793479094607445	3.2907699653635e-05
0.15846863	0.000797758276200162	3.44908759572993e-05
0.14123619	0.000800440893148318	3.62446985297942e-05
0.12590662	0.00080077532781923	3.73052885221496e-05
0.1122199	0.000803522206493803	4.11103947692206e-05
0.10002181	0.000804784142017012	4.2189725353176e-05
