10002.226	0.00117925391735259	-0.00949835022686336
8914.9326	0.00113669765959331	-0.00850364063002851
7943.9951	0.00110060794078191	-0.00761031978717565
7081.583	0.00106711378005353	-0.00681331571740051
6307.7358	0.00103395023330503	-0.00609713694336119
5622.5879	0.00100180648620622	-0.00545836519758822
5011.603	0.000972800825939971	-0.00488753663328606
4466.4292	0.00094928224173292	-0.00437789015716337
3981.2773	0.000926382065267093	-0.00391927536834327
3548.8679	0.000903562032704504	-0.00350642971151869
3163.0398	0.000885800171912098	-0.00314186849401118
2819.0986	0.00086646522442731	-0.0028146038444375
2512.4104	0.000850724621717597	-0.00251995549088317
2239.2869	0.000835968359969163	-0.00225774075299107
1995.6381	0.000823323562930064	-0.00202247196688087
1778.2897	0.000810814300646297	-0.0018133655860808
1584.4927	0.000797113124737453	-0.0016232631247569
1412.7418	0.000783642993258791	-0.0014553373280957
1258.7905	0.000780910509683126	-0.00130600486116647
1121.7966	0.000766073577214798	-0.00117060568268958
999.68164	0.000758559922571459	-0.00104927517655421
891.42474	0.000750201510656135	-0.000942174661846908
794.23932	0.000743545832408328	-0.000844738639242698
707.96161	0.000736336334387071	-0.000756847755679927
631.00977	0.000729853163473036	-0.000680218605441479
562.33929	0.000723842935016271	-0.000609635200128489
501.12231	0.000717092500800523	-0.000546479955528719
446.57214	0.000711786208209339	-0.000486564828403317
398.08899	0.000706763892604491	-0.000436519419793513
354.88681	0.000700620877840333	-0.000389861584628526
316.31589	0.000699287659221217	-0.000346938560948255
281.8942	0.000694740967855996	-0.000309365461744378
251.20601	0.000693663160365932	-0.000275438972437006
223.92496	0.000690351426370226	-0.000240148656214505
199.55338	0.000689884135030556	-0.000213931959532265
177.78128	0.000689829554130638	-0.000186416071889848
158.52898	0.000690182108923677	-0.000162365294747157
141.21979	0.000689544391619711	-0.000144078097113006
125.92673	0.00068727661227598	-0.000123527935294835
112.19009	0.000692407444545752	-0.000107576861892097
99.968163	0.000691457369352004	-9.0217415336377e-05
89.115646	0.00069551975699556	-7.48540349612842e-05
79.415741	0.000698012541926996	-6.32524040638859e-05
70.793182	0.000699027003488531	-5.1489836579006e-05
63.082279	0.000702045768842032	-4.10356253079566e-05
56.241825	0.000706174382595408	-3.12024019754589e-05
50.112232	0.000709253249040453	-2.43223212181812e-05
44.671223	0.0007096772782953	-1.82407319307661e-05
39.808899	0.000713997114129241	-1.21842644967858e-05
35.488308	0.000717903299751205	-6.46062743136032e-06
31.629578	0.00072082235891235	5.46660845230594e-07
28.187037	0.000723990153341917	-1.64745837227914e-08
25.120602	0.000725758577067452	4.46988973597987e-06
22.385418	0.000729927027465139	6.06634100458644e-06
19.955338	0.000732887711911426	8.24026310927873e-06
17.775894	0.000735587430185003	1.16465276691829e-05
15.846864	0.00073889046272632	1.03514366904458e-05
14.127493	0.000741898376269227	1.358801832021e-05
12.587309	0.000741669829109074	1.30624296101877e-05
11.216775	0.000743776572558534	1.54052910808554e-05
9.9968166	0.000747211548255604	1.46199673610108e-05
8.9082127	0.000746656553008846	1.55704184483003e-05
7.9395623	0.000749049947970816	1.68405110207874e-05
7.0765615	0.000751307009306346	1.66950337869149e-05
6.3105822	0.000754352804438266	1.55163783752657e-05
5.6245475	0.000754404553505757	1.57112323204838e-05
5.0112233	0.000756366927128292	1.80595748398353e-05
4.4642835	0.00075797753035558	1.62796754822413e-05
3.9819033	0.000756726232464676	1.7644435174743e-05
3.5479143	0.000759498275271007	1.83761609223351e-05
3.1629577	0.000759716337499444	1.89975873918382e-05
2.818361	0.00076466733244814	1.50233741330765e-05
2.5112481	0.000764375388280959	1.76440581971463e-05
2.2398233	0.00076448426789546	1.85190078750282e-05
1.9950197	0.000764858206873785	1.62385843265358e-05
1.7775893	0.000766388500097943	1.6672810303585e-05
1.5846864	0.000768459150384674	1.83365729881573e-05
1.4122353	0.000767364956187796	1.90494538878915e-05
1.2582541	0.000769035385436067	1.82658358890919e-05
1.1224822	0.000769931610718984	1.87674608098374e-05
1.0000616	0.000771404307007328	2.01985869274704e-05
0.89082122	0.000773891830748683	1.90633451285207e-05
0.79444051	0.000772566195817966	2.24420311139253e-05
0.70784986	0.000778799392970587	1.99393263662792e-05
0.63126236	0.000777449999867772	2.20638192092995e-05
0.562536	0.000779543404853006	2.20210289079094e-05
0.50118715	0.000779456797197591	2.1584317871603e-05
0.44642836	0.000781178486371706	2.43400414329221e-05
0.39821118	0.000781908905345794	2.33234748979605e-05
0.35475865	0.000784907430574936	2.75266829057653e-05
0.31619295	0.000786957266577814	2.84366717962035e-05
0.2819173	0.000787931107757586	2.81721874962819e-05
0.25117323	0.000787345215608454	2.81784122817824e-05
0.22391155	0.000791421782983868	3.07767184286297e-05
0.19957349	0.000791917805128995	3.28284320878181e-05
0.17779917	0.00079507478378751	3.47668082097529e-05
0.15846863	0.000798122534797267	3.60330880643599e-05
0.14123619	0.0007976882407231	3.55455655860575e-05
0.12590662	0.000802072950806766	3.76179631859189e-05
0.1122199	0.000803393046601605	3.96060841305132e-05
0.10002181	0.000805886345037324	4.11636476872662e-05
