10002.226	0.00117710607890976	-0.00956696655737117
8914.9326	0.00113777125565599	-0.00856096695351865
7943.9951	0.00110134719379573	-0.00766533775106706
7081.583	0.00106482698116187	-0.00686221373140484
6307.7358	0.00103265188605527	-0.00613967744375957
5622.5879	0.00100229795072857	-0.00549606444572215
5011.603	0.000972891126526466	-0.00492222286204639
4466.4292	0.000949477058635432	-0.00440868074236911
3981.2773	0.000926139184215974	-0.00394608800923184
3548.8679	0.00090227456930807	-0.00353235901002529
3163.0398	0.000882610648935202	-0.00316514257702105
2819.0986	0.000868165454449821	-0.00283493463546025
2512.4104	0.000849145922811798	-0.00253639751320858
2239.2869	0.000835716167897964	-0.00227339010123909
1995.6381	0.000821840166686453	-0.00203565480669138
1778.2897	0.000810277002194102	-0.00182574688535999
1584.4927	0.00079699064455494	-0.00163375260558494
1412.7418	0.000784712691830973	-0.00146742796946669
1258.7905	0.000779030855917954	-0.00131789427937491
1121.7966	0.000767388781970825	-0.00118116458907121
999.68164	0.000760863165181602	-0.00105718380489304
891.42474	0.000752630772215547	-0.000949305908003226
794.23932	0.000743000621960218	-0.000850136098578863
707.96161	0.000736119244365251	-0.000763708814470191
631.00977	0.000728012648273899	-0.000685706651284886
562.33929	0.00072229823758609	-0.000613103703451099
501.12231	0.000717562414909372	-0.000549753994304807
446.57214	0.00071221487841194	-0.00049261389179608
398.08899	0.000705671591467045	-0.000441293166355107
354.88681	0.000703035270140617	-0.000391338019975452
316.31589	0.000698837609511243	-0.000349197709683383
281.8942	0.000693695727538978	-0.000312384884138157
251.20601	0.000692133184996966	-0.000277069228711412
223.92496	0.000689609308064368	-0.000242110681076934
199.55338	0.000690303002096753	-0.000214628982045795
177.78128	0.000688076812990978	-0.000187602155156125
158.52898	0.000689492067690418	-0.000163592901326967
141.21979	0.000688727412189091	-0.00014551264231485
125.92673	0.000689686849128699	-0.000123551004015599
112.19009	0.000691982955411719	-0.0001074230809074
99.968163	0.000693159444938687	-8.8833399469575e-05
89.115646	0.00069633003888991	-7.67406659199375e-05
79.415741	0.000698787591159444	-6.03213785702512e-05
70.793182	0.000700880778675452	-5.19082471542021e-05
63.082279	0.00070173616533481	-3.96283359365899e-05
56.241825	0.000707279295992421	-3.42229696277638e-05
50.112232	0.000707286668724049	-2.28483716323112e-05
44.671223	0.00071236060737751	-1.9157377531511e-05
39.808899	0.000712898351485382	-1.30829583295979e-05
35.488308	0.000717007521912538	-8.13443167206357e-06
31.629578	0.000718140289434228	-1.92652194655778e-06
28.187037	0.000724174123842547	1.11804052273177e-07
25.120602	0.000726061640998411	3.72916718014239e-06
22.385418	0.000728975253888367	6.42398199164928e-06
19.955338	0.000732984792031824	9.53905554894157e-06
17.775894	0.000734966253600408	9.41493195283557e-06
15.846864	0.000737073994836755	1.06572500639819e-05
14.127493	0.000739530527772813	1.2060136263173e-05
12.587309	0.00074028637125589	1.29630114522431e-05
11.216775	0.000742783409314887	1.2958393903688e-05
9.9968166	0.000746340145839012	1.49233007362461e-05
8.9082127	0.00074735170816765	1.30288922067218e-05
7.9395623	0.00074689217980091	1.50260715012355e-05
7.0765615	0.000750273254536008	1.78910130317852e-05
6.3105822	0.000751009433228807	1.76898998213081e-05
5.6245475	0.000752621842583637	1.54479596806424e-05
5.0112233	0.000756269760600614	1.81657208948273e-05
4.4642835	0.000758880157444711	1.59342365473766e-05
3.9819033	0.000758043246429359	1.65095797098931e-05
3.5479143	0.000758107848316704	1.69818943332282e-05
3.1629577	0.0007622123430121	1.59695521421527e-05
2.818361	0.000761947474014186	1.61734650985235e-05
2.5112481	0.000762384331329575	1.66081369524026e-05
2.2398233	0.000763511355323336	1.76336098488599e-05
1.9950197	0.00076345515096485	1.76287123589553e-05
1.7775893	0.000766296111586258	1.90502257181664e-05
1.5846864	0.000766253245492379	1.79850273202724e-05
1.4122353	0.000767474961614793	1.92510538997136e-05
1.2582541	0.000767587566496345	1.86981946461923e-05
1.1224822	0.000770168677382335	1.83218491338423e-05
1.0000616	0.000771634339982549	2.10438418438493e-05
0.89082122	0.000775195236603618	1.9407523911207e-05
0.79444051	0.000774776391480971	2.05154216533517e-05
0.70784986	0.000774361428698789	2.01433690456203e-05
0.63126236	0.000777187910474544	2.45166639504091e-05
0.562536	0.00077961602991936	2.26612030764531e-05
0.50118715	0.000780239163236972	2.36490015905286e-05
0.44642836	0.000781953970941061	2.44080269951672e-05
0.39821118	0.000783561242090954	2.40656101729648e-05
0.35475865	0.000784625776897172	2.59028823085347e-05
0.31619295	0.000785391942708047	2.80718654593053e-05
0.2819173	0.000787849451704422	2.89391916792336e-05
0.25117323	0.000790574773898362	2.85195479039841e-05
0.22391155	0.000790001982267842	2.99796041193929e-05
0.19957349	0.00079212804781795	3.34225767835319e-05
0.17779917	0.000795930777264037	3.37760091168884e-05
0.15846863	0.000797913745712464	3.50880020961537e-05
0.14123619	0.00079787862273739	3.74417056305075e-05
0.12590662	0.000803471455638272	3.87268294970061e-05
0.1122199	0.000803098170615511	4.10736076401907e-05
0.10002181	0.000804423899387753	4.33032733232484e-05
