10002.226	0.00117746116469742	-0.00956710408547063
8914.9326	0.00113778315078153	-0.00856217798699071
7943.9951	0.0011016816139241	-0.00766563982391499
7081.583	0.00106562277857948	-0.00686300421662877
6307.7358	0.00103395012578267	-0.00614085454447244
5622.5879	0.00100236582898156	-0.00549750283022084
5011.603	0.000973286679320379	-0.00492238162528911
4466.4292	0.000948609203558633	-0.0044061073137856
3981.2773	0.000925961153034056	-0.00394544743978156
3548.8679	0.000902876487816357	-0.00353460203430832
3163.0398	0.000884697495696399	-0.00316441817021801
2819.0986	0.000866837918600438	-0.00283202750710612
2512.4104	0.000852154534684931	-0.00253843655076939
2239.2869	0.000835813089650514	-0.00227447649308805
1995.6381	0.000822206551556278	-0.00203614298546198
1778.2897	0.000810390480447352	-0.0018250702357378
1584.4927	0.000798952419540359	-0.00163385779614269
1412.7418	0.0007843967319176	-0.00146695158216619
1258.7905	0.000776033161326872	-0.00131533485731987
1121.7966	0.00076700426417258	-0.00118043972572793
999.68164	0.000759413014385055	-0.00105476759054372
891.42474	0.000750652138282892	-0.000950465919985951
794.23932	0.000742939702958536	-0.000851213246743296
707.96161	0.000736709528803273	-0.000762359737941939
631.00977	0.000730960699039189	-0.000685582687710846
562.33929	0.000722421939470297	-0.000614091805053341
501.12231	0.000718075041545473	-0.000549492239698506
446.57214	0.00071178993889307	-0.000492359390155136
398.08899	0.00070756673980262	-0.000438429364631598
354.88681	0.000699951986065176	-0.000392851566110894
316.31589	0.000698009043556377	-0.000350148843883033
281.8942	0.000697096555550339	-0.000310546414171837
251.20601	0.000689927579057166	-0.000274929189255961
223.92496	0.00069193459397777	-0.000243947163053701
199.55338	0.000688548576297692	-0.000216004210407523
177.78128	0.000690586043492199	-0.000185303910930521
158.52898	0.00069044546968961	-0.000164130776740173
141.21979	0.000689625892219801	-0.000143432978830134
125.92673	0.000688776183682538	-0.000123535999486122
112.19009	0.000690524733490486	-0.000106150839394297
99.968163	0.000691968978183124	-9.13997312998809e-05
89.115646	0.000694925141413665	-7.59372363523214e-05
79.415741	0.000694642136014078	-6.29952184619262e-05
70.793182	0.000699049334701526	-5.21668754702135e-05
63.082279	0.000702714092800042	-4.15293207835145e-05
56.241825	0.000705686605830323	-3.36292052337897e-05
50.112232	0.000708816878750752	-2.22766352688428e-05
44.671223	0.000710999234665526	-1.81222214214658e-05
39.808899	0.000712601771958324	-1.32250153985628e-05
35.488308	0.000717518427504032	-7.39469301403338e-06
31.629578	0.000719412826827735	-5.79374495408165e-07
28.187037	0.000721623493551265	1.39105033983836e-07
25.120602	0.000725147974341234	3.60983281014542e-06
22.385418	0.000727050262327196	8.71656990030751e-06
19.955338	0.000732536752139349	9.6723636213249e-06
17.775894	0.0007358463630729	1.167974357157e-05
15.846864	0.000738043835093334	9.70181402058213e-06
14.127493	0.000740037169421624	1.29536887583727e-05
12.587309	0.000738185738136974	1.43339491041979e-05
11.216775	0.000741965599982197	1.48960873594938e-05
9.9968166	0.000745783040981212	1.32640880143451e-05
8.9082127	0.000747415988733072	1.34028252088517e-05
7.9395623	0.000747854940124678	1.78415709916293e-05
7.0765615	0.00075096081926663	1.62713821119423e-05
6.3105822	0.000752901764757651	1.72486607846913e-05
5.6245475	0.000753952961140064	1.53445764041699e-05
5.0112233	0.000753349410367256	1.60674655152155e-05
4.4642835	0.000757616455648837	1.61846919826844e-05
3.9819033	0.000758011650945708	1.57530923648228e-05
3.5479143	0.000756908691985689	1.67805303459825e-05
3.1629577	0.000759033992393685	1.71215356981374e-05
2.818361	0.000761393133023627	1.79616086468441e-05
2.5112481	0.000761165102429712	1.60710924901496e-05
2.2398233	0.000762668145615843	1.81762868468152e-05
1.9950197	0.000762746180885163	1.67248761065289e-05
1.7775893	0.000767746720962566	1.67164097355309e-05
1.5846864	0.000765948529639167	1.8652533209351e-05
1.4122353	0.00076797128255099	1.81442710708035e-05
1.2582541	0.000768520729993017	1.7726648941135e-05
1.1224822	0.000770167250712863	1.74750135360676e-05
1.0000616	0.000771701801436021	1.9063917758332e-05
0.89082122	0.000773921691329959	2.10086063810168e-05
0.79444051	0.000775541197876188	1.82940804049645e-05
0.70784986	0.000774556445042015	2.24182916054499e-05
0.63126236	0.000779152652257047	2.13171772510367e-05
0.562536	0.000778557975895309	2.42082415170387e-05
0.50118715	0.000778874729865981	2.30780362964519e-05
0.44642836	0.000781199540411702	2.45315467053284e-05
0.39821118	0.000783560391362056	2.62897064276642e-05
0.35475865	0.000785036329816979	2.60001692171839e-05
0.31619295	0.000785423662362822	2.64154128049843e-05
0.2819173	0.000786671664991717	2.79886646112563e-05
0.25117323	0.000787788990797636	2.88257343290664e-05
0.22391155	0.000789627336605066	3.23359384105887e-05
0.19957349	0.000791598182344623	3.12656781319358e-05
0.17779917	0.000794043599592276	3.39260998572143e-05
0.15846863	0.000796798617963653	3.57347578300122e-05
0.14123619	0.000799681603792868	3.77247336505716e-05
0.12590662	0.000799619549851488	3.97001586408708e-05
0.1122199	0.000803054108703453	4.02547501151331e-05
0.10002181	0.000806524851855598	4.18058171518109e-05
