10002.226	0.00118040177609751	-0.00956758522228032
8914.9326	0.00113610030240264	-0.00856333936753874
7943.9951	0.00110081816937695	-0.00766506863940531
7081.583	0.00106578322855701	-0.00686226580135305
6307.7358	0.00103430518422594	-0.00613885927316601
5622.5879	0.00100274865882635	-0.0054992756794972
5011.603	0.000972547919856938	-0.00492372666468628
4466.4292	0.00094936972848749	-0.00440642730710789
3981.2773	0.000925789724030133	-0.00394457013394988
3548.8679	0.000903148230510678	-0.00353503015854154
3163.0398	0.00088371298759541	-0.00316345026520503
2819.0986	0.000867273092868686	-0.00283298431131949
2512.4104	0.000850305714907616	-0.00253690477770252
2239.2869	0.000834770181657161	-0.00227478938674028
1995.6381	0.00082216725806087	-0.00203734031714981
1778.2897	0.000809538656626263	-0.00182461616682734
1584.4927	0.000798079179098692	-0.00163563023656348
1412.7418	0.000783854496574325	-0.00146500095405093
1258.7905	0.000778321893953882	-0.00131582082817134
1121.7966	0.000768147242990216	-0.00118049898094149
999.68164	0.000758246034439083	-0.00105649088359621
891.42474	0.000751597195034228	-0.00094945567735289
794.23932	0.00074352499079481	-0.000852995335347554
707.96161	0.00073674380826121	-0.000762836793602572
631.00977	0.000728575420790375	-0.000685427183962513
562.33929	0.000724607571168472	-0.000613302320261937
501.12231	0.000715174156456348	-0.00055060953580531
446.57214	0.000711515762309986	-0.000490754205195977
398.08899	0.000706680742652227	-0.00044087257395801
354.88681	0.000701248458828981	-0.000393407954362954
316.31589	0.000700368900803782	-0.000349533404028992
281.8942	0.000695870616334393	-0.000311164000128846
251.20601	0.000691501946510704	-0.000275921449574575
223.92496	0.000691381395580983	-0.000243271753625458
199.55338	0.000689320504949284	-0.000215098988358875
177.78128	0.000689211209487197	-0.000187900405741289
158.52898	0.000690215617507389	-0.000163308359620175
141.21979	0.000688379069872889	-0.000143928060312835
125.92673	0.000689747353876457	-0.000123953363799354
112.19009	0.00069073720216846	-0.000107493556343014
99.968163	0.000691731869969451	-8.79706326073467e-05
89.115646	0.000695986210886509	-7.51466135401879e-05
79.415741	0.000696567524155963	-6.23075889851291e-05
70.793182	0.000696677467004921	-5.10590224967686e-05
63.082279	0.000701270998013309	-4.04838968505066e-05
56.241825	0.000704944313521277	-3.21629050299082e-05
50.112232	0.00070890642538209	-2.18765875742005e-05
44.671223	0.00071179838265072	-1.87156247331219e-05
39.808899	0.000713457732488509	-1.36693065248284e-05
35.488308	0.000717422025382599	-5.33338586546087e-06
31.629578	0.000720411756820409	-1.94107296840971e-06
28.187037	0.000722303792690346	-1.09793773184545e-06
25.120602	0.000725356434601762	5.04310815166418e-06
22.385418	0.000729402790670712	6.88099824523698e-06
19.955338	0.000732565224328667	8.31136340126698e-06
17.775894	0.000735357890406161	1.17438875890527e-05
15.846864	0.000738084392255604	1.22394291735722e-05
14.127493	0.000740255241122779	1.35520456680856e-05
12.587309	0.000740331423187266	1.54464058622773e-05
11.216775	0.000742078825779828	1.49862896450841e-05
9.9968166	0.000745933878583965	1.4513805966338e-05
8.9082127	0.000746389074394097	1.54518463719788e-05
7.9395623	0.000746978920931901	1.53607435242521e-05
7.0765615	0.000749901650491231	1.85762865358795e-05
6.3105822	0.000753086743443535	1.754284463141e-05
5.6245475	0.00075205304059863	1.49870466455109e-05
5.0112233	0.000755638764953734	1.78837032171015e-05
4.4642835	0.000756639884959889	1.68287560110535e-05
3.9819033	0.000757098662785161	1.66290820330965e-05
3.5479143	0.000760322259163489	1.86747522349112e-05
3.1629577	0.000760722413026221	1.87714058075025e-05
2.818361	0.000762570829560317	1.72448813445054e-05
2.5112481	0.000761163910028318	1.52068661086825e-05
2.2398233	0.000763169075653959	1.67937973836436e-05
1.9950197	0.000764692846821858	1.78006599924639e-05
1.7775893	0.000767012337729701	1.71745016274025e-05
1.5846864	0.00076685617725501	1.61985684072203e-05
1.4122353	0.000768770058731602	1.88017876655275e-05
1.2582541	0.000769301564505603	2.09679345816697e-05
1.1224822	0.000769839466509049	1.80280320420518e-05
1.0000616	0.000772338602839832	1.97593400548007e-05
0.89082122	0.00077329229128416	2.06435366206197e-05
0.79444051	0.000772899632535342	1.97063516566344e-05
0.70784986	0.000775218024437782	1.94752118514076e-05
0.63126236	0.000775928837527684	2.23173616631397e-05
0.562536	0.000778406281084711	2.2657791080699e-05
0.50118715	0.000780230898415321	2.34705760381936e-05
0.44642836	0.000781793768166187	2.45758310492955e-05
0.39821118	0.000781963797655004	2.48499787904713e-05
0.35475865	0.000785325331008264	2.58141763233901e-05
0.31619295	0.000785439025004392	2.8415260253241e-05
0.2819173	0.000788220193399817	2.84549031086119e-05
0.25117323	0.000790957526748683	2.7514722155274e-05
0.22391155	0.000792212770624214	3.22821213376462e-05
0.19957349	0.000792573406419463	3.2849131850749e-05
0.17779917	0.000794494549151323	3.53647087413876e-05
0.15846863	0.000797759678678805	3.37137794076264e-05
0.14123619	0.000798179862723374	3.78969875535554e-05
0.12590662	0.000799564163909225	3.86665466334045e-05
0.1122199	0.000802336116922983	4.22320430891851e-05
0.10002181	0.000803840477263146	4.34871480345639e-05
