10002.226	0.00117842049700494	-0.00956674317278596
8914.9326	0.00113825205664284	-0.00856473345846967
7943.9951	0.00109911552210992	-0.00766606430881196
7081.583	0.00106475367309731	-0.00686318004966309
6307.7358	0.00103379365994475	-0.00614047436657733
5622.5879	0.00100241379269603	-0.00549721578094915
5011.603	0.00097298332494075	-0.00492482913853528
4466.4292	0.00095023460338172	-0.00440693292057963
3981.2773	0.000925372657596783	-0.00394505216371408
3548.8679	0.000902495996357559	-0.00353388212171069
3163.0398	0.000882896575787647	-0.00316437281116519
2819.0986	0.000867143428188749	-0.00283367128742604
2512.4104	0.000850861715951117	-0.0025383761330625
2239.2869	0.000835051510075819	-0.00227516400233398
1995.6381	0.000823295353351434	-0.00203731202500196
1778.2897	0.000808998030672739	-0.00182605371337615
1584.4927	0.000798321528270047	-0.00163737616892181
1412.7418	0.000785358740359513	-0.0014648238234918
1258.7905	0.000776207721508544	-0.00131562365135667
1121.7966	0.000767204480611359	-0.0011799317306149
999.68164	0.000758268411733658	-0.00105756663599253
891.42474	0.000750720224333415	-0.00094910646630601
794.23932	0.000742970928522651	-0.000852861403484217
707.96161	0.000735862710114759	-0.000762577626250583
631.00977	0.000729448028127312	-0.000686613496701388
562.33929	0.000724221071758052	-0.000614267301217817
501.12231	0.000717024522689972	-0.000550208027635725
446.57214	0.000711226536844864	-0.000493329977396924
398.08899	0.000706048308352864	-0.000440255880586241
354.88681	0.000703792771789565	-0.000392820723976671
316.31589	0.000699358751657683	-0.000348700780631088
281.8942	0.00069658177772705	-0.000312863763847231
251.20601	0.000691414022630568	-0.000274904789237282
223.92496	0.000691289054662107	-0.000245314316272943
199.55338	0.000688424538024433	-0.000215694716162802
177.78128	0.000689491815815467	-0.000186649940201157
158.52898	0.000689008974388978	-0.000166269094223583
141.21979	0.000689789297554509	-0.000145540583553487
125.92673	0.000688449312638683	-0.00012339645594075
112.19009	0.000690639989437622	-0.000108215749960402
99.968163	0.000693021615547956	-8.88932210522482e-05
89.115646	0.000695569822332365	-7.75595702211524e-05
79.415741	0.000696657005823876	-6.32707695338891e-05
70.793182	0.000699113779432605	-5.05744184419358e-05
63.082279	0.000701658008326398	-4.26523369484542e-05
56.241825	0.00070534351308952	-3.17680142195521e-05
50.112232	0.000706344037491503	-2.47974142209663e-05
44.671223	0.000709451822862436	-1.88476044021995e-05
39.808899	0.000714991857283379	-1.18589075755638e-05
35.488308	0.000715914157938162	-7.54072708877975e-06
31.629578	0.000720254621410096	-1.27916929884727e-06
28.187037	0.000723045382416304	-1.66172216476396e-07
25.120602	0.000724255359224909	6.38041851750792e-06
22.385418	0.000728626363298774	5.83593199906866e-06
19.955338	0.000732832267899875	8.2577689735377e-06
17.775894	0.000733796142387055	1.11434762748559e-05
15.846864	0.000737205729680767	1.07976156329456e-05
14.127493	0.0007392181864118	1.4312301294673e-05
12.587309	0.000742032001967651	1.38408622052286e-05
11.216775	0.000743466795062962	1.44525502787605e-05
9.9968166	0.000744934101335466	1.36085286592548e-05
8.9082127	0.000747876819420709	1.58212602502949e-05
7.9395623	0.00074939048177805	1.56372351416923e-05
7.0765615	0.000753673344596687	1.5638830898429e-05
6.3105822	0.000752948001968135	1.78679623098291e-05
5.6245475	0.000750740484844539	1.63000786360272e-05
5.0112233	0.000754965784747656	1.86092585985076e-05
4.4642835	0.000757391125040428	1.78219016007463e-05
3.9819033	0.000757496769081693	1.77391198534381e-05
3.5479143	0.000758871581201243	1.70888553533349e-05
3.1629577	0.000761578654631209	1.83560210151218e-05
2.818361	0.00076237238128178	1.79100632790246e-05
2.5112481	0.000762660648428675	1.79047131118708e-05
2.2398233	0.000762326828801962	1.78025919582246e-05
1.9950197	0.000764477606693252	1.5769374407373e-05
1.7775893	0.000764933206684467	1.74239154611436e-05
1.5846864	0.000766390200419529	1.78457742955622e-05
1.4122353	0.000768431569481981	1.6869890177523e-05
1.2582541	0.00076881481659599	1.95386339536031e-05
1.1224822	0.000769679653163091	1.88613613857294e-05
1.0000616	0.000769333192991201	1.92105658492248e-05
0.89082122	0.000771971071898785	1.99312491521053e-05
0.79444051	0.000772962294999362	1.87516712095844e-05
0.70784986	0.00077691090998251	2.21189282018067e-05
0.63126236	0.000776289942076833	2.15734500980046e-05
0.562536	0.000781103515165902	2.38166136309312e-05
0.50118715	0.000778787874016872	2.36720688282908e-05
0.44642836	0.000780102075207153	2.57200687606977e-05
0.39821118	0.000782995116438595	2.77521524622617e-05
0.35475865	0.00078205731019423	2.79258079457706e-05
0.31619295	0.000786174323802151	2.76039314257775e-05
0.2819173	0.00078687253122633	2.72575359182431e-05
0.25117323	0.000788219183464035	2.8747553623517e-05
0.22391155	0.000790883129969588	2.95609415859567e-05
0.19957349	0.000793107800693726	3.05372966844616e-05
0.17779917	0.00079274669720113	3.45712493771468e-05
0.15846863	0.000796356174959675	3.4851560280095e-05
0.14123619	0.000798483314447783	3.65947760992371e-05
0.12590662	0.000799611962287264	3.89722324444882e-05
0.1122199	0.000803662945486033	3.98462653971417e-05
0.10002181	0.000805860351854687	4.28858379284661e-05
