10002.226	0.0011778456923545	-0.0095687176105132
8914.9326	0.00113750822546057	-0.00856263641357157
7943.9951	0.0011009191578833	-0.00766614671041395
7081.583	0.00106427389422237	-0.00686263094890149
6307.7358	0.00103461497471344	-0.00614045385109773
5622.5879	0.00100161482704667	-0.00549729275994
5011.603	0.000972563769565838	-0.00492348968971241
4466.4292	0.000948817311081563	-0.0044055046005652
3981.2773	0.000924938677688126	-0.00394533690224897
3548.8679	0.000902110917562285	-0.00353514557672052
3163.0398	0.000885073163715663	-0.00316462584501668
2819.0986	0.000866750472093355	-0.002833238073081
2512.4104	0.000849356898465931	-0.00253747157247858
2239.2869	0.000835027410745818	-0.00227524114937065
1995.6381	0.000821766399763376	-0.0020368797169074
1778.2897	0.000810767228824257	-0.00182635890490712
1584.4927	0.000797553626830852	-0.00163677774979439
1412.7418	0.000784650420521094	-0.00146529896692302
1258.7905	0.000776052606594599	-0.00131484302292059
1121.7966	0.000767341641959313	-0.00118157712551846
999.68164	0.000758730126044582	-0.00105662160638751
891.42474	0.000751807401622597	-0.000948956615682688
794.23932	0.000742976888886314	-0.000853290611841629
707.96161	0.000735282011844465	-0.000764615666451561
631.00977	0.000727653269805845	-0.000685949784402664
562.33929	0.000722639816475729	-0.000614211626821136
501.12231	0.000718339086546008	-0.000550704669089979
446.57214	0.000712024482789304	-0.000493602856583572
398.08899	0.000706348135068428	-0.000440817260218431
354.88681	0.000702526845563457	-0.000391542824548011
316.31589	0.0006992254938573	-0.000349656486580053
281.8942	0.000696133818539506	-0.000310015976794648
251.20601	0.000691334574680159	-0.000276016637915448
223.92496	0.000692354679140377	-0.000243769365831583
199.55338	0.000691340879325175	-0.000216826314054274
177.78128	0.000687624547738843	-0.000189282300914204
158.52898	0.000690006737268319	-0.000164512420208302
141.21979	0.000689440516700401	-0.000144969298586341
125.92673	0.000688756621927229	-0.000123645166485813
112.19009	0.000694505094498188	-0.000107502609485476
99.968163	0.000691671953709823	-8.93107067501995e-05
89.115646	0.0006957065267646	-7.52988093942458e-05
79.415741	0.000696654892210523	-6.25476248605644e-05
70.793182	0.00069976739085823	-5.18706493686166e-05
63.082279	0.00070216790814348	-4.14992002461353e-05
56.241825	0.000706804013433305	-3.23648468200618e-05
50.112232	0.000707565617364889	-2.06112324082101e-05
44.671223	0.00071011247319532	-1.78835586931825e-05
39.808899	0.000714340453079787	-1.34830063046376e-05
35.488308	0.000717156578947619	-1.00236238170029e-05
31.629578	0.000719997669490621	-1.4587212349806e-06
28.187037	0.000722289942917257	5.13647788079654e-07
25.120602	0.000725568385758835	4.11272782410741e-06
22.385418	0.000729745120171321	7.64993614389407e-06
19.955338	0.000731144062046239	6.27680667767067e-06
17.775894	0.000736161196953474	1.1626732746769e-05
15.846864	0.000737449146111802	1.03948093856576e-05
14.127493	0.000740931090566594	1.18307489531379e-05
12.587309	0.000742204660836348	1.26530440496364e-05
11.216775	0.00074220656233877	1.37959453619223e-05
9.9968166	0.00074627343325841	1.38272368046241e-05
8.9082127	0.000746643967269199	1.61518040980449e-05
7.9395623	0.000749689725620976	1.64237968571924e-05
7.0765615	0.000751549565005122	1.60473714019164e-05
6.3105822	0.000748980606364774	1.69747463516307e-05
5.6245475	0.000753545566625546	1.61185429943218e-05
5.0112233	0.000757051881864933	1.63651938590445e-05
4.4642835	0.000756430403695913	1.79965734801927e-05
3.9819033	0.000758448619532927	1.579478697067e-05
3.5479143	0.000759271147539242	1.49431765821599e-05
3.1629577	0.000760022364509228	1.72030692451455e-05
2.818361	0.000763463324904192	1.88466800238854e-05
2.5112481	0.000762773113144906	1.37172983290701e-05
2.2398233	0.000763463049909832	1.83058024123401e-05
1.9950197	0.000764060151380859	1.48045044421366e-05
1.7775893	0.00076655702123928	1.86418116010771e-05
1.5846864	0.000765211763761777	1.91230718192987e-05
1.4122353	0.000767055534748752	1.80628302917113e-05
1.2582541	0.000766898655613746	1.93699542096559e-05
1.1224822	0.000770354794564477	1.94973027645843e-05
1.0000616	0.000771007460052249	2.0436169836602e-05
0.89082122	0.000772528455510637	2.0170154650183e-05
0.79444051	0.000772776890457681	2.20186757614793e-05
0.70784986	0.000775552646865746	2.08642313295664e-05
0.63126236	0.000776674109456587	2.36722039246995e-05
0.562536	0.000777509052799037	2.24813087401342e-05
0.50118715	0.000778968135730962	2.2390797861992e-05
0.44642836	0.000781559036894395	2.48396616478426e-05
0.39821118	0.000783523689168801	2.51768386609759e-05
0.35475865	0.000784394748628089	2.78783507975819e-05
0.31619295	0.000784661862221859	2.80570663169632e-05
0.2819173	0.000787769208311721	2.72072356059321e-05
0.25117323	0.000789345481543656	2.79563218234841e-05
0.22391155	0.000789297242749821	3.11037582116569e-05
0.19957349	0.000793134974244008	3.1108204326037e-05
0.17779917	0.000793595132696482	3.51444130079399e-05
0.15846863	0.000796985528823042	3.67609452103035e-05
0.14123619	0.000797733436572385	3.87766644756087e-05
0.12590662	0.000801421904926881	3.8877049282928e-05
0.1122199	0.000803264537218415	4.03521167799756e-05
0.10002181	0.000805001945231969	4.29654883259011e-05
