10002.226	0.00117005581796873	-0.00954482154558455
8914.9326	0.00112948605241526	-0.00854351581533947
7943.9951	0.00109267230473776	-0.0076469267178782
7081.583	0.00105614555524751	-0.00684562060798084
6307.7358	0.00102556961361087	-0.00612631342507464
5622.5879	0.000991905241484413	-0.00548486038615375
5011.603	0.000965141283693805	-0.00491126392250403
4466.4292	0.000942100365399575	-0.00439540120195287
3981.2773	0.000915712266831121	-0.00393509091604968
3548.8679	0.000894188361613888	-0.00352587774526489
3163.0398	0.000875330164902245	-0.00315580571039424
2819.0986	0.000859317530083501	-0.00282624745927162
2512.4104	0.000841305969408071	-0.00253353311154821
2239.2869	0.000827690921369271	-0.00226921541154206
1995.6381	0.000815377516103768	-0.00203237095614261
1778.2897	0.000801343359187727	-0.00182047568675244
1584.4927	0.000790914263975912	-0.00163231669164684
1412.7418	0.000777436878488314	-0.00146238665624079
1258.7905	0.000768586674455996	-0.00131020764032454
1121.7966	0.000758607168691468	-0.00117792431876303
999.68164	0.00075055668710112	-0.00105620931900402
891.42474	0.000741912045469395	-0.00094516511113834
794.23932	0.000737499749451494	-0.000851519972158163
707.96161	0.000726560126024107	-0.00076016543523432
631.00977	0.000718334062964479	-0.000685072557187933
562.33929	0.000714409314544376	-0.000610948628632913
501.12231	0.000708558825611271	-0.000548473661459956
446.57214	0.000703762667403872	-0.000491301529639333
398.08899	0.000698357294499942	-0.000439445763140859
354.88681	0.000694713442850588	-0.000389739947129962
316.31589	0.000692526068682724	-0.000347300681647946
281.8942	0.000687035861371253	-0.000311421138292234
251.20601	0.000683857570564796	-0.000274972261624591
223.92496	0.000684089645090031	-0.000243575800239788
199.55338	0.00068224965332963	-0.000213760729020631
177.78128	0.000681118557789204	-0.000186920093563151
158.52898	0.000679392859602743	-0.000163339692127496
141.21979	0.00068050346542639	-0.000143169073410322
125.92673	0.0006801891880034	-0.000120761987945228
112.19009	0.000682870387841542	-0.000107253697047203
99.968163	0.000686002117536654	-8.99718455994328e-05
89.115646	0.000688806423836774	-7.54882223955549e-05
79.415741	0.000687275317911228	-6.23680952336619e-05
70.793182	0.000691135408013349	-4.96091085934715e-05
63.082279	0.000693598092700306	-4.0067212143006e-05
56.241825	0.0006972968733084	-3.15291595723151e-05
50.112232	0.000698762697378814	-2.13190565586441e-05
44.671223	0.000702034421181425	-1.79535868198726e-05
39.808899	0.000705814467596461	-1.21492177276712e-05
35.488308	0.000708823259710269	-8.49942428807235e-06
31.629578	0.000711505712125703	-2.63038888491403e-06
28.187037	0.000713805117365609	1.31858707729948e-07
25.120602	0.000716218767725379	4.98224212433093e-06
22.385418	0.000720027123915281	6.38909696465636e-06
19.955338	0.000724446329659013	9.16531647813177e-06
17.775894	0.000726417544301806	1.24809103807776e-05
15.846864	0.000728460286751647	1.15100751632671e-05
14.127493	0.00073086065627305	1.34486880004108e-05
12.587309	0.000731261741746103	1.42040533457969e-05
11.216775	0.000733422695354168	1.42675942784768e-05
9.9968166	0.000736588981843022	1.34537816517503e-05
8.9082127	0.000739517908098875	1.6915897467352e-05
7.9395623	0.000739812510214226	1.72061232614061e-05
7.0765615	0.000743360875237533	1.69218389931896e-05
6.3105822	0.000741794917963252	1.75940097967965e-05
5.6245475	0.000745239044811544	1.62524357173936e-05
5.0112233	0.000745984361004251	1.83600861860853e-05
4.4642835	0.000750130154305716	1.54335594753773e-05
3.9819033	0.000749377466367666	1.76945095332817e-05
3.5479143	0.00075190335400529	1.62454343590695e-05
3.1629577	0.000751327895955568	1.69305600041868e-05
2.818361	0.0007535989518566	1.60305085284596e-05
2.5112481	0.000753835486490994	1.63306732013846e-05
2.2398233	0.000753434165296804	1.70104169200758e-05
1.9950197	0.000755710925711972	1.79532758453632e-05
1.7775893	0.000757255431589424	1.82986966428862e-05
1.5846864	0.00075850336481204	1.77401923081501e-05
1.4122353	0.000758816050028619	1.74397446442832e-05
1.2582541	0.000761753967456558	1.80193756692354e-05
1.1224822	0.000760747861031032	2.08820129272751e-05
1.0000616	0.000764031644099975	2.09072207215456e-05
0.89082122	0.000764794437275292	2.00902285361397e-05
0.79444051	0.000766353614363913	2.08600800480657e-05
0.70784986	0.000767963143067578	2.24673718996172e-05
0.63126236	0.00076916032227529	2.22004647109666e-05
0.562536	0.000769708875364074	2.11411708280165e-05
0.50118715	0.000771427812973	2.27981596413762e-05
0.44642836	0.00077160559061015	2.29853777628867e-05
0.39821118	0.000775007883151088	2.75991835226812e-05
0.35475865	0.000775743472388139	2.59064059094138e-05
0.31619295	0.000776567912931264	2.56428378701272e-05
0.2819173	0.000779669762607297	2.81610975893798e-05
0.25117323	0.000781047709809062	3.01819635675218e-05
0.22391155	0.000782703648059479	2.97068936202938e-05
0.19957349	0.000783827457470618	3.27373295340635e-05
0.17779917	0.000785262239513836	3.39086355948199e-05
0.15846863	0.000787892823104939	3.63870319893243e-05
0.14123619	0.000790844501125643	3.74989398110108e-05
0.12590662	0.000790885558827947	3.78229737768843e-05
0.1122199	0.000793257737698502	4.03879197762141e-05
0.10002181	0.000798567238718853	4.34299668406961e-05
