10002.226	0.00117024941176309	-0.00954436697389007
8914.9326	0.00112879448206884	-0.00854286320201234
7943.9951	0.00109303890308349	-0.00764584947198053
7081.583	0.00105754899984549	-0.00684640901335231
6307.7358	0.00102580342509681	-0.00612711120679856
5622.5879	0.000995953656948887	-0.00548421039234375
5011.603	0.000964587799628066	-0.00491142743089076
4466.4292	0.000942091409574207	-0.00439620398234889
3981.2773	0.000916420513716912	-0.00393498626417309
3548.8679	0.000894180057767765	-0.00352493354345099
3163.0398	0.000875808116917245	-0.00315896035395397
2819.0986	0.000857028372704046	-0.00282603750995217
2512.4104	0.00084157499728391	-0.00253267789111575
2239.2869	0.000827166203569764	-0.00226949669458361
1995.6381	0.000812801215623662	-0.00203277373380659
1778.2897	0.000801129642908937	-0.00182034086826226
1584.4927	0.000789278353138682	-0.00163023240529906
1412.7418	0.000777336438998087	-0.00146282222474688
1258.7905	0.000767447729030855	-0.00131177917700023
1121.7966	0.000760580662609442	-0.00117692332307887
999.68164	0.000750231342844309	-0.00105235579223143
891.42474	0.000739919733766622	-0.000946862507873984
794.23932	0.000733250659368535	-0.000848715859028342
707.96161	0.00072663585305528	-0.000762131374799515
631.00977	0.0007188672253346	-0.000683695430232941
562.33929	0.000714275754274295	-0.000613764183299837
501.12231	0.000710780785210484	-0.000550253952255806
446.57214	0.000702875858033202	-0.000488960945786331
398.08899	0.000698121710182039	-0.000440417336465395
354.88681	0.00069338177661762	-0.000391362951247721
316.31589	0.000691432873582054	-0.000347101267238494
281.8942	0.000688386233965618	-0.000309782542113568
251.20601	0.000684940860329514	-0.000276699635439514
223.92496	0.000684021303616381	-0.000243606208585415
199.55338	0.000680829598922977	-0.000215017075924297
177.78128	0.000681685092248473	-0.000186538538041975
158.52898	0.000681681643734394	-0.000165273671073353
141.21979	0.000681508021029692	-0.000144836300051379
125.92673	0.000680588742521918	-0.000123242396813598
112.19009	0.000682414902046611	-0.000108546868584065
99.968163	0.000684612711834931	-8.82133271614651e-05
89.115646	0.000684981785907489	-7.5176420644161e-05
79.415741	0.000690356381204901	-6.41809853995979e-05
70.793182	0.000690640760361899	-5.20664025287534e-05
63.082279	0.000694026013527126	-4.19041986039536e-05
56.241825	0.000697797220021527	-3.17721383078568e-05
50.112232	0.000699842173109016	-2.16331772440776e-05
44.671223	0.000701226975670403	-1.81388342708507e-05
39.808899	0.000706436979298587	-1.41994217719483e-05
35.488308	0.000708666324121116	-6.44559407596016e-06
31.629578	0.000711981853059903	-1.54677970525118e-06
28.187037	0.000713061550154537	2.28055897228646e-06
25.120602	0.000714928235467673	2.98086316910916e-06
22.385418	0.000720541772965071	7.44061296724261e-06
19.955338	0.000722727492833833	7.40183269784784e-06
17.775894	0.000727101246596093	1.03587929042923e-05
15.846864	0.000727602319857252	1.0846583159921e-05
14.127493	0.000732572555556225	1.36969853974643e-05
12.587309	0.000732045149245457	1.07846157723496e-05
11.216775	0.000734077656763829	1.23469714367246e-05
9.9968166	0.000736749126763576	1.3832041469533e-05
8.9082127	0.000738392973004891	1.37201125417626e-05
7.9395623	0.000740870985945521	1.44081573628098e-05
7.0765615	0.000744908012974526	1.91204967907451e-05
6.3105822	0.000743724637383188	1.67668154301537e-05
5.6245475	0.000744672921628676	1.70660260574346e-05
5.0112233	0.000747401691296161	1.76415654059485e-05
4.4642835	0.000748864811522627	1.76341436037434e-05
3.9819033	0.000748262261688415	1.73217137547263e-05
3.5479143	0.00074834130693251	1.66920866849828e-05
3.1629577	0.000752424992198786	1.83773507702797e-05
2.818361	0.000753624513109255	1.68398303440179e-05
2.5112481	0.000753136734119349	1.6662064948272e-05
2.2398233	0.000753753959096219	1.71203726672786e-05
1.9950197	0.000755572917545145	1.56739657574118e-05
1.7775893	0.000759783639723744	1.79704126857629e-05
1.5846864	0.000758354719581845	1.89632058245929e-05
1.4122353	0.000758756684973507	1.86164160331244e-05
1.2582541	0.000759116719021986	2.04629342188145e-05
1.1224822	0.000762506618993931	2.01983400186837e-05
1.0000616	0.00076338888495414	1.88698540754947e-05
0.89082122	0.000765903452037894	1.95870389674437e-05
0.79444051	0.000767585405137343	1.84434227938901e-05
0.70784986	0.000765763151259277	2.1957927758948e-05
0.63126236	0.000770308432324053	2.09241066219959e-05
0.562536	0.000769798496292327	2.21392563078058e-05
0.50118715	0.000772639584671743	2.45062827323097e-05
0.44642836	0.00077235625770373	2.38309746667679e-05
0.39821118	0.000774678060910704	2.5779311791171e-05
0.35475865	0.000775536534136726	2.94871546490176e-05
0.31619295	0.00077878600127521	2.60765182462997e-05
0.2819173	0.000781243419194031	2.71815677282322e-05
0.25117323	0.000781176312818356	2.91234294523305e-05
0.22391155	0.000784389334936726	3.15125214478642e-05
0.19957349	0.000786166085560838	3.14356760697821e-05
0.17779917	0.00078527545319486	3.43556743961649e-05
0.15846863	0.000789418140164192	3.50073750129536e-05
0.14123619	0.000789324752049725	3.72534663372941e-05
0.12590662	0.000791012924814807	3.77776088702485e-05
0.1122199	0.000793434176752517	3.99527961327573e-05
0.10002181	0.000796085577084819	4.34668387696666e-05
