10002.226	0.00117061837365589	-0.00954529652296182
8914.9326	0.00112968524644015	-0.00854435274284317
7943.9951	0.00109182100204248	-0.00764828137658109
7081.583	0.00105787308091296	-0.00684574067003314
6307.7358	0.00102602777223147	-0.00612763088079635
5622.5879	0.000993360452446237	-0.00548515185585998
5011.603	0.000964631151454178	-0.00491041032867938
4466.4292	0.000941709533927471	-0.00439604967058401
3981.2773	0.000917796227080174	-0.00393704210302785
3548.8679	0.000894419254451646	-0.00352636839843977
3163.0398	0.000876381901469863	-0.00315721339731373
2819.0986	0.000858433267057965	-0.00282580628972597
2512.4104	0.000843048130259132	-0.00253238701198062
2239.2869	0.000825441679814678	-0.00226965372395232
1995.6381	0.00081382726235963	-0.00202974641104781
1778.2897	0.000800666556977885	-0.00182175611738649
1584.4927	0.000791019667178201	-0.00162941933171842
1412.7418	0.00077638916194643	-0.00146271856531087
1258.7905	0.00076593155882799	-0.00131033373684418
1121.7966	0.000759283375473833	-0.00117648265550823
999.68164	0.000750057915544008	-0.00105398555681365
891.42474	0.000742148075382605	-0.000947909785613896
794.23932	0.000734963216865973	-0.000850120748880388
707.96161	0.00072628015737573	-0.000761414561317055
631.00977	0.000719679300173051	-0.000683689973552355
562.33929	0.000713826308744752	-0.000613748976772597
501.12231	0.000708549102900951	-0.000548631181589095
446.57214	0.000703187674428666	-0.000491209464829645
398.08899	0.000697957003076631	-0.000438341746063946
354.88681	0.000692219491529335	-0.000391437827487533
316.31589	0.000692407286025678	-0.000348265766942363
281.8942	0.000688328463494201	-0.00031114908538581
251.20601	0.000681972835006508	-0.000274275769102865
223.92496	0.00068138230490285	-0.000243421192658231
199.55338	0.000682345295501186	-0.000214205980532413
177.78128	0.000680670031529538	-0.000187787216244081
158.52898	0.000679605795547297	-0.000164330441490533
141.21979	0.000680731084865669	-0.000143810533582423
125.92673	0.000679855370697455	-0.00012269492868435
112.19009	0.000682518736417662	-0.000107264611383011
99.968163	0.000685121268008885	-8.87131057624897e-05
89.115646	0.000685844667247269	-7.67704112899143e-05
79.415741	0.000686562362427094	-6.35791061239714e-05
70.793182	0.000690576232896471	-5.27514372473629e-05
63.082279	0.000693213307702541	-4.23467268602792e-05
56.241825	0.000699368844655597	-3.13598520505364e-05
50.112232	0.000698714830044187	-2.39833365228635e-05
44.671223	0.000702239862930153	-1.6571497651357e-05
39.808899	0.000705828819080024	-1.34828031640045e-05
35.488308	0.000710087999737244	-6.49564865292646e-06
31.629578	0.000713477543984539	-2.92634370062562e-06
28.187037	0.000716357005653812	1.46672551787473e-06
25.120602	0.000718011935281827	3.14071550864847e-06
22.385418	0.000721897844973683	5.07363005249649e-06
19.955338	0.000723616489770447	8.95039598706538e-06
17.775894	0.000728736181939171	1.20849573735331e-05
15.846864	0.000728472269765252	1.14389339979446e-05
14.127493	0.000732721972502988	1.29248640278954e-05
12.587309	0.000733748143779806	1.20161717415555e-05
11.216775	0.000734367131083626	1.3625544399229e-05
9.9968166	0.000736178500119541	1.35303449279776e-05
8.9082127	0.000738969211606872	1.57456579556174e-05
7.9395623	0.000738414688061715	1.58927409437303e-05
7.0765615	0.000743549492254368	1.72403341143923e-05
6.3105822	0.000743087571385183	1.66704017603649e-05
5.6245475	0.000745494337912567	1.52767227415917e-05
5.0112233	0.000747101441468301	1.83918708638746e-05
4.4642835	0.000747802904132591	1.8404705329155e-05
3.9819033	0.000748796108635336	1.64834964163077e-05
3.5479143	0.000750419441832399	1.68913112459896e-05
3.1629577	0.000752736488362167	1.7029306889641e-05
2.818361	0.000754333497348813	1.64806942431538e-05
2.5112481	0.00075359575626821	1.51982381747333e-05
2.2398233	0.000755327745119721	1.75113029235219e-05
1.9950197	0.000754522639759254	1.76266912144153e-05
1.7775893	0.000756223473797273	1.66247709960984e-05
1.5846864	0.000756828515690547	1.88775249218363e-05
1.4122353	0.000758268454594817	1.9642894454464e-05
1.2582541	0.000758413557266072	1.77726867511369e-05
1.1224822	0.000764233707788804	2.10005978779835e-05
1.0000616	0.000763642484147832	2.06906455185707e-05
0.89082122	0.000763363722914888	2.0903224417037e-05
0.79444051	0.000766695267308884	1.95583694232319e-05
0.70784986	0.000766416579306385	2.30047574470344e-05
0.63126236	0.000767574446727832	2.13171677365975e-05
0.562536	0.000770618329127995	2.22402401060183e-05
0.50118715	0.000771557052860253	2.39620423713592e-05
0.44642836	0.000773165052286741	2.42715602488438e-05
0.39821118	0.000774224938932698	2.57135072485957e-05
0.35475865	0.000775825658640998	2.59309921509389e-05
0.31619295	0.000777433260614516	2.7707759981993e-05
0.2819173	0.000778287420648986	2.79835694782642e-05
0.25117323	0.000779954101035008	3.0279128101138e-05
0.22391155	0.000782999151994033	3.0879352333766e-05
0.19957349	0.000784165878100993	3.11272083059985e-05
0.17779917	0.000786585170277174	3.45544294481154e-05
0.15846863	0.000788166420274196	3.52089506625035e-05
0.14123619	0.000790251042950379	3.75684381306475e-05
0.12590662	0.000793226574404795	3.98335579825768e-05
0.1122199	0.000794247478536104	4.08852849375805e-05
0.10002181	0.000797883764779678	4.26888814607276e-05
