10002.226	0.00117069977576639	-0.00954514626614028
8914.9326	0.00113055510343393	-0.00854543297578181
7943.9951	0.00109271571186438	-0.00764657188444164
7081.583	0.00105600064742662	-0.00684365904716791
6307.7358	0.00102600932074548	-0.00612582006184548
5622.5879	0.000995094147071932	-0.00548366002952889
5011.603	0.000967010697681807	-0.00491101507702787
4466.4292	0.000941221074423451	-0.00439628672093295
3981.2773	0.000916324180359471	-0.00393604647142073
3548.8679	0.000893978554737198	-0.00352616515947826
3163.0398	0.000875592930692653	-0.00315647928712945
2819.0986	0.000859335713019386	-0.00282676784950206
2512.4104	0.000841465500757562	-0.00253185191865164
2239.2869	0.000826484893660574	-0.00226833519039941
1995.6381	0.000814063337704753	-0.00203204202515621
1778.2897	0.000802866708862912	-0.00181990558180065
1584.4927	0.000790496537383618	-0.00163267977786598
1412.7418	0.000776318186777943	-0.0014647126721353
1258.7905	0.000768959625500717	-0.00131312215442966
1121.7966	0.000758238902525171	-0.00117766309492626
999.68164	0.000752344458924065	-0.00105435642259662
891.42474	0.000742457616917839	-0.000946614840285187
794.23932	0.000736379012526639	-0.000850979270251131
707.96161	0.000727633247849529	-0.000761388312148027
631.00977	0.000721434630914264	-0.000685832108050997
562.33929	0.000714007718189796	-0.000612060429292686
501.12231	0.000708630680801962	-0.000549097631151189
446.57214	0.000703771246435746	-0.000491048730874451
398.08899	0.00069867666247003	-0.000441213051328282
354.88681	0.000693949619444357	-0.00038926578175242
316.31589	0.000693551300416574	-0.000348164692176196
281.8942	0.000686058375589353	-0.000309509019090714
251.20601	0.000682948047557134	-0.000274828188766929
223.92496	0.00068244532644011	-0.000243939284959248
199.55338	0.000680466314098569	-0.000215265081892645
177.78128	0.000679384995269043	-0.000186392659581624
158.52898	0.000680813207157669	-0.000164951398192481
141.21979	0.000679195278421052	-0.000145374544210314
125.92673	0.000681487190706824	-0.000123335196765725
112.19009	0.000683958341935952	-0.00010662165704566
99.968163	0.000687149499508135	-8.82776591489509e-05
89.115646	0.00068514579858866	-7.4367431444509e-05
79.415741	0.000688204383037015	-6.45037743469756e-05
70.793182	0.000691209639497346	-4.96843267436096e-05
63.082279	0.000691577262880364	-3.96241608309344e-05
56.241825	0.000698183026468687	-3.1677602004658e-05
50.112232	0.000698481842253645	-2.27641322942754e-05
44.671223	0.000701649039478214	-1.74608096769251e-05
39.808899	0.000704937144394401	-1.31652394298303e-05
35.488308	0.000708267363358273	-6.95719111454352e-06
31.629578	0.000712919295293271	-2.05572262588149e-06
28.187037	0.000714510010524444	-6.64157547014206e-07
25.120602	0.000717268882606268	3.53509538664667e-06
22.385418	0.00072045806522579	5.90941598187647e-06
19.955338	0.000723188035994209	8.50142402385202e-06
17.775894	0.000725289799090457	1.25225758413444e-05
15.846864	0.00073126732133454	1.13399435698334e-05
14.127493	0.000729291759505045	1.27868356288578e-05
12.587309	0.00073412826285437	1.33058420135424e-05
11.216775	0.00073361581440796	1.27271505287722e-05
9.9968166	0.000737009074968798	1.40550605784697e-05
8.9082127	0.000740597402170023	1.59886808778044e-05
7.9395623	0.000740873058586409	1.70045415944158e-05
7.0765615	0.000742123441611501	1.8545379236031e-05
6.3105822	0.000743921587665791	1.78509193837851e-05
5.6245475	0.000745782355059372	1.64998733499092e-05
5.0112233	0.000747564127665543	1.85473291701432e-05
4.4642835	0.000748566654322323	1.74803612273947e-05
3.9819033	0.000749598028151897	1.7727446401231e-05
3.5479143	0.00075037496502952	1.63681766171943e-05
3.1629577	0.000751257367429194	1.80464961577372e-05
2.818361	0.000754398013546504	1.70309406260567e-05
2.5112481	0.000754916645285778	1.89431416802576e-05
2.2398233	0.000753255182087575	1.92051683399479e-05
1.9950197	0.000756291492922003	1.72847287758563e-05
1.7775893	0.000758282130342854	1.78428025173396e-05
1.5846864	0.000757775207173079	1.75666939901871e-05
1.4122353	0.000759183589066819	1.79389470678418e-05
1.2582541	0.000761217214312597	1.92121304670967e-05
1.1224822	0.000762214417705962	2.06063280813534e-05
1.0000616	0.000761559734860955	1.93106981817176e-05
0.89082122	0.000765188419914359	2.10366718180572e-05
0.79444051	0.000765596948705393	2.07286940931493e-05
0.70784986	0.000766793468680773	2.23297757860073e-05
0.63126236	0.000768442154038797	2.25122649849521e-05
0.562536	0.000769979981115041	2.29076505880845e-05
0.50118715	0.000770390820469574	2.40357790647043e-05
0.44642836	0.00077330370695421	2.34802199438366e-05
0.39821118	0.000776006294951288	2.50253287609777e-05
0.35475865	0.000775549687181091	2.49761645915685e-05
0.31619295	0.000777311800987981	2.74938318782905e-05
0.2819173	0.00077998651821838	2.94771425023645e-05
0.25117323	0.000779315526347503	2.80034815487604e-05
0.22391155	0.000781655925819321	3.16906661056332e-05
0.19957349	0.000783489727676912	3.13751579368931e-05
0.17779917	0.000787289360206379	3.57241628850296e-05
0.15846863	0.000787733388481133	3.46676159857458e-05
0.14123619	0.000790799085922967	3.67536326648752e-05
0.12590662	0.000792004450091243	3.98694713885537e-05
0.1122199	0.000794956870110903	4.12194152258584e-05
0.10002181	0.000796405609389064	4.30309172905108e-05
