10002.226	0.00116947702979018	-0.00954231920528132
8914.9326	0.00113015586265751	-0.00854189069517294
7943.9951	0.0010914355964758	-0.00764586459807773
7081.583	0.00105538006770244	-0.00684727841225934
6307.7358	0.00102492492728392	-0.00612577122814406
5622.5879	0.000993420518491696	-0.00548542115033568
5011.603	0.00096361878750883	-0.00491285983538648
4466.4292	0.00094134070907092	-0.00439777667967341
3981.2773	0.000916139065919507	-0.00393703985214489
3548.8679	0.00089388516351412	-0.00352531801504817
3163.0398	0.000876857713672303	-0.00315887620218327
2819.0986	0.000857445429209693	-0.00282532022304629
2512.4104	0.000843845702257232	-0.00253047165959011
2239.2869	0.000824465830946469	-0.00226914323091696
1995.6381	0.000813904701144032	-0.00203157672699484
1778.2897	0.000801257801064094	-0.00182149902497211
1584.4927	0.00078741342265365	-0.00163148832551924
1412.7418	0.000777947719351547	-0.00146032340639846
1258.7905	0.000769655956660411	-0.00131173416988643
1121.7966	0.000757933631304354	-0.00117758352074321
999.68164	0.000750751501967048	-0.0010554456335303
891.42474	0.000742241869582752	-0.000948100692224628
794.23932	0.000735516675480196	-0.000851303090735039
707.96161	0.000727350425407079	-0.000761171499465308
631.00977	0.000719078764312215	-0.000684332443700664
562.33929	0.000714993453566523	-0.000613055868949407
501.12231	0.000707692530136264	-0.000548795947668751
446.57214	0.000702334746701975	-0.000490314293731165
398.08899	0.000696188297448438	-0.000438680642807577
354.88681	0.000693515457280408	-0.000391806697549726
316.31589	0.000693256012296869	-0.00034940111620416
281.8942	0.000688220677229284	-0.00031242050841173
251.20601	0.000683407386139988	-0.000275405622657045
223.92496	0.000683512731053544	-0.000243960513123791
199.55338	0.000680187756715615	-0.000215175575938848
177.78128	0.0006798294115012	-0.000187513767708385
158.52898	0.000680315873777064	-0.000160956460888637
141.21979	0.000680345161093724	-0.000143511386283189
125.92673	0.00068098425391947	-0.000124766556864075
112.19009	0.000682774793677626	-0.000107438715382716
99.968163	0.00068312512933427	-8.95765041766665e-05
89.115646	0.000685089990316056	-7.52970683026834e-05
79.415741	0.000686182983566191	-6.26477669366041e-05
70.793182	0.000689742111905156	-5.09061021785083e-05
63.082279	0.000693423982263578	-3.96733292975193e-05
56.241825	0.000696025590142922	-3.20199210653644e-05
50.112232	0.000698676659681928	-2.18942391690202e-05
44.671223	0.000704020253918724	-1.83196248069489e-05
39.808899	0.000706472850675353	-1.3569211302815e-05
35.488308	0.000709734533651118	-1.11138762771075e-05
31.629578	0.000712752215446536	-1.9522561678954e-06
28.187037	0.000715281938665585	1.56349693554665e-06
25.120602	0.000717213878318763	3.17878743073785e-06
22.385418	0.000720440746156868	5.03871182291444e-06
19.955338	0.000723235387858686	7.81485241816365e-06
17.775894	0.000726961909552075	1.11320543226169e-05
15.846864	0.000728680816260185	9.81539297459642e-06
14.127493	0.000729837418352776	1.46238783761333e-05
12.587309	0.000731934754065901	1.20313824736781e-05
11.216775	0.000735191326313348	1.50078299188747e-05
9.9968166	0.00073739363815398	1.39183321547144e-05
8.9082127	0.000738565897319923	1.56417135278981e-05
7.9395623	0.000739707901326468	1.69393037952675e-05
7.0765615	0.000744623426895947	1.81495665463803e-05
6.3105822	0.000742303628726026	1.55142071370116e-05
5.6245475	0.000745534945003705	1.62503844156011e-05
5.0112233	0.000748312268937454	1.67846624364259e-05
4.4642835	0.000748346533961313	1.69549003444605e-05
3.9819033	0.000748905052500325	1.66149133420337e-05
3.5479143	0.000752072105744104	1.94192421216777e-05
3.1629577	0.000752268593494589	1.80612894461674e-05
2.818361	0.000754398852088004	1.6547832483633e-05
2.5112481	0.000755365261897397	1.8960776287898e-05
2.2398233	0.00075666153218739	1.70634643389618e-05
1.9950197	0.000756637279050941	1.71546770285021e-05
1.7775893	0.000755746986769229	1.91948620600425e-05
1.5846864	0.000758283340641969	1.75543582355055e-05
1.4122353	0.000759175254286957	1.88578915328752e-05
1.2582541	0.000759303543895832	2.17301025808695e-05
1.1224822	0.000762561041418756	2.00659505285982e-05
1.0000616	0.000762847496543872	1.83783217282279e-05
0.89082122	0.000765264424158533	2.09803520105041e-05
0.79444051	0.000763693293564982	1.9919603083467e-05
0.70784986	0.000765807793071575	2.24871082778022e-05
0.63126236	0.000767053671302614	2.15014043655654e-05
0.562536	0.000771598233992606	2.17652265384761e-05
0.50118715	0.000768317678892129	2.09790316846021e-05
0.44642836	0.000772139710230104	2.55688934976389e-05
0.39821118	0.000774585373832238	2.65472534258452e-05
0.35475865	0.000774839000256248	2.76357029568961e-05
0.31619295	0.000777400608331012	2.8608330277274e-05
0.2819173	0.000778221333372769	2.78532796340545e-05
0.25117323	0.000780664975363744	2.90705597882091e-05
0.22391155	0.000783293492480703	3.22484184309211e-05
0.19957349	0.000783854743352589	3.25101434419436e-05
0.17779917	0.000786485998927266	3.34096746694269e-05
0.15846863	0.000787442394018559	3.34551265230394e-05
0.14123619	0.000789564116875079	3.7034556968649e-05
0.12590662	0.000790943833695899	3.92090053964713e-05
0.1122199	0.000795882478199125	4.22568031539474e-05
0.10002181	0.000797921363502012	4.32410232618961e-05
