10002.226	0.00119897810762221	-0.00946707376360579
8914.9326	0.00115875350336937	-0.00847452982302065
7943.9951	0.00112008912560654	-0.00758405384342694
7081.583	0.0010860429162675	-0.00679046934167793
6307.7358	0.00105362521720027	-0.00607677692025003
5622.5879	0.00102154527612975	-0.00543944053892997
5011.603	0.000993662612727989	-0.00487154352545569
4466.4292	0.000967144680529537	-0.00436184011589459
3981.2773	0.0009426871700067	-0.00390666901988741
3548.8679	0.000922967042099912	-0.00349612048804339
3163.0398	0.000903508207253968	-0.00313263898276987
2819.0986	0.000884986597233601	-0.00280303120844047
2512.4104	0.000869510901131017	-0.00251209539443506
2239.2869	0.000854100487392977	-0.00225073935381503
1995.6381	0.000842473260343515	-0.00201535709681782
1778.2897	0.000828418755137239	-0.00180669460128641
1584.4927	0.000817538506146028	-0.00161989082068359
1412.7418	0.000805196672526559	-0.00145055229077578
1258.7905	0.00079849570181098	-0.00130145457769638
1121.7966	0.000787428744123302	-0.00116756787198101
999.68164	0.000778370129839719	-0.001047494075582
891.42474	0.00077151451546172	-0.000939577589036136
794.23932	0.000763957714258564	-0.000845420885733056
707.96161	0.000755391039150555	-0.000754115964296001
631.00977	0.000747408090313025	-0.000679643635290054
562.33929	0.000741614586799031	-0.000606710999140891
501.12231	0.000736538955133524	-0.00054377276672217
446.57214	0.000729195957580429	-0.000487529500530837
398.08899	0.000727146127606755	-0.000435997589329448
354.88681	0.000722256985254872	-0.000389084149152683
316.31589	0.000719111557871294	-0.000345813233267726
281.8942	0.000714501013454885	-0.000308873059755032
251.20601	0.000710677574932183	-0.000274965928861921
223.92496	0.000710667164930988	-0.000241337422035188
199.55338	0.000710258950053518	-0.000214963953222079
177.78128	0.000710108672156916	-0.000186963229283631
158.52898	0.000708352887105237	-0.000163431237666707
141.21979	0.000709151450682577	-0.000142560417744335
125.92673	0.000708846105693325	-0.000122870451754485
112.19009	0.000709798069529097	-0.000104499451707592
99.968163	0.000712550634462098	-8.91748738984037e-05
89.115646	0.000715218629862375	-7.64729706965414e-05
79.415741	0.000715972718505198	-6.20483028032344e-05
70.793182	0.000718055016010973	-5.00389997430953e-05
63.082279	0.000719216343607471	-3.94381196869929e-05
56.241825	0.000726429388868421	-3.06303551182832e-05
50.112232	0.000725243086373073	-2.32249245038581e-05
44.671223	0.000730149806215737	-1.7887120029254e-05
39.808899	0.000732643794775847	-1.18848788629412e-05
35.488308	0.00073510806656464	-6.66422267718642e-06
31.629578	0.000738447475908636	-1.85636336056889e-06
28.187037	0.000740604314665042	-1.03956415949265e-07
25.120602	0.000743495784226621	3.91179789093057e-06
22.385418	0.000748741049305034	7.63181197688815e-06
19.955338	0.000750629650066808	7.46251775363341e-06
17.775894	0.000754449349394263	1.35242953603618e-05
15.846864	0.000755538679999004	1.11767915976438e-05
14.127493	0.000758977516867952	1.14585440327856e-05
12.587309	0.000759118292127168	1.26979752091249e-05
11.216775	0.000763900089364496	1.29402998169122e-05
9.9968166	0.000766057958616467	1.32997927202361e-05
8.9082127	0.000767063601720262	1.5457873820435e-05
7.9395623	0.000765185741249707	1.62128585557504e-05
7.0765615	0.000770767355828539	1.67273273445496e-05
6.3105822	0.000770810701743409	1.74606289948114e-05
5.6245475	0.00077210532452467	1.58113862911866e-05
5.0112233	0.000774534169566566	1.8038108234997e-05
4.4642835	0.000775987974972006	1.6111578334957e-05
3.9819033	0.000777107791001509	1.70087022156975e-05
3.5479143	0.000777945876187869	1.80305884353069e-05
3.1629577	0.000778847094811692	1.75127663938268e-05
2.818361	0.000782299828603965	1.69863978735178e-05
2.5112481	0.000783005918849726	1.63830800026363e-05
2.2398233	0.000779851294258162	1.57940651075898e-05
1.9950197	0.000781904741040382	1.7849040561464e-05
1.7775893	0.0007843696519385	1.73231404067511e-05
1.5846864	0.000786147978550375	1.8712478419262e-05
1.4122353	0.000784154963270232	1.77264840788139e-05
1.2582541	0.000788193842251255	1.87454099625008e-05
1.1224822	0.000788491977906293	2.04325863795391e-05
1.0000616	0.000791136008129179	1.96758592830872e-05
0.89082122	0.000790280168188313	1.98571754395615e-05
0.79444051	0.000793454592604453	1.94796921515733e-05
0.70784986	0.000794985559805535	2.10699456469084e-05
0.63126236	0.000797774770977033	2.32077560451586e-05
0.562536	0.000796867842511601	2.18874843655889e-05
0.50118715	0.000798035125286234	2.40993453633035e-05
0.44642836	0.000801478366913986	2.49826818577128e-05
0.39821118	0.0008022073614958	2.6114114956604e-05
0.35475865	0.000802833244627186	2.66445037533666e-05
0.31619295	0.000805755783802066	2.86152434807364e-05
0.2819173	0.000807240616865572	2.78675159744853e-05
0.25117323	0.000806124268198486	2.90085714125711e-05
0.22391155	0.000811607473482941	3.06179546277254e-05
0.19957349	0.000812116679154066	3.14913606677382e-05
0.17779917	0.000813908140633998	3.48522155118738e-05
0.15846863	0.000815301221726755	3.33391621004594e-05
0.14123619	0.000819515220913103	3.77418671943618e-05
0.12590662	0.000821593433316329	3.92345147205059e-05
0.1122199	0.000823594115880328	3.80952874406441e-05
0.10002181	0.000825138172847397	4.37788113341703e-05
