10002.226	0.00119942389952284	-0.00946664423244605
8914.9326	0.00115524175263593	-0.00847368420287644
7943.9951	0.00112015641601855	-0.00758668252648752
7081.583	0.00108462699151669	-0.006791311671099
6307.7358	0.00105400473400199	-0.00607500570872107
5622.5879	0.0010209936530248	-0.00544073715500105
5011.603	0.000993297117815159	-0.00487071443977914
4466.4292	0.000969544043486477	-0.00436074002482501
3981.2773	0.000946157512400226	-0.00390528832789618
3548.8679	0.000923490783437153	-0.0034976401267055
3163.0398	0.000905793109372689	-0.00313199443303626
2819.0986	0.000884646812403429	-0.0028060118571996
2512.4104	0.000869501362595352	-0.00251237060176387
2239.2869	0.000854428895673471	-0.00225112192665551
1995.6381	0.000840596398172827	-0.00201499404818827
1778.2897	0.00083039133830815	-0.00180638593328568
1584.4927	0.000817023782503975	-0.00161806421220239
1412.7418	0.00080368979655986	-0.00145002454796945
1258.7905	0.000796006156043629	-0.00130182728558722
1121.7966	0.000787896292465582	-0.00116747742159878
999.68164	0.000777434882027308	-0.0010469383662487
891.42474	0.000769700106540818	-0.000939127890362278
794.23932	0.000763952728799582	-0.00084393806106681
707.96161	0.000753608824379607	-0.000754809140674858
631.00977	0.000748664187202999	-0.000679322670517245
562.33929	0.000739243139972045	-0.000605968732210427
501.12231	0.000736686084981588	-0.000543818819909196
446.57214	0.000730951017117492	-0.000486641843436687
398.08899	0.000729254674000408	-0.000434445039394177
354.88681	0.000719699977889918	-0.000388182248976806
316.31589	0.000718493837404935	-0.000343365895397153
281.8942	0.00071224359913686	-0.000307894114969614
251.20601	0.00071037135906231	-0.000273861305473014
223.92496	0.000709512875409634	-0.000241174153161354
199.55338	0.000708181568531256	-0.000211863601533932
177.78128	0.000706821241382428	-0.000184192497872547
158.52898	0.000709322055585087	-0.000162125898556739
141.21979	0.000708806939946045	-0.000143501551651595
125.92673	0.000707740131278533	-0.000122702518259996
112.19009	0.000708449658627486	-0.000107024329525073
99.968163	0.000712049886107321	-8.76107142079798e-05
89.115646	0.000715128698936356	-7.64136072357946e-05
79.415741	0.000714816122731943	-6.23643229583684e-05
70.793182	0.000717402274211915	-5.09349745554639e-05
63.082279	0.000720624221342094	-3.9251054237504e-05
56.241825	0.000726855974377654	-3.07132784486648e-05
50.112232	0.000726822175754445	-2.3568659241631e-05
44.671223	0.000730717494085896	-1.76288670780336e-05
39.808899	0.000733755903386476	-1.202390701551e-05
35.488308	0.000735438916136102	-7.54623036301002e-06
31.629578	0.000738702737129781	-1.97166238534764e-06
28.187037	0.000740725801207891	7.55762856937832e-07
25.120602	0.000744142462986881	8.48014768084824e-07
22.385418	0.000747732543850732	6.78203930797193e-06
19.955338	0.000751113447525668	8.89948188784008e-06
17.775894	0.000754811298664869	9.30675131894016e-06
15.846864	0.000756994865333649	1.19376784844492e-05
14.127493	0.00075894705428581	1.37232784120505e-05
12.587309	0.000760748406299654	1.3953579142109e-05
11.216775	0.000762261578966137	1.35234200065331e-05
9.9968166	0.000763578740027387	1.55261344572494e-05
8.9082127	0.000765347233758822	1.54534547753268e-05
7.9395623	0.000765896049319324	1.57748315305442e-05
7.0765615	0.000770230679348982	1.76987669038384e-05
6.3105822	0.00077049467270391	1.6572242878297e-05
5.6245475	0.000772138173455685	1.53639418661302e-05
5.0112233	0.000775491597208477	1.71148731341472e-05
4.4642835	0.000775420712429916	1.58177576829358e-05
3.9819033	0.000775823579037107	1.61580359968108e-05
3.5479143	0.000778209556813031	1.76763843254255e-05
3.1629577	0.000780351631268158	1.74984679659076e-05
2.818361	0.000781796961302824	1.62388150685032e-05
2.5112481	0.000778967618789903	1.8008321774521e-05
2.2398233	0.000783920372745524	1.67905651353595e-05
1.9950197	0.000781043643502344	1.72480600596004e-05
1.7775893	0.000784423149925222	1.81327867503737e-05
1.5846864	0.000786367910051393	1.65790927705062e-05
1.4122353	0.000786016064583873	1.76225642805434e-05
1.2582541	0.000788000923426459	1.90068263884342e-05
1.1224822	0.00079020464888068	2.0179097806645e-05
1.0000616	0.000790651265001049	2.01848053202596e-05
0.89082122	0.000792510847591705	1.82129374108579e-05
0.79444051	0.000792760674539707	2.00764540245174e-05
0.70784986	0.00079325491240256	2.07124050362334e-05
0.63126236	0.000797066293194767	2.30304611776758e-05
0.562536	0.000798063828507776	2.25406188905001e-05
0.50118715	0.000798005398112563	2.45291696294261e-05
0.44642836	0.000798104586368061	2.41158552660764e-05
0.39821118	0.000800918981759725	2.64593650054271e-05
0.35475865	0.000803614791921432	2.64529199594675e-05
0.31619295	0.000804412242866947	2.74713842534195e-05
0.2819173	0.000806909289496828	2.77174269841332e-05
0.25117323	0.00080744823965411	3.02129904201796e-05
0.22391155	0.00081058430045224	3.18221271290624e-05
0.19957349	0.000810665810488072	3.23333975410624e-05
0.17779917	0.000813747772197394	3.21734544675255e-05
0.15846863	0.000814577716535872	3.55384309674691e-05
0.14123619	0.000817367270542739	3.68489991966384e-05
0.12590662	0.000820709322442244	3.76379361741728e-05
0.1122199	0.000822103194988614	4.27073988701663e-05
0.10002181	0.000826494310485127	4.19533386141788e-05
