10002.226	0.00119810104428869	-0.00946688944291214
8914.9326	0.0011587301422657	-0.00847448423989995
7943.9951	0.00112038883400827	-0.00758578926377575
7081.583	0.00108472225724802	-0.00679066571305632
6307.7358	0.00105345165623327	-0.00607708957650718
5622.5879	0.00102133038289369	-0.00543964684236951
5011.603	0.000993906582848334	-0.00487158229741004
4466.4292	0.000968068172127525	-0.00436115385914724
3981.2773	0.000945054967295505	-0.00390437585726624
3548.8679	0.000923114356996308	-0.00349787257611759
3163.0398	0.000904035920043377	-0.00313086303628405
2819.0986	0.000883986242562926	-0.00280275053850682
2512.4104	0.000871627969273852	-0.00251288878418063
2239.2869	0.000854712418803373	-0.00225245906720448
1995.6381	0.00083980222192177	-0.00201658005596484
1778.2897	0.000828232249527649	-0.00180708169036359
1584.4927	0.000818393554878829	-0.00161932940844988
1412.7418	0.000806399029459044	-0.00145371682223531
1258.7905	0.000797219654486756	-0.00129977220422264
1121.7966	0.000788025662291803	-0.00116901451027513
999.68164	0.000780625703850757	-0.00104549057655226
891.42474	0.000769445661677077	-0.000938244575911531
794.23932	0.000762887440369432	-0.00084276013080099
707.96161	0.00075452408079302	-0.000755364774323083
631.00977	0.000749231356698543	-0.000678168337709367
562.33929	0.000744038652644762	-0.000608144984163298
501.12231	0.000736272303386708	-0.000543759904480912
446.57214	0.000729788121574145	-0.000484800964027492
398.08899	0.000726318664033272	-0.000435719850209323
354.88681	0.000720278487588166	-0.000388049756494783
316.31589	0.000717497288897333	-0.000344236868781624
281.8942	0.000715923772108506	-0.000307241490441082
251.20601	0.000711642056079099	-0.000273819809138257
223.92496	0.000710397829356503	-0.000240981870916386
199.55338	0.000709432005090504	-0.000213256569727826
177.78128	0.000709472977003864	-0.000185299755539146
158.52898	0.000709373935544057	-0.0001638481826102
141.21979	0.000707121778222707	-0.000142263016690691
125.92673	0.00070773736368898	-0.000121764806238711
112.19009	0.000712294284091013	-0.000105613397061272
99.968163	0.000714202509292746	-8.94021087259702e-05
89.115646	0.000714909529119946	-7.55837947720927e-05
79.415741	0.000715556863851273	-6.31292569626396e-05
70.793182	0.000719511702792123	-5.15287503816067e-05
63.082279	0.000721536398243265	-4.13516611492296e-05
56.241825	0.000726521406273001	-3.32471582261997e-05
50.112232	0.000727119729911677	-2.47013103882447e-05
44.671223	0.000730259513814963	-1.76713844284964e-05
39.808899	0.000734441362564302	-1.21602030655931e-05
35.488308	0.000736183784085967	-6.06714711788543e-06
31.629578	0.000739693237688193	-1.16307624598978e-06
28.187037	0.000741973743589631	-6.55877312884773e-08
25.120602	0.000745631771515771	2.63198769450369e-06
22.385418	0.000748522752676321	7.39700289585154e-06
19.955338	0.000751537599849698	8.50125874345995e-06
17.775894	0.000754850192096727	1.26167720515111e-05
15.846864	0.00075568309154825	1.00325608813339e-05
14.127493	0.0007575823751719	1.20392319798542e-05
12.587309	0.000760762726825165	1.32102028990577e-05
11.216775	0.000763111702287046	1.51058730398347e-05
9.9968166	0.000765510177689648	1.58337790753189e-05
8.9082127	0.000765881319660012	1.56836447476088e-05
7.9395623	0.000767327023835534	1.606861840293e-05
7.0765615	0.000770134150471132	1.79708410981773e-05
6.3105822	0.000772790606218665	1.62334406352492e-05
5.6245475	0.000774301003597007	1.55529502255031e-05
5.0112233	0.000774132535783292	1.64877901764288e-05
4.4642835	0.00077566844713849	1.65169924313471e-05
3.9819033	0.000776319020911871	1.6078056476987e-05
3.5479143	0.000777588896877548	1.60442702092894e-05
3.1629577	0.00077860010803139	1.69385570883139e-05
2.818361	0.000781280785824049	1.77366209932977e-05
2.5112481	0.000781542590891346	1.52248509716598e-05
2.2398233	0.000783625580409986	1.75972786404923e-05
1.9950197	0.000783387571436851	1.81591422241488e-05
1.7775893	0.000784580866773692	1.79760925879182e-05
1.5846864	0.00078611651782175	1.78675375522425e-05
1.4122353	0.000787765253819385	1.8983320626564e-05
1.2582541	0.00078810589794232	1.89676328131272e-05
1.1224822	0.000789786075727361	1.8378837417614e-05
1.0000616	0.000790846938544117	2.07667153771893e-05
0.89082122	0.000790906618232792	2.26481876430969e-05
0.79444051	0.000792919164581167	2.11788027127079e-05
0.70784986	0.000792900413945621	2.23217385242402e-05
0.63126236	0.000796442304282491	2.06354910555563e-05
0.562536	0.000797549367324594	2.11344627014863e-05
0.50118715	0.000799277798047427	2.1941478416094e-05
0.44642836	0.000802069175698777	2.4748514634769e-05
0.39821118	0.000802586937834317	2.45277650091862e-05
0.35475865	0.000803493357435862	2.61471731794021e-05
0.31619295	0.00080351216905584	2.91330055611587e-05
0.2819173	0.000808298268499978	2.90595583609201e-05
0.25117323	0.000808115555692123	2.88723374132993e-05
0.22391155	0.000810961224882161	2.97806257971902e-05
0.19957349	0.000813061656922326	2.9692787957279e-05
0.17779917	0.000813321572679639	3.40376906909266e-05
0.15846863	0.00081625804142714	3.71460700498792e-05
0.14123619	0.000818557578879677	3.69693737093676e-05
0.12590662	0.000818350763456614	3.89453527151509e-05
0.1122199	0.0008218395420616	4.0730987457757e-05
0.10002181	0.000825392925083014	4.15613530823588e-05
