10002.226	0.00118453220112416	-0.00952558539668546
8914.9326	0.00114191073675157	-0.00852550141165238
7943.9951	0.00110565118464054	-0.00763301114569841
7081.583	0.00106876652844374	-0.00683181670314997
6307.7358	0.0010375519788345	-0.00611242567845889
5622.5879	0.00100549705441664	-0.00547418887444149
5011.603	0.000979269688819902	-0.00490043058174589
4466.4292	0.000953021524966916	-0.00438826090773417
3981.2773	0.000930375096747071	-0.00392887843447955
3548.8679	0.00090602073866606	-0.00351719603942825
3163.0398	0.000889036007130221	-0.0031530956955785
2819.0986	0.000870174958651177	-0.00282322372820378
2512.4104	0.000855398619869595	-0.00252765197888516
2239.2869	0.00083812306628096	-0.00226524212120993
1995.6381	0.000826515070328536	-0.00202863810114863
1778.2897	0.000815442228292373	-0.00181619614097811
1584.4927	0.000801913616776683	-0.00162917889996999
1412.7418	0.000788891834221228	-0.00145933241347755
1258.7905	0.000784216298465943	-0.00130973556247604
1121.7966	0.000772337968409686	-0.00117446113464947
999.68164	0.000762574805484721	-0.0010533012285115
891.42474	0.000754296262020099	-0.000944684174296128
794.23932	0.000748043095816996	-0.000849751462210651
707.96161	0.000741114239405887	-0.00076027958883832
631.00977	0.000732565874379025	-0.000683262242699102
562.33929	0.000727185032963587	-0.000612652637161838
501.12231	0.000720728532154793	-0.000548238189233354
446.57214	0.000717200156119471	-0.000489760312084738
398.08899	0.000711094510306563	-0.000437878486965651
354.88681	0.000707941123869776	-0.000391843469977481
316.31589	0.000704141571390476	-0.000347988095306935
281.8942	0.000700051552696436	-0.000307841552449621
251.20601	0.000696675792603954	-0.000274833475221668
223.92496	0.0006952480332278	-0.000241009837009281
199.55338	0.000695694474584519	-0.000214509567828676
177.78128	0.000692117429008269	-0.000184740436280819
158.52898	0.000693156076974087	-0.000162202279515141
141.21979	0.000692338836105888	-0.000143398418710561
125.92673	0.000693558497165615	-0.000123992773438765
112.19009	0.000695501489288448	-0.000104993670849705
99.968163	0.000695761769358321	-8.94510782623035e-05
89.115646	0.000699337199903455	-7.53404201105962e-05
79.415741	0.00070185541892419	-6.32160881395988e-05
70.793182	0.00070434681299992	-5.12247125786207e-05
63.082279	0.000704768838562189	-4.16240880164716e-05
56.241825	0.000710704520198086	-3.2856553875742e-05
50.112232	0.000712769218529718	-2.32218278787692e-05
44.671223	0.00071572491758629	-1.70235396970507e-05
39.808899	0.000717256404847946	-1.3733333332354e-05
35.488308	0.000721325563783968	-5.56331894973472e-06
31.629578	0.000724512894425454	-1.71032336843158e-06
28.187037	0.000726659674876322	1.89150160189123e-06
25.120602	0.000729168806650716	4.45963959347354e-06
22.385418	0.000732972517676249	7.46027175475714e-06
19.955338	0.000735360238847034	7.84630411707286e-06
17.775894	0.000740472276213351	1.10609327318574e-05
15.846864	0.000742047433067382	1.0984049999337e-05
14.127493	0.000743428322886679	1.19223080327554e-05
12.587309	0.000744044575356237	1.28874051775735e-05
11.216775	0.000747432460579955	1.40059299542863e-05
9.9968166	0.000748885364770087	1.13726112535763e-05
8.9082127	0.000753033588553344	1.31792940011414e-05
7.9395623	0.000752366186721662	1.64454120090731e-05
7.0765615	0.000756923730230196	1.64669309409256e-05
6.3105822	0.000755743048278516	1.65711307145162e-05
5.6245475	0.000758378878547708	1.44362077789597e-05
5.0112233	0.000760152417577944	1.82025987553799e-05
4.4642835	0.000762613793290084	1.58670373695452e-05
3.9819033	0.000760936854867159	1.65087066641411e-05
3.5479143	0.000762348678949336	1.55892974035735e-05
3.1629577	0.00076463594354963	1.76971269328112e-05
2.818361	0.000764933352767163	1.83990179098725e-05
2.5112481	0.000765551508633668	1.66083567381962e-05
2.2398233	0.000767656681483835	1.98862015190597e-05
1.9950197	0.000769397127955222	1.83899367109168e-05
1.7775893	0.000771600376096783	1.68231728437212e-05
1.5846864	0.000770330884588996	1.69147842760118e-05
1.4122353	0.000769881384915804	1.80033109103475e-05
1.2582541	0.000774515840751108	1.89965875028705e-05
1.1224822	0.000773375829902903	1.97569670146801e-05
1.0000616	0.000773343013317839	2.12798262487083e-05
0.89082122	0.000776389464540654	2.06556347678895e-05
0.79444051	0.000778954479517316	2.11090803189874e-05
0.70784986	0.000780335261917238	1.95074749148612e-05
0.63126236	0.000780986464065628	2.13310658976139e-05
0.562536	0.000783490316656227	2.16831940033843e-05
0.50118715	0.000784893846592704	2.32382561392297e-05
0.44642836	0.000784654715068419	2.36767670438544e-05
0.39821118	0.000786595820216557	2.65427822392016e-05
0.35475865	0.00078730400953876	2.49326294346051e-05
0.31619295	0.000790984651776161	2.97514459771102e-05
0.2819173	0.000790844481664647	2.90827095599789e-05
0.25117323	0.000793004658630759	2.84733850887503e-05
0.22391155	0.000794910795206155	2.87186422295897e-05
0.19957349	0.000797082553506996	3.22341604889742e-05
0.17779917	0.000798994945233964	3.30126807725223e-05
0.15846863	0.000802142147894523	3.63292766821277e-05
0.14123619	0.000801834421318729	3.78253494077868e-05
0.12590662	0.000808091231097616	3.78344221387872e-05
0.1122199	0.000806745980816987	4.01425349146265e-05
0.10002181	0.000811433492349649	4.22247961341765e-05
