10002.226	0.00118272333336754	-0.00952491493611924
8914.9326	0.00114144511127496	-0.00852572330033611
7943.9951	0.00110418186261108	-0.00763118460673446
7081.583	0.00106835148903126	-0.00683405640745052
6307.7358	0.00103868769651223	-0.00611369670292028
5622.5879	0.00100607948006727	-0.00547238257634981
5011.603	0.000977780236189799	-0.00490170553543121
4466.4292	0.000953498330681667	-0.00438715884711626
3981.2773	0.000928272586069415	-0.0039276981721206
3548.8679	0.000904909801378679	-0.00351814773961016
3163.0398	0.000888366247023105	-0.00315170193864229
2819.0986	0.000870599994613759	-0.00282071939996154
2512.4104	0.000853583779615153	-0.00252717593711076
2239.2869	0.00083971078337787	-0.00226339359687091
1995.6381	0.000823909872002092	-0.0020283059554344
1778.2897	0.000813982851665654	-0.00181770001631156
1584.4927	0.000800280272649266	-0.00162947645728581
1412.7418	0.000790741680901608	-0.00145901655456868
1258.7905	0.000780779824591757	-0.00130794345907577
1121.7966	0.000772455149904149	-0.00117457090905081
999.68164	0.000763501270208083	-0.00105257704621037
891.42474	0.000753621521786106	-0.000945719831709405
794.23932	0.000747850887485413	-0.000849398443382257
707.96161	0.00074033350328851	-0.00075914910192586
631.00977	0.000732056240735156	-0.000683058518606844
562.33929	0.000726526041031578	-0.00060941234972515
501.12231	0.000722100061035639	-0.000546890594930666
446.57214	0.000716216012414674	-0.000488700533907245
398.08899	0.000710808337412705	-0.00043754285139021
354.88681	0.000707082201633348	-0.000392044251838289
316.31589	0.000704948577972507	-0.000346638543504364
281.8942	0.00070084295187282	-0.000309515847329897
251.20601	0.00069579484667051	-0.000274711220267945
223.92496	0.000695846479117092	-0.000244169121082682
199.55338	0.000695326878539547	-0.000213975415616003
177.78128	0.000693355758718034	-0.000187419462293087
158.52898	0.000692779313830189	-0.000162632493718039
141.21979	0.000692732006541967	-0.000141307360383333
125.92673	0.000693295446327262	-0.00012322856686889
112.19009	0.000696070096570192	-0.000108300244222367
99.968163	0.000696431215065251	-9.08204046769606e-05
89.115646	0.000698473648303361	-7.62567727559579e-05
79.415741	0.000700248068908751	-6.2730962817783e-05
70.793182	0.000703688351438764	-4.8977243737101e-05
63.082279	0.000705744503917744	-4.12869325272023e-05
56.241825	0.000710232815544186	-3.29244427580968e-05
50.112232	0.000713340784753988	-2.2959520525462e-05
44.671223	0.000714923619694316	-1.83275529309741e-05
39.808899	0.000717613090361265	-1.22070955035089e-05
35.488308	0.000724612989294405	-8.29424412296803e-06
31.629578	0.00072505934095386	-1.84650802610184e-06
28.187037	0.000727853784694016	6.80636506091075e-07
25.120602	0.000729940442957081	4.865673941451e-06
22.385418	0.000733412634062259	5.89034662188359e-06
19.955338	0.000736847391356373	7.52979230882933e-06
17.775894	0.000740162534677008	1.22133649930953e-05
15.846864	0.000741115796463646	1.21947922610312e-05
14.127493	0.000744500794931152	1.25724501419601e-05
12.587309	0.000743206364520616	1.22478597853689e-05
11.216775	0.000748658828156144	1.44667305317887e-05
9.9968166	0.000750485435797017	1.47838536963053e-05
8.9082127	0.000750447997365359	1.58597262924317e-05
7.9395623	0.000752667782283654	1.64479091289531e-05
7.0765615	0.000753384760355886	1.88777781311284e-05
6.3105822	0.000756978580065955	1.82737738927633e-05
5.6245475	0.000758140987933341	1.70644296073224e-05
5.0112233	0.000760630272649764	1.71992908573654e-05
4.4642835	0.000760296642252556	1.70244148371759e-05
3.9819033	0.000761602081193401	1.58710945325176e-05
3.5479143	0.000763565355138783	1.74306206890442e-05
3.1629577	0.000764569472156889	1.70908673099318e-05
2.818361	0.000765967360315139	1.58730219378585e-05
2.5112481	0.000765675623310406	1.62344263391839e-05
2.2398233	0.000767808221279058	1.81955129269093e-05
1.9950197	0.000766340952446946	1.7096776937767e-05
1.7775893	0.000769847278370878	1.79549390554539e-05
1.5846864	0.000773481321068785	1.8564684315851e-05
1.4122353	0.000773233299482114	1.79881053808125e-05
1.2582541	0.000774721660296119	1.90121002590766e-05
1.1224822	0.000774152714458802	1.88100340003009e-05
1.0000616	0.00077662197157856	1.83693253842626e-05
0.89082122	0.00077632289016544	2.14196946099715e-05
0.79444051	0.000779815442486683	2.10069888132381e-05
0.70784986	0.000779799682735898	2.23448616828847e-05
0.63126236	0.000779479547883953	2.2600157658e-05
0.562536	0.000782227506391253	2.15743248223995e-05
0.50118715	0.000784489939941268	2.26130500326267e-05
0.44642836	0.000785367643868878	2.38795530766942e-05
0.39821118	0.000786147370241125	2.48178536622707e-05
0.35475865	0.000789201701435179	2.50553394086758e-05
0.31619295	0.000790976565104635	2.78793764182775e-05
0.2819173	0.000791380178488362	2.985912715109e-05
0.25117323	0.000793941467850628	2.89111414599332e-05
0.22391155	0.000794971971510483	3.00536065613989e-05
0.19957349	0.0007971941792107	3.22376275005212e-05
0.17779917	0.000798698160322546	3.42621889458357e-05
0.15846863	0.000801813458086637	3.6259298287674e-05
0.14123619	0.000803326086338348	3.80671144208019e-05
0.12590662	0.000806568208207814	3.91572654292612e-05
0.1122199	0.000808350415897871	3.96934107134364e-05
0.10002181	0.000810858238648821	4.38564778516292e-05
