10002.226	0.00118167209897647	-0.00952307739213174
8914.9326	0.00114170262528805	-0.00852440755578795
7943.9951	0.00110565085570425	-0.00763186733176949
7081.583	0.00106929940307215	-0.00683311417244602
6307.7358	0.00103965194432091	-0.00611226132643948
5622.5879	0.00100606005238842	-0.0054747359798648
5011.603	0.000977467919207313	-0.00490139951779363
4466.4292	0.000953343782927176	-0.00438888761606707
3981.2773	0.000930246823934432	-0.00392872693030701
3548.8679	0.000906269306706213	-0.0035201744065561
3163.0398	0.000888182798694989	-0.00315081633125024
2819.0986	0.00087085803522814	-0.00282003891009158
2512.4104	0.000854959086309148	-0.00252573113142176
2239.2869	0.000838652080563901	-0.00226529676565707
1995.6381	0.000824680942842126	-0.0020265039120584
1778.2897	0.000814020996412534	-0.00181796714505105
1584.4927	0.000800507601225677	-0.00162960083262621
1412.7418	0.000789854912034566	-0.00145939739670419
1258.7905	0.000779856634305598	-0.00131034261808331
1121.7966	0.000772163581937666	-0.00117433197686388
999.68164	0.000762657533447328	-0.00105133406724776
891.42474	0.00075730524147572	-0.000943819200257167
794.23932	0.000747795530442593	-0.000848656901681108
707.96161	0.000740513445931979	-0.000759627077262661
631.00977	0.000732106379414116	-0.000683494316603942
562.33929	0.000727287180369319	-0.000611769900033354
501.12231	0.00072279895348313	-0.000548758064512589
446.57214	0.000714909947126014	-0.000489052287373576
398.08899	0.000709334634734982	-0.000437619198482435
354.88681	0.000707372861237058	-0.000390762407795918
316.31589	0.00070536121776638	-0.000347625106790596
281.8942	0.000699749887451407	-0.000308389859322071
251.20601	0.000695671746786849	-0.000273974661877525
223.92496	0.000695633355263967	-0.000243378358095381
199.55338	0.000695477126228453	-0.000213993709214594
177.78128	0.00069329101184083	-0.000187004634797065
158.52898	0.000692353631984249	-0.000164533508886148
141.21979	0.000693361057691351	-0.000143061762313887
125.92673	0.000693090993611121	-0.000123464380554003
112.19009	0.000695572263823092	-0.000105680702199003
99.968163	0.000697690226470699	-8.90319733323936e-05
89.115646	0.000700236831408473	-7.60652448241182e-05
79.415741	0.000703515474309803	-6.28713406141669e-05
70.793182	0.000703282839548583	-4.99080576528258e-05
63.082279	0.000705424765381184	-4.24375809611872e-05
56.241825	0.000709025582422407	-3.03903708416118e-05
50.112232	0.000711226867358738	-2.2724995869669e-05
44.671223	0.000714963894324346	-1.79784090285486e-05
39.808899	0.000719511037062227	-9.49645843706579e-06
35.488308	0.000722953974504031	-7.63057932701786e-06
31.629578	0.000723868270760215	-3.48641373442303e-06
28.187037	0.000727358330250122	1.08785652432997e-06
25.120602	0.000728493338969188	6.01187560434513e-06
22.385418	0.000732974943313126	8.07487188129195e-06
19.955338	0.000737306954844052	7.49428704543735e-06
17.775894	0.000740597236679586	1.15789698756036e-05
15.846864	0.00074146987295111	1.00637229356317e-05
14.127493	0.000745634153303659	1.33715694930633e-05
12.587309	0.000745262348456446	1.43815672920178e-05
11.216775	0.000746201949831996	1.30502827497784e-05
9.9968166	0.000748553281484171	1.2466260972662e-05
8.9082127	0.000750229562582947	1.58912904832504e-05
7.9395623	0.000751019061978976	1.64888048264467e-05
7.0765615	0.000754281587045181	1.67941504878552e-05
6.3105822	0.000757650675488399	1.72801214909296e-05
5.6245475	0.000756801102683999	1.67655168821516e-05
5.0112233	0.000760706733100141	1.82470222534369e-05
4.4642835	0.000760890687434338	1.54550671113912e-05
3.9819033	0.000761149710380589	1.51674031673167e-05
3.5479143	0.00076387230178207	1.8835572566625e-05
3.1629577	0.000764917794710306	1.62111970704175e-05
2.818361	0.000767840097124684	1.51046653353591e-05
2.5112481	0.000765648770498601	1.79722670563017e-05
2.2398233	0.000766918458021832	1.65163424139185e-05
1.9950197	0.000768933282768046	1.57936427790937e-05
1.7775893	0.000769561268422781	1.75335955631508e-05
1.5846864	0.00077112022059191	1.84234446413463e-05
1.4122353	0.000770351927110981	1.83299236180103e-05
1.2582541	0.000772026396341936	1.89314044916196e-05
1.1224822	0.000773702141969386	1.83193907732044e-05
1.0000616	0.000775770825793824	1.97549270475227e-05
0.89082122	0.000778343798525122	2.24029128515139e-05
0.79444051	0.000778586873197789	2.0462230729938e-05
0.70784986	0.0007795994505193	2.13128346626127e-05
0.63126236	0.000780846620950811	2.03806647315689e-05
0.562536	0.000782226869508631	2.30056900571851e-05
0.50118715	0.000783645764336978	2.4802297870819e-05
0.44642836	0.000785612153575611	2.44488739376015e-05
0.39821118	0.000787703243562822	2.64026069974433e-05
0.35475865	0.000787131420020981	2.80299551071468e-05
0.31619295	0.000789886672215623	2.76351682569424e-05
0.2819173	0.000792560459627149	2.71124477451661e-05
0.25117323	0.000791007795393273	2.8666093700209e-05
0.22391155	0.000794450524188255	3.1270655786824e-05
0.19957349	0.000796759565244467	3.13456928902297e-05
0.17779917	0.000799557712802725	3.318078902124e-05
0.15846863	0.00080080548781614	3.64360435427367e-05
0.14123619	0.000801647039459504	3.70320258458602e-05
0.12590662	0.000806524609872874	3.77786250075121e-05
0.1122199	0.00080861476288349	4.02210323447745e-05
0.10002181	0.000807645594939225	4.39390646343561e-05
