10002.226	0.00118468714847389	-0.00952302287536777
8914.9326	0.00114151210172623	-0.0085267143984176
7943.9951	0.00110381815822319	-0.00763074712950577
7081.583	0.0010698584134774	-0.00683219899898747
6307.7358	0.00103708132331898	-0.0061136127690212
5622.5879	0.00100559996705742	-0.00547348248523795
5011.603	0.00097800970254211	-0.00490209113297654
4466.4292	0.000952803235734101	-0.00438621987494104
3981.2773	0.0009288528035093	-0.00392962873887547
3548.8679	0.000906392096029127	-0.00351970400213154
3163.0398	0.000888335571383469	-0.00314938158027806
2819.0986	0.000870071425270683	-0.0028212589036228
2512.4104	0.000855180284969461	-0.00252600409876034
2239.2869	0.000840686640983419	-0.00226349876027944
1995.6381	0.000826060444044992	-0.00202930492628231
1778.2897	0.000811437494525379	-0.00181727231056553
1584.4927	0.000803127459729831	-0.0016282723464055
1412.7418	0.000790708797455986	-0.00145933635633103
1258.7905	0.000782441226792774	-0.00131115988848051
1121.7966	0.000770338689583696	-0.00117380076815202
999.68164	0.000762283017981635	-0.00105187862309414
891.42474	0.000755110563296311	-0.00094558229548177
794.23932	0.00074757807787018	-0.000848041381845948
707.96161	0.000738633794056376	-0.000759440439129073
631.00977	0.000732219258730259	-0.000681811946471937
562.33929	0.000726741509817017	-0.000612977532949147
501.12231	0.000719760271750646	-0.000547666483154168
446.57214	0.000716163670916824	-0.000490277528682041
398.08899	0.000711784745353513	-0.000437438764989036
354.88681	0.000706400665774913	-0.00039003135862243
316.31589	0.000703847384263227	-0.000348048902432904
281.8942	0.000699082160654998	-0.00030984526672376
251.20601	0.000695557689894205	-0.000273977287578215
223.92496	0.000693500202086221	-0.000242903549499964
199.55338	0.000694271762799617	-0.000212873243056506
177.78128	0.000692228477511573	-0.000186966470512339
158.52898	0.000694679575320503	-0.00016202735177617
141.21979	0.000692690614191971	-0.000142469155712764
125.92673	0.000694043072446154	-0.000124412896828361
112.19009	0.000695722944096443	-0.0001075483759789
99.968163	0.000696585387162001	-8.98627068362543e-05
89.115646	0.000698265073330565	-7.33886397384184e-05
79.415741	0.000700390498566811	-6.10015230388285e-05
70.793182	0.000704628629846231	-5.13236237861239e-05
63.082279	0.00070355645593441	-4.13263622101618e-05
56.241825	0.00071010561472259	-3.23880729329901e-05
50.112232	0.000710537979602645	-2.45742505275111e-05
44.671223	0.000716746995878422	-1.87696597345003e-05
39.808899	0.000719215227313189	-1.38405459274689e-05
35.488308	0.000721461934680077	-8.9314713278125e-06
31.629578	0.000724904719709677	-2.0908178878163e-06
28.187037	0.000725468832040218	2.08248830993068e-07
25.120602	0.000729476409256504	2.95059882862287e-06
22.385418	0.000732702543542819	6.68382814686753e-06
19.955338	0.000736086691587883	8.68203324298102e-06
17.775894	0.00073960210994946	1.3048434291201e-05
15.846864	0.000741599419118037	1.15511476973566e-05
14.127493	0.000744539056173395	1.28280513509944e-05
12.587309	0.000746438231182615	1.44469362181944e-05
11.216775	0.000747970899820848	1.34484347927763e-05
9.9968166	0.000749633240386298	1.29954438705735e-05
8.9082127	0.000751552873232234	1.40924515713686e-05
7.9395623	0.000752204529184485	1.61224247747461e-05
7.0765615	0.000755800016320349	1.70405372270329e-05
6.3105822	0.000755307717853413	1.72504703219882e-05
5.6245475	0.00075742772802748	1.62952636203383e-05
5.0112233	0.000760728076780521	1.76932336020239e-05
4.4642835	0.000762402170999129	1.66312461077826e-05
3.9819033	0.000761848542454269	1.67164620219593e-05
3.5479143	0.000762421045620172	1.75843369847309e-05
3.1629577	0.000767870262299803	1.89492981363939e-05
2.818361	0.000767294222030188	1.70878804081859e-05
2.5112481	0.000765552522968431	1.49398635514078e-05
2.2398233	0.000766053921371541	1.70591804430882e-05
1.9950197	0.000768403148083795	1.73739487727937e-05
1.7775893	0.000768160304129561	1.73510049029884e-05
1.5846864	0.000772001137462931	1.9163995552877e-05
1.4122353	0.000772504019145827	1.77532911329018e-05
1.2582541	0.000774901620837587	1.88392320309847e-05
1.1224822	0.00077623638506108	2.05137817785452e-05
1.0000616	0.000777193363753122	2.14940315782187e-05
0.89082122	0.000777088153301788	1.93801624242263e-05
0.79444051	0.000776675458601138	2.2458766293404e-05
0.70784986	0.000780111974686206	2.07437313035056e-05
0.63126236	0.000780482126843883	2.19440352191479e-05
0.562536	0.000783335252549188	2.1046145937886e-05
0.50118715	0.000783182262189855	2.2776246291272e-05
0.44642836	0.000785963632425211	2.47791578299067e-05
0.39821118	0.000786168677211987	2.60259668532209e-05
0.35475865	0.000789523529077805	2.5888604645087e-05
0.31619295	0.000787539213384484	2.74274484484495e-05
0.2819173	0.000792908614442291	2.83738194069203e-05
0.25117323	0.000794033942385304	2.82577100728223e-05
0.22391155	0.000794399781253774	3.03345099860929e-05
0.19957349	0.00079608497246016	3.05829985426853e-05
0.17779917	0.00079988165842842	3.32481576773879e-05
0.15846863	0.000802589518976471	3.69046297715783e-05
0.14123619	0.000803445424626003	3.73678125715828e-05
0.12590662	0.000804291754821231	3.7582020927928e-05
0.1122199	0.000807420363697522	4.06136361222922e-05
0.10002181	0.000810116445004077	4.25272824244682e-05
