10002.226	0.00118250801592769	-0.00952306122821229
8914.9326	0.00114376679110109	-0.00852646016556732
7943.9951	0.0011045408787668	-0.00763107141470754
7081.583	0.00107047543172116	-0.00683132231121314
6307.7358	0.00103648018703169	-0.00611308387707767
5622.5879	0.00100520742865135	-0.00547544677524686
5011.603	0.000977210249729362	-0.00490359255251449
4466.4292	0.000951426553797198	-0.00438788881085464
3981.2773	0.000928368235948953	-0.00392837174670203
3548.8679	0.000908507112478246	-0.00351849670159338
3163.0398	0.000889755899135807	-0.00315132602166041
2819.0986	0.000871879681461444	-0.00281995722817519
2512.4104	0.000854929247884809	-0.00252584383751732
2239.2869	0.00083906019960939	-0.00226407822345498
1995.6381	0.000825461549436585	-0.0020275254301536
1778.2897	0.000813514751343416	-0.00181728393471212
1584.4927	0.000802805353706696	-0.00162832468625381
1412.7418	0.000789143995636836	-0.00145813904501882
1258.7905	0.000782353102356295	-0.00130972298854611
1121.7966	0.000772734917215365	-0.00117341010728146
999.68164	0.000762241781885317	-0.00105287775772246
891.42474	0.00075600620536394	-0.000944409244359002
794.23932	0.000747233766176038	-0.00084698083106236
707.96161	0.000741203337746685	-0.000757910640370341
631.00977	0.000733226527507496	-0.000681359743149062
562.33929	0.000726162022163962	-0.000608652775305034
501.12231	0.000721095898217277	-0.000548641585889222
446.57214	0.000714853098896013	-0.000490530451643989
398.08899	0.000709350380435021	-0.000440001210543589
354.88681	0.000705625331760883	-0.000391906459781045
316.31589	0.000703359951173796	-0.000345869567498546
281.8942	0.000699879577932245	-0.000309768290535748
251.20601	0.000696224221683371	-0.000275501198867306
223.92496	0.000696545448364876	-0.000242610015069473
199.55338	0.000695049835623675	-0.000214637024281012
177.78128	0.000692517387671026	-0.000189210994158625
158.52898	0.000691353882851017	-0.000162565217430061
141.21979	0.000694072292758555	-0.000142334443914961
125.92673	0.000693527940860652	-0.000123620507971648
112.19009	0.00069544481963737	-0.000105369015554778
99.968163	0.000697410809130623	-8.73474654660678e-05
89.115646	0.000700320003086747	-7.62344213788697e-05
79.415741	0.000700179519711684	-6.09171320871743e-05
70.793182	0.000702484763890359	-5.02220627120172e-05
63.082279	0.000705303048073069	-4.17039321119147e-05
56.241825	0.000712168584144153	-3.12690459285851e-05
50.112232	0.000713864522364517	-2.27855025094884e-05
44.671223	0.000715046074488434	-1.92631996859149e-05
39.808899	0.000718923014899189	-1.4564659359932e-05
35.488308	0.000721105736454909	-7.17613752441611e-06
31.629578	0.000723601257070158	-2.1757046558122e-06
28.187037	0.000728127431121997	-1.87884017100829e-07
25.120602	0.000729758855073601	4.55980914062704e-06
22.385418	0.000733647181332692	7.47944991149618e-06
19.955338	0.000735619388911246	8.46289409709472e-06
17.775894	0.000738127835568388	1.05454801211605e-05
15.846864	0.000740587381229935	1.08963190615929e-05
14.127493	0.000744415532647346	1.17082472012243e-05
12.587309	0.000745503460764456	1.36664405874893e-05
11.216775	0.000744569308150807	1.44550402193561e-05
9.9968166	0.000751054491630932	1.30151918307066e-05
8.9082127	0.00075018728710198	1.37092038352443e-05
7.9395623	0.000752553072904339	1.59787833249162e-05
7.0765615	0.000754774890073395	1.60638369457522e-05
6.3105822	0.000757336036455767	1.67615909972771e-05
5.6245475	0.000757068336539724	1.70546570664097e-05
5.0112233	0.000759653638992471	1.5859066113771e-05
4.4642835	0.00076096733391514	1.82687249096877e-05
3.9819033	0.000760364268176167	1.66550353774316e-05
3.5479143	0.000763863790326635	1.69721159069834e-05
3.1629577	0.000763146973219699	1.6965787463802e-05
2.818361	0.000766415418292231	1.73587424363038e-05
2.5112481	0.000766117822891101	1.8065262729343e-05
2.2398233	0.000766182215728739	1.78204570107287e-05
1.9950197	0.00076855862674188	1.77332812814684e-05
1.7775893	0.000769501143702791	1.79011041733972e-05
1.5846864	0.00077063809774921	1.73099887478931e-05
1.4122353	0.00077127845133419	1.86310558399316e-05
1.2582541	0.000772762548667856	1.95294515290928e-05
1.1224822	0.000773845885740348	1.89558883303125e-05
1.0000616	0.000775545725461851	2.21496180013711e-05
0.89082122	0.000777654882409548	1.83336974147548e-05
0.79444051	0.000779323412495997	1.92770080623526e-05
0.70784986	0.000779722220941495	2.31025872148212e-05
0.63126236	0.00078213340799501	2.10819224884094e-05
0.562536	0.000780586581778574	2.34609476712827e-05
0.50118715	0.000783956469066554	2.27387728587981e-05
0.44642836	0.000784907081546044	2.3591622779987e-05
0.39821118	0.000787302831840189	2.48123491559306e-05
0.35475865	0.000788698155009413	2.63786643398207e-05
0.31619295	0.000792296973800274	2.61989564769738e-05
0.2819173	0.000791252363021534	2.87253076480393e-05
0.25117323	0.000792543936124355	3.03316041311737e-05
0.22391155	0.000795687604050939	2.98260724370807e-05
0.19957349	0.000796575428891315	3.19865868097321e-05
0.17779917	0.000799621612516347	3.42416462627908e-05
0.15846863	0.000801584765906947	3.26985573839097e-05
0.14123619	0.000803378560938126	3.716531482022e-05
0.12590662	0.000806652374686147	3.84982585722814e-05
0.1122199	0.000806483973784869	3.99327461789757e-05
0.10002181	0.000809639588617639	4.34412534300522e-05
