10002.226	0.00118389636232853	-0.00952465532371614
8914.9326	0.00114155387938377	-0.00852813580783443
7943.9951	0.00110415220438392	-0.00763082406649606
7081.583	0.00106962422592267	-0.00683190717826565
6307.7358	0.00103897443178071	-0.00611375090694741
5622.5879	0.00100637793491359	-0.00547429781548868
5011.603	0.000978734319623871	-0.00490084011840932
4466.4292	0.000954354103260732	-0.00438772586853058
3981.2773	0.000930677725113164	-0.00392719076679646
3548.8679	0.000907318732141249	-0.00351883373500026
3163.0398	0.000887270256771937	-0.00315111587872622
2819.0986	0.000871515233683043	-0.00282105954760472
2512.4104	0.000855569335755617	-0.00252620874834731
2239.2869	0.000839770893534566	-0.00226567829977076
1995.6381	0.000824923805825763	-0.00202795734431803
1778.2897	0.000813282749748462	-0.00181676061824352
1584.4927	0.000800805533812549	-0.0016284331913496
1412.7418	0.00078972080423615	-0.00145745057034446
1258.7905	0.000781226348761318	-0.00130680275781814
1121.7966	0.000772060226961289	-0.00117629911147675
999.68164	0.000765092758418241	-0.00105312964944436
891.42474	0.000756043440895829	-0.000944901095163653
794.23932	0.000750556564776137	-0.000850450360249835
707.96161	0.000742090136883292	-0.000760278760814003
631.00977	0.000732693999447277	-0.000683274826492822
562.33929	0.000727267088695898	-0.000610404020853491
501.12231	0.000720328206341956	-0.000549889168664297
446.57214	0.000715966070803443	-0.000491115442870971
398.08899	0.000708880393270502	-0.000439884933825673
354.88681	0.000705375801134669	-0.000391901428924475
316.31589	0.000703169169701441	-0.000347946391333393
281.8942	0.000699877175296034	-0.000311800882636693
251.20601	0.000697092230455946	-0.000275169348276151
223.92496	0.000695115885927509	-0.00024331392926742
199.55338	0.000694001345536146	-0.000215987014115487
177.78128	0.000692041999899716	-0.000188559021413178
158.52898	0.000691708924427356	-0.000161858801966673
141.21979	0.000692100444755624	-0.000142794922655556
125.92673	0.000692768115180875	-0.000123685921281697
112.19009	0.000694311510166652	-0.000107297793310598
99.968163	0.000696894705779556	-8.83319889870879e-05
89.115646	0.000697847499199664	-7.63388239609382e-05
79.415741	0.000700251535725472	-6.16800355108374e-05
70.793182	0.000702462136769004	-5.23772086166196e-05
63.082279	0.00070595478765706	-4.04543510675116e-05
56.241825	0.000709988418750211	-3.04142421342693e-05
50.112232	0.000710517183729601	-2.27531875045538e-05
44.671223	0.000714143832532883	-1.61375423743193e-05
39.808899	0.000717838747562285	-1.26608765406472e-05
35.488308	0.000721806000924897	-7.59860174810365e-06
31.629578	0.000723631815580129	-7.86191096043271e-07
28.187037	0.000727690785665318	-4.22209975959576e-07
25.120602	0.000731087348059263	3.73287484376846e-06
22.385418	0.000732295893373569	7.23620816409955e-06
19.955338	0.000736706592222499	8.6345301206603e-06
17.775894	0.000737859112247793	1.04116429982302e-05
15.846864	0.000738880458917918	1.21645861757447e-05
14.127493	0.000743088286652833	1.28474082769613e-05
12.587309	0.000743787459951636	1.20285086950213e-05
11.216775	0.000747635654189979	1.41971736749466e-05
9.9968166	0.000748331998076481	1.47883026395716e-05
8.9082127	0.000750744905354311	1.61288760783892e-05
7.9395623	0.000752656083072775	1.61344394272627e-05
7.0765615	0.000755666024192479	1.77552636211411e-05
6.3105822	0.000756154679345601	1.78874323153041e-05
5.6245475	0.000758494452242202	1.58186427055322e-05
5.0112233	0.000758507744506284	1.71993164087778e-05
4.4642835	0.000760988954350057	1.62701993804597e-05
3.9819033	0.000761954533838025	1.6755335770545e-05
3.5479143	0.000763490435265266	1.81537402326053e-05
3.1629577	0.000764829811556082	1.72669146134606e-05
2.818361	0.000768106147877123	1.71288867422018e-05
2.5112481	0.000767435006961356	1.68297081215016e-05
2.2398233	0.000767164427935388	1.89848078648384e-05
1.9950197	0.00076898901424135	1.91307061914633e-05
1.7775893	0.000770753213620757	1.78971511309117e-05
1.5846864	0.000771039290584354	1.87883711077754e-05
1.4122353	0.000770595824030593	1.75385574017595e-05
1.2582541	0.000771564656677703	1.88456462910202e-05
1.1224822	0.000772667098502826	1.83255362996348e-05
1.0000616	0.000775311249870285	1.91853282841985e-05
0.89082122	0.000776481342782885	2.14030346127428e-05
0.79444051	0.000779060775444506	2.08044178971636e-05
0.70784986	0.000778119392578854	2.19879328111323e-05
0.63126236	0.000781622226679495	2.31772614025575e-05
0.562536	0.000779798868022396	2.07208929223795e-05
0.50118715	0.000782196358120158	2.41629673808786e-05
0.44642836	0.000783840400475206	2.16388970627994e-05
0.39821118	0.000788907289345645	2.55887384477965e-05
0.35475865	0.000788625856661167	2.65403137100951e-05
0.31619295	0.000789851033365402	2.59574044037498e-05
0.2819173	0.00079217463356931	2.6950338615425e-05
0.25117323	0.000793836883351243	2.81048860000142e-05
0.22391155	0.000797665246820901	3.09412918820255e-05
0.19957349	0.000796652956275392	3.11144432159869e-05
0.17779917	0.000798350696614656	3.50736476783917e-05
0.15846863	0.000801661753614515	3.49101689114558e-05
0.14123619	0.000802119665187582	3.72117002269039e-05
0.12590662	0.000806386825832859	3.65847954022297e-05
0.1122199	0.000807807929627844	4.08645021312352e-05
0.10002181	0.000810412079017686	4.29583824809815e-05
