10002.226	0.00118112603955033	-0.00952584347688801
8914.9326	0.00114489523248516	-0.00852643319577163
7943.9951	0.00110428041777356	-0.00763096793400109
7081.583	0.00106825877699853	-0.00683168355372517
6307.7358	0.00103855140169311	-0.00611467962755035
5622.5879	0.00100679812930836	-0.00547313717148356
5011.603	0.000978805149716935	-0.0049010474006738
4466.4292	0.000954138514356858	-0.00438888318525231
3981.2773	0.000930404443502909	-0.00392851452673994
3548.8679	0.000905505441316639	-0.00351825903565182
3163.0398	0.000888498022210031	-0.00315127841359488
2819.0986	0.000871791954538774	-0.0028219201351221
2512.4104	0.000855218293813027	-0.00252806692499391
2239.2869	0.000838990867679892	-0.00226343914278187
1995.6381	0.000826821013770135	-0.0020291968942285
1778.2897	0.000813625679464915	-0.00181820483859315
1584.4927	0.000802181983724295	-0.00162734774493458
1412.7418	0.000789009356936296	-0.00145958616566527
1258.7905	0.000779541836558546	-0.00130820768558953
1121.7966	0.000772018471228334	-0.00117510049787684
999.68164	0.000765010515148139	-0.00105189011971392
891.42474	0.000756782777034156	-0.000944096500749454
794.23932	0.000749208725338654	-0.000850490973339289
707.96161	0.000739435522171224	-0.000759562968006066
631.00977	0.000732063269594875	-0.00068365493586226
562.33929	0.000727329355216146	-0.000610286104059966
501.12231	0.000720388959548489	-0.000547771521952757
446.57214	0.000714650494722296	-0.000488402850802214
398.08899	0.000711309559188777	-0.000436986631375757
354.88681	0.000703242041069128	-0.000390003153233227
316.31589	0.000704096429096636	-0.000348601058953749
281.8942	0.000699702217992186	-0.000310172876396532
251.20601	0.000694723718066263	-0.000273892863049956
223.92496	0.000695781791026178	-0.000243640125574647
199.55338	0.000694493826191036	-0.00021477789911892
177.78128	0.000694573056364346	-0.000187358341554527
158.52898	0.000693713348475307	-0.000163396480315792
141.21979	0.000692502142698981	-0.000142457840945446
125.92673	0.000692506493050951	-0.000122144777638192
112.19009	0.00069555314562601	-0.000109284319431147
99.968163	0.000698484587314671	-8.74784687084822e-05
89.115646	0.000697283947073627	-7.50237565426175e-05
79.415741	0.0007014872385059	-6.33223374306616e-05
70.793182	0.000702041048726441	-5.23739756840006e-05
63.082279	0.00070753251477445	-4.07870643277114e-05
56.241825	0.000709984297526132	-3.0436188486081e-05
50.112232	0.000712546799277898	-2.10725373286489e-05
44.671223	0.000714437855808837	-1.98853759558163e-05
39.808899	0.000718384153100232	-1.43359659161378e-05
35.488308	0.000722249349018269	-8.49804877730513e-06
31.629578	0.000725111148261338	-2.86183464842301e-06
28.187037	0.000727320125454805	1.78873749341502e-06
25.120602	0.000728274637660658	2.46372880200005e-06
22.385418	0.000731183130670445	6.06552031027087e-06
19.955338	0.000735196400392098	9.22237437127287e-06
17.775894	0.000738800004577759	1.06158846100426e-05
15.846864	0.000741248056025306	1.10592360270283e-05
14.127493	0.000744119978337462	1.32678978912216e-05
12.587309	0.000745603030872577	1.47865536728343e-05
11.216775	0.000748252302890694	1.31852414472421e-05
9.9968166	0.000748260933268353	1.43634580635879e-05
8.9082127	0.000751055685233777	1.64301400721389e-05
7.9395623	0.000752221436048386	1.56522003973279e-05
7.0765615	0.000755747427119014	1.515858497147e-05
6.3105822	0.000757024073030643	1.71920019939128e-05
5.6245475	0.00075947252287596	1.62680213456709e-05
5.0112233	0.000758960100130403	1.76674620465145e-05
4.4642835	0.000762114677881791	1.66503021799984e-05
3.9819033	0.000762521410441929	1.74622244937795e-05
3.5479143	0.000764826294708318	1.72070092297137e-05
3.1629577	0.000763103682995125	1.81495855198426e-05
2.818361	0.000764881318289004	1.75306293415211e-05
2.5112481	0.000766772230622338	1.62474591222625e-05
2.2398233	0.000768091003385029	1.65576209129988e-05
1.9950197	0.000767551483291523	1.83530376242184e-05
1.7775893	0.000769649743315611	1.75022508045484e-05
1.5846864	0.000770914978123587	1.89570086540799e-05
1.4122353	0.000771520772186539	1.80956458149425e-05
1.2582541	0.0007733926201621	1.92895890049235e-05
1.1224822	0.000773646333228318	1.8772574283485e-05
1.0000616	0.000774779249267395	1.97523206035392e-05
0.89082122	0.00077776155746782	2.01365779801423e-05
0.79444051	0.000778604267070462	2.15265395316543e-05
0.70784986	0.000778697895550526	2.09665911640848e-05
0.63126236	0.000782048260190252	2.07334978997934e-05
0.562536	0.000780997043357231	2.19099234178154e-05
0.50118715	0.000783609454415936	2.28960784239437e-05
0.44642836	0.000786312254146339	2.54844656473086e-05
0.39821118	0.000786728833168665	2.63084644963048e-05
0.35475865	0.000789853011808916	2.70742468820728e-05
0.31619295	0.000790536408903389	2.73162149621421e-05
0.2819173	0.000792055332526651	2.80054840014606e-05
0.25117323	0.000793257453078435	2.89134418025356e-05
0.22391155	0.000795577926070975	3.36575365511406e-05
0.19957349	0.000797781543696347	3.28434809662569e-05
0.17779917	0.000798487582816561	3.29861059948907e-05
0.15846863	0.000803048154866566	3.53950782428652e-05
0.14123619	0.000803443724954138	3.62229922708659e-05
0.12590662	0.000806188586391975	3.98892246118161e-05
0.1122199	0.000806048403655353	4.00477136582082e-05
0.10002181	0.000809879150513341	4.07458201382192e-05
