10002.226	0.00115863345017823	-0.00950047492298349
8914.9326	0.00111881750378933	-0.00850592234329026
7943.9951	0.00108252333086843	-0.00761449305428659
7081.583	0.00104755509773846	-0.00681649667528489
6307.7358	0.00101526674667705	-0.00609832475693977
5622.5879	0.000983124550423832	-0.00546009067735083
5011.603	0.000954931196160227	-0.00488889961519889
4466.4292	0.000931857089514477	-0.00437851029639127
3981.2773	0.000907780318140342	-0.0039193334168355
3548.8679	0.000885984408861214	-0.00350970781390537
3163.0398	0.000866559825531636	-0.00314342791020503
2819.0986	0.000846958074995877	-0.00281496726509258
2512.4104	0.000832644386307753	-0.0025204778985602
2239.2869	0.000816842533472578	-0.00226024484584957
1995.6381	0.000803444270658022	-0.00202552787229862
1778.2897	0.000792348589718461	-0.00181261924650577
1584.4927	0.000778253592907324	-0.00162469365614197
1412.7418	0.000767438173862252	-0.00145650741223562
1258.7905	0.00075712711474726	-0.00130531709891486
1121.7966	0.000749968509683721	-0.00117141470657345
999.68164	0.000740367612673896	-0.00105078259422784
891.42474	0.000733496056625691	-0.000943969736508211
794.23932	0.000724224239916422	-0.000847291262379023
707.96161	0.000715950298392611	-0.000756765509005914
631.00977	0.00071016635400226	-0.000680190443338464
562.33929	0.000702517708488755	-0.000608677041249947
501.12231	0.00069810304344542	-0.000546654984676201
446.57214	0.00069283213844828	-0.000489285523018343
398.08899	0.00068868816615852	-0.000437760549353201
354.88681	0.000685763209428258	-0.000388655523028681
316.31589	0.000681189092874817	-0.000346146543917158
281.8942	0.000678021776774016	-0.000311081693136485
251.20601	0.000673402838396616	-0.000271944048975283
223.92496	0.000672875263542066	-0.000241952686249509
199.55338	0.000671577191804327	-0.000213539904968475
177.78128	0.000668988174124006	-0.00018521226285552
158.52898	0.000670741275077472	-0.000161748510153193
141.21979	0.000671398328475398	-0.000142106941473989
125.92673	0.000671550599219964	-0.000123542727249712
112.19009	0.000671917051003954	-0.000107136664783434
99.968163	0.000673929272337929	-8.93040962553025e-05
89.115646	0.000676822843528993	-7.71973539252394e-05
79.415741	0.000679926596869728	-6.51271524069605e-05
70.793182	0.00068137466964093	-5.20173213951943e-05
63.082279	0.000683533693654907	-3.87720537273552e-05
56.241825	0.000688442968695392	-3.19795560038402e-05
50.112232	0.000690860038820782	-2.2838198732508e-05
44.671223	0.000692014442171969	-1.66504624323886e-05
39.808899	0.000695537051773592	-1.21012821936431e-05
35.488308	0.000699707242822322	-7.26286564541158e-06
31.629578	0.000702298894032632	-2.74416533549171e-06
28.187037	0.000705129724088505	9.24224281028523e-07
25.120602	0.000707457960797374	3.90855641492428e-06
22.385418	0.000712723330480709	6.9355072159307e-06
19.955338	0.000714026148872303	8.98140478186686e-06
17.775894	0.00071812706137501	1.14867268920132e-05
15.846864	0.000719264441560794	9.86865568508473e-06
14.127493	0.000723021062809548	1.32416457207321e-05
12.587309	0.00072232437358396	1.26933954222996e-05
11.216775	0.000722835628642685	1.50554476430806e-05
9.9968166	0.000726482072689071	1.2851894459727e-05
8.9082127	0.00073006315223056	1.57218068505339e-05
7.9395623	0.000731180034401831	1.53924999359482e-05
7.0765615	0.000731242036130534	1.76084077454403e-05
6.3105822	0.000733259042862944	1.70312303852737e-05
5.6245475	0.000736254484379274	1.63410864716696e-05
5.0112233	0.000737622909045563	1.76671244005554e-05
4.4642835	0.000737892772663007	1.55053309400174e-05
3.9819033	0.000741265686848154	1.81119745820032e-05
3.5479143	0.000740332881850821	1.9629451563625e-05
3.1629577	0.000743116445936558	1.75714782131458e-05
2.818361	0.000746041171994626	1.63981843057659e-05
2.5112481	0.000745530875746701	1.7228383819306e-05
2.2398233	0.000742909113674779	1.73719747595318e-05
1.9950197	0.000744472080311864	1.70099086045114e-05
1.7775893	0.000747149916737448	1.90038284115421e-05
1.5846864	0.000749856580150429	1.67700340815005e-05
1.4122353	0.000750202601743921	1.73639725888729e-05
1.2582541	0.000750228119515363	1.77581631314507e-05
1.1224822	0.000753472675039642	1.84722315916063e-05
1.0000616	0.000752314191494096	1.9699494630027e-05
0.89082122	0.000753030017320327	2.00571048609269e-05
0.79444051	0.000757558821402827	2.17117665990674e-05
0.70784986	0.000756603701784037	2.30102268164943e-05
0.63126236	0.000759049982960886	2.13187042284115e-05
0.562536	0.000760249203778481	2.36319152457782e-05
0.50118715	0.000761108120680941	2.49061093076579e-05
0.44642836	0.000763547104398421	2.46045420204283e-05
0.39821118	0.000765127486685379	2.49664399420501e-05
0.35475865	0.000766965815194467	2.76864773433998e-05
0.31619295	0.000766620660000957	2.79902961171414e-05
0.2819173	0.00076761788988553	2.79711008046615e-05
0.25117323	0.000769309013604475	3.04171102769492e-05
0.22391155	0.000774909145426541	3.01430274911661e-05
0.19957349	0.000773413819659812	3.24254641001169e-05
0.17779917	0.00077593323807849	3.35600318108543e-05
0.15846863	0.00077890333347157	3.46573007268387e-05
0.14123619	0.000778862004427071	3.48677893887061e-05
0.12590662	0.000783205638592022	3.75473281060813e-05
0.1122199	0.000784622370793065	4.00918927154144e-05
0.10002181	0.000788422108573752	4.09212280261279e-05
