10002.226	0.00115885866072466	-0.00950094740420599
8914.9326	0.00111927309595278	-0.00850634230316024
7943.9951	0.00108163536634838	-0.00761386298835504
7081.583	0.00104751350130677	-0.00681667340967957
6307.7358	0.00101623289699886	-0.00609958660830778
5622.5879	0.000985082233788718	-0.00546237239920574
5011.603	0.00095337915100831	-0.00489063997236267
4466.4292	0.000930843721259924	-0.00437693356875039
3981.2773	0.000908125174123978	-0.00392130086276283
3548.8679	0.000886109152063378	-0.00350969314009399
3163.0398	0.000867226184015964	-0.00314370272965267
2819.0986	0.000848616653248253	-0.00281381828017063
2512.4104	0.00083301536065893	-0.00252079145943965
2239.2869	0.000816595679439645	-0.00225787209736364
1995.6381	0.000802945678945876	-0.00202373463521429
1778.2897	0.000791366825841248	-0.00181223471135711
1584.4927	0.000778601170843308	-0.00162602140908216
1412.7418	0.000767266238154676	-0.00145846736360617
1258.7905	0.000759283866663655	-0.00130601283197052
1121.7966	0.000749005701421585	-0.00117243944088169
999.68164	0.000741941505453195	-0.00105059490469104
891.42474	0.000732750996818827	-0.000942522215295496
794.23932	0.000725130793903221	-0.00084769187181557
707.96161	0.000717368869661875	-0.000759286128187269
631.00977	0.00071015017016495	-0.000678891442878749
562.33929	0.000703957380263076	-0.0006096393973119
501.12231	0.00070003238042499	-0.000547895917421836
446.57214	0.000694741708252962	-0.000487333555517247
398.08899	0.000687169012741243	-0.000436838827307909
354.88681	0.000681568880374673	-0.000390564286724694
316.31589	0.000681273224148693	-0.000346476239864556
281.8942	0.000676957025817003	-0.000312074691169119
251.20601	0.000673825854483948	-0.000273829416746291
223.92496	0.000675214844946421	-0.000241617538079053
199.55338	0.000672801558834322	-0.000213962763199335
177.78128	0.000671883259033238	-0.000185345067148187
158.52898	0.000671348003792546	-0.000163578327086154
141.21979	0.000670730231416832	-0.000144307576668573
125.92673	0.000672094203936206	-0.000122139741237804
112.19009	0.000673509081099183	-0.000107012716693314
99.968163	0.000675993302504743	-8.85882936153761e-05
89.115646	0.000677925056491507	-7.49257585017161e-05
79.415741	0.000677681298917774	-6.40149602136028e-05
70.793182	0.000679313924810105	-5.04892979531945e-05
63.082279	0.000682778784266966	-3.97467370944058e-05
56.241825	0.0006874418930003	-3.23772285227558e-05
50.112232	0.000689041495432555	-2.31642355390261e-05
44.671223	0.000693325285440163	-1.88147144463355e-05
39.808899	0.000695540162139833	-1.43545377131281e-05
35.488308	0.000698734235088417	-7.01041787531434e-06
31.629578	0.000701397560504855	-7.90338128512831e-07
28.187037	0.000703724617929966	-3.21127161143096e-07
25.120602	0.000708070869356184	5.69690156745994e-06
22.385418	0.000708807897835098	6.4796303599053e-06
19.955338	0.000714607860900193	9.60197358731661e-06
17.775894	0.000716042571801198	1.24419389443903e-05
15.846864	0.000719362758143049	1.02221284223558e-05
14.127493	0.000723224521812378	1.34584861646308e-05
12.587309	0.000723443332596862	1.22984257792864e-05
11.216775	0.000727127884297151	1.49179021103829e-05
9.9968166	0.000725568647961906	1.56996370424255e-05
8.9082127	0.00072779696665811	1.39959775779514e-05
7.9395623	0.000729669776559945	1.58814939424369e-05
7.0765615	0.000733464970794776	1.85124643408127e-05
6.3105822	0.000731669050146386	1.74221131263109e-05
5.6245475	0.000735572953657805	1.62093702408177e-05
5.0112233	0.000736334501316504	1.5973436156551e-05
4.4642835	0.000738910315772058	1.56903582635782e-05
3.9819033	0.00074115632262116	1.66592745282025e-05
3.5479143	0.000742181078764479	1.71785110604711e-05
3.1629577	0.000744576402067453	1.94658916585378e-05
2.818361	0.000743018475909157	1.70133779702101e-05
2.5112481	0.000745740536036006	1.66685175757904e-05
2.2398233	0.000745898429398167	1.72663659536408e-05
1.9950197	0.00074523386289268	1.62572459308374e-05
1.7775893	0.000747504033647907	1.71121360608544e-05
1.5846864	0.000747710438685862	1.72220517381206e-05
1.4122353	0.000749319277941985	1.97318185363151e-05
1.2582541	0.000753102541685626	1.89451521020816e-05
1.1224822	0.000751055214871705	2.12879138682544e-05
1.0000616	0.000754466920712453	1.93227766093135e-05
0.89082122	0.000755350542140646	2.03228819231238e-05
0.79444051	0.000754519259394191	1.9993327314083e-05
0.70784986	0.000757363925382344	2.14702432939955e-05
0.63126236	0.000758261310351028	2.05815939597584e-05
0.562536	0.000759770456784166	2.45020982171972e-05
0.50118715	0.000759745293500848	2.24750245732365e-05
0.44642836	0.000762733635963767	2.26197545689645e-05
0.39821118	0.000764717430609376	2.64842491773478e-05
0.35475865	0.00076592054526012	2.59260355716706e-05
0.31619295	0.000767970694569824	2.62148462854861e-05
0.2819173	0.000768340681556705	2.76119701533247e-05
0.25117323	0.000770790039865352	2.84832059865777e-05
0.22391155	0.000771558174209808	3.03467197041418e-05
0.19957349	0.000774449498227569	3.13701855236325e-05
0.17779917	0.000775176314865901	3.32499808198986e-05
0.15846863	0.000778624558985907	3.3162620471112e-05
0.14123619	0.000779858386193932	3.68008263554448e-05
0.12590662	0.000781982512367807	3.63862407686376e-05
0.1122199	0.000784517044133893	3.95073988991592e-05
0.10002181	0.000787172437490533	4.1505455725314e-05
