10002.226	0.00116075198108382	-0.00950052176423526
8914.9326	0.00111989761604268	-0.00850789280685322
7943.9951	0.00108088991821441	-0.00761455197943296
7081.583	0.00104720234796549	-0.00681666042010686
6307.7358	0.0010139368177073	-0.00609815989662013
5622.5879	0.000984301362671544	-0.00546019008688762
5011.603	0.000953721898440452	-0.0048889270401371
4466.4292	0.000932020446825281	-0.0043783534603694
3981.2773	0.000907782902368607	-0.00391843344997807
3548.8679	0.000885744940521506	-0.00350998952525173
3163.0398	0.000866794888675056	-0.00314399920960138
2819.0986	0.000849001453626209	-0.00281420979757677
2512.4104	0.000832551471747257	-0.00251912543611297
2239.2869	0.000816432552755689	-0.00226120890519118
1995.6381	0.000804738721781453	-0.00202320897439187
1778.2897	0.000791246079376541	-0.0018119642668823
1584.4927	0.000778908739635863	-0.00162290708927385
1412.7418	0.000766308065318848	-0.00145607651394411
1258.7905	0.000758584604445951	-0.00130576688327912
1121.7966	0.000749376207260404	-0.00117137166151188
999.68164	0.000738555476432248	-0.00104814969620031
891.42474	0.000732352853462968	-0.000942756756790607
794.23932	0.000724264931329643	-0.000847319840754328
707.96161	0.000718128202045494	-0.000758712696180266
631.00977	0.000709969292026608	-0.000682765851130875
562.33929	0.000704531836467143	-0.000610507961727574
501.12231	0.000698630794708357	-0.000547238325514183
446.57214	0.00069235668406958	-0.000487938994223554
398.08899	0.000686921687230715	-0.000436925657192495
354.88681	0.000684058406170081	-0.000391440473937558
316.31589	0.000680535754581687	-0.00034679054142077
281.8942	0.00067821472857348	-0.000309078800965577
251.20601	0.000673819486131648	-0.000272854694964188
223.92496	0.000673939607310407	-0.000240913676865906
199.55338	0.000671735759207143	-0.00021587651352214
177.78128	0.000671623054329488	-0.000185461180449515
158.52898	0.000670865120658926	-0.000162951263497433
141.21979	0.000669676474599411	-0.000142858840219705
125.92673	0.000671852558986405	-0.000122645666985519
112.19009	0.000673498626544745	-0.000106508578953329
99.968163	0.000674453862306186	-8.82879791545161e-05
89.115646	0.00067649596986875	-7.57053390850855e-05
79.415741	0.000679368699515439	-6.11647743384852e-05
70.793182	0.000681347249073755	-5.16347540819908e-05
63.082279	0.00068356697794962	-4.02973653683075e-05
56.241825	0.000687468420702869	-3.29039104663103e-05
50.112232	0.000687948001333193	-2.15428758579334e-05
44.671223	0.000692692296538689	-1.94300099194077e-05
39.808899	0.000695851987373143	-1.26972387860235e-05
35.488308	0.000698308606535776	-8.58496504544221e-06
31.629578	0.000701998890895332	-1.50429044468921e-06
28.187037	0.000704094601383	3.44906746852303e-07
25.120602	0.000708704659304104	4.85565881939523e-06
22.385418	0.000711252224992657	6.54601887460028e-06
19.955338	0.000714205349264209	1.02110722718205e-05
17.775894	0.000713959160492699	1.31960654072809e-05
15.846864	0.000718856836374501	1.00328231254365e-05
14.127493	0.000721531355118371	1.30778624918981e-05
12.587309	0.000721110648428256	1.2575046971002e-05
11.216775	0.000723044598967321	1.45469297934099e-05
9.9968166	0.00072686422018794	1.37396409751895e-05
8.9082127	0.000729742302246123	1.56610876085334e-05
7.9395623	0.000730051390482806	1.60400416372346e-05
7.0765615	0.000733332942123971	1.65715520948832e-05
6.3105822	0.000735255052402744	1.69784876043808e-05
5.6245475	0.000735422437954062	1.69190009838661e-05
5.0112233	0.000735123407735584	1.79265202468008e-05
4.4642835	0.000738557564032304	1.59788664786675e-05
3.9819033	0.000739200934497518	1.67627049169051e-05
3.5479143	0.000740320591211437	1.46532042840001e-05
3.1629577	0.000742393101324813	1.70624750232309e-05
2.818361	0.000743696474037179	1.55402525959845e-05
2.5112481	0.000745064339533952	1.69404637787853e-05
2.2398233	0.000744469667610211	1.74339819929871e-05
1.9950197	0.000747695485039693	1.71095601944457e-05
1.7775893	0.000746034560067454	1.74376232280063e-05
1.5846864	0.000747705294574851	1.77763991617674e-05
1.4122353	0.000749120414505132	1.87974279618689e-05
1.2582541	0.000751113994467677	1.92624890482996e-05
1.1224822	0.000750782566590732	1.97324777065303e-05
1.0000616	0.000754680894652896	2.02033607482759e-05
0.89082122	0.000753175282397461	1.98554454757236e-05
0.79444051	0.000757395378696135	2.02470925200138e-05
0.70784986	0.00075691901209579	2.31099433165947e-05
0.63126236	0.000757565650729934	2.0832224784769e-05
0.562536	0.000759548809354051	2.24645681667628e-05
0.50118715	0.000761359377831984	2.23106893084071e-05
0.44642836	0.000763162102568485	2.43238654601534e-05
0.39821118	0.000764878826790907	2.70597313429845e-05
0.35475865	0.000767047918533219	2.67246099267987e-05
0.31619295	0.000767714140324829	2.73421286867915e-05
0.2819173	0.000768496203465455	2.72114647306689e-05
0.25117323	0.000770533319104465	2.67366937775687e-05
0.22391155	0.000772909530874621	3.14218027064962e-05
0.19957349	0.000775267323651378	3.06325066577798e-05
0.17779917	0.000776294397166245	3.24264601147265e-05
0.15846863	0.000777397281178932	3.43134800902847e-05
0.14123619	0.000781037833388932	3.70313415233514e-05
0.12590662	0.000783530718444905	3.94642098120098e-05
0.1122199	0.000785760570093519	4.12453209379383e-05
0.10002181	0.000787467302147662	4.29832384201748e-05
