10002.226	0.00116075663058396	-0.0095020671476355
8914.9326	0.00111756267298411	-0.00850770965173103
7943.9951	0.00107934089594523	-0.00761200011999199
7081.583	0.00104762997095455	-0.00681589423920866
6307.7358	0.00101457707783865	-0.00609858481331056
5622.5879	0.000982892961273795	-0.00545858711366548
5011.603	0.000955371184582825	-0.00489058417529074
4466.4292	0.000930114746451215	-0.00437612345995896
3981.2773	0.000905736186397224	-0.00391929363687056
3548.8679	0.000885857802775811	-0.00351071759436111
3163.0398	0.000865262221039633	-0.00314236787109246
2819.0986	0.00084792313027778	-0.00281207666010557
2512.4104	0.000833514319579582	-0.00252062306355902
2239.2869	0.000817003072037221	-0.0022595052003906
1995.6381	0.000804679341282268	-0.00202279366003826
1778.2897	0.000790820150886019	-0.00181396065087998
1584.4927	0.000778766665197719	-0.00162502749866561
1412.7418	0.000766852878174216	-0.00145648967473544
1258.7905	0.000758219618308674	-0.00130337816714613
1121.7966	0.000749832853730169	-0.00117264221090076
999.68164	0.000741150358676872	-0.00105022437889621
891.42474	0.000732641163817414	-0.000944277546869927
794.23932	0.00072628163504629	-0.000849157984773238
707.96161	0.000718644350513632	-0.000758442709520646
631.00977	0.000710941902721862	-0.000679376782551283
562.33929	0.000702805537612628	-0.000607662758422105
501.12231	0.000698499055419413	-0.000547564468901586
446.57214	0.000693406346087989	-0.000487710666021459
398.08899	0.000687772885359141	-0.000436499591972792
354.88681	0.000684428267979847	-0.000390361354309613
316.31589	0.000681012449843184	-0.000347414339018574
281.8942	0.00067765110696599	-0.000308717699178513
251.20601	0.000672433723888032	-0.000274390363756273
223.92496	0.000671697491145231	-0.000242035879766644
199.55338	0.000673932547856307	-0.000214398627683462
177.78128	0.000671715839003557	-0.000184683889205607
158.52898	0.000672640863582883	-0.00016292142724284
141.21979	0.000670171552715373	-0.000144309385278546
125.92673	0.000668949907941021	-0.000121981723499483
112.19009	0.000671404095651463	-0.000105855174596797
99.968163	0.000674281837334861	-8.7784480667786e-05
89.115646	0.000677293562978232	-7.40852024471391e-05
79.415741	0.000679035892785607	-6.26767605473425e-05
70.793182	0.000681017160453913	-5.05829599186719e-05
63.082279	0.000685137075160452	-4.30733181114264e-05
56.241825	0.00068904900576753	-3.38157967209263e-05
50.112232	0.000688503930315546	-2.10381814944394e-05
44.671223	0.000692516660282394	-1.55741533780793e-05
39.808899	0.000696263963626143	-1.2197389499844e-05
35.488308	0.000699234476696833	-8.43318479246771e-06
31.629578	0.000703369929413692	-1.95774317623008e-06
28.187037	0.000702565177734843	-1.14399707233721e-06
25.120602	0.000709247765819021	3.60139046246786e-06
22.385418	0.000711037475336348	7.48067976400535e-06
19.955338	0.000713859054854752	7.63203708228817e-06
17.775894	0.000717477386466673	1.17958916183126e-05
15.846864	0.000718920432363464	1.08847577285587e-05
14.127493	0.000722990084344812	1.35404785116752e-05
12.587309	0.000723067132343708	1.35762863583802e-05
11.216775	0.000724579648698294	1.48786381785058e-05
9.9968166	0.000725956414176048	1.32284272736254e-05
8.9082127	0.000728960349701468	1.50648751832413e-05
7.9395623	0.00072723483286593	1.56666165637976e-05
7.0765615	0.000733056715681281	1.76869965437936e-05
6.3105822	0.000734533479871073	1.66532861060096e-05
5.6245475	0.000736057140297879	1.39789908475663e-05
5.0112233	0.000737916040801394	1.80096260537113e-05
4.4642835	0.000737992579858568	1.66063974949224e-05
3.9819033	0.000738153842446072	1.68637330371266e-05
3.5479143	0.000741041416903119	1.63392491728571e-05
3.1629577	0.00074286290345372	1.73918768907642e-05
2.818361	0.000742998987965714	1.54812295606203e-05
2.5112481	0.000743682120245214	1.63399027205276e-05
2.2398233	0.000745559844665891	1.55641987066217e-05
1.9950197	0.000746813682214451	1.78569870943849e-05
1.7775893	0.000749015052330855	1.89890435570718e-05
1.5846864	0.000749083107839287	1.75364709542106e-05
1.4122353	0.000749948686260721	1.8720975857856e-05
1.2582541	0.000750542214099961	1.98413115330564e-05
1.1224822	0.000751746489451787	1.94746898495715e-05
1.0000616	0.000752842961628922	1.82401031703407e-05
0.89082122	0.000756247970039604	1.96141331528511e-05
0.79444051	0.000756052637542968	2.0509669961356e-05
0.70784986	0.000754932198434754	2.19392895954764e-05
0.63126236	0.000757414363840288	2.29349314702166e-05
0.562536	0.000759280259681751	2.18805956833163e-05
0.50118715	0.000761236345244185	2.44430709696251e-05
0.44642836	0.000763354724345852	2.55042840136912e-05
0.39821118	0.000765663050250841	2.60951076600564e-05
0.35475865	0.0007651096443977	2.68688115527231e-05
0.31619295	0.000766158525506799	2.76149354629831e-05
0.2819173	0.00077033831295917	2.7801229332732e-05
0.25117323	0.000770194194135752	2.91696875088791e-05
0.22391155	0.000772821918584145	3.0022560472929e-05
0.19957349	0.000774107480954012	3.35420252217264e-05
0.17779917	0.00077543392489448	3.47654565302757e-05
0.15846863	0.000779204641530413	3.54562462661024e-05
0.14123619	0.000780620073775766	3.84386632345444e-05
0.12590662	0.000782089152943481	3.94126369168204e-05
0.1122199	0.000783889210818495	3.98332951831176e-05
0.10002181	0.0007854607610459	4.22916913906011e-05
