10002.226	0.00118461387971491	-0.00947992034882622
8914.9326	0.00114181896409097	-0.00848458513797532
7943.9951	0.00110576673378159	-0.00759542730576452
7081.583	0.00107192988017693	-0.00680054847533187
6307.7358	0.00103745226497665	-0.00608393146740492
5622.5879	0.00100769650131716	-0.00544778694329798
5011.603	0.000976439191793373	-0.00487793469916879
4466.4292	0.000953134716736354	-0.00436933022217946
3981.2773	0.000931560617738806	-0.00391026807400236
3548.8679	0.000908519000522391	-0.00350163351421125
3163.0398	0.000890144768082278	-0.00313585338409094
2819.0986	0.000871066326061087	-0.00280776569612615
2512.4104	0.000855565512284868	-0.00251363910595913
2239.2869	0.00083861881679247	-0.00225469159749
1995.6381	0.000827427559654758	-0.00201740578235194
1778.2897	0.000813658379980201	-0.00180886251637601
1584.4927	0.000802720868060291	-0.00162050009769474
1412.7418	0.000789702535409718	-0.00145254919990684
1258.7905	0.000781143031478558	-0.00130288137323971
1121.7966	0.000773340452660828	-0.00116888893485487
999.68164	0.000762280340314329	-0.00104709988343146
891.42474	0.000754632797453561	-0.000940619222312183
794.23932	0.000747410431629188	-0.000844207436054971
707.96161	0.000738483296092521	-0.000757063095275535
631.00977	0.000732483847143759	-0.00067969916737308
562.33929	0.000727284618756989	-0.000608893370539228
501.12231	0.000720927088463018	-0.000543212760380614
446.57214	0.000716014611659484	-0.000485723752307566
398.08899	0.000711905973529334	-0.000437418437949138
354.88681	0.000706159547944593	-0.000389321817990092
316.31589	0.000705534062896968	-0.000344261691948408
281.8942	0.000700273220462536	-0.000306788874668873
251.20601	0.000698622450976744	-0.000273377136165732
223.92496	0.000695630684606897	-0.000240644785625932
199.55338	0.00069536316117021	-0.000213407314320508
177.78128	0.000693102294163784	-0.00018617923442801
158.52898	0.00069308593535307	-0.00016168630844625
141.21979	0.000694595714999395	-0.000142453192797736
125.92673	0.000692924548543612	-0.000122448378202191
112.19009	0.000696154007904147	-0.000105499273346131
99.968163	0.000697734311690249	-8.92780443915951e-05
89.115646	0.000702275508906522	-7.55403254649111e-05
79.415741	0.000700918640583538	-6.42662696515e-05
70.793182	0.000704250347124686	-5.07871706245706e-05
63.082279	0.000706671063454276	-4.19568189982917e-05
56.241825	0.00071168083012756	-3.17272388238508e-05
50.112232	0.000713324393145426	-2.24443960404669e-05
44.671223	0.00071613495395141	-1.84391520593011e-05
39.808899	0.000719241066071273	-1.40494796265165e-05
35.488308	0.00072074289079605	-6.17135523941572e-06
31.629578	0.000723875774805508	-3.54696772253412e-06
28.187037	0.000726416728430826	1.45785358994821e-06
25.120602	0.000730417609034029	5.42430593651775e-06
22.385418	0.00073437042810809	7.9153029422667e-06
19.955338	0.000736904897515914	7.49013521038393e-06
17.775894	0.000740397864380998	1.236414772153e-05
15.846864	0.000742913994644363	7.5968986237364e-06
14.127493	0.000742630815812787	1.27200413273946e-05
12.587309	0.000745878752739555	1.35794012683045e-05
11.216775	0.000747272530595004	1.49414446579191e-05
9.9968166	0.000749345329567487	1.48775896517242e-05
8.9082127	0.000752341015807053	1.42934642265912e-05
7.9395623	0.000752960832205289	1.48736262474967e-05
7.0765615	0.000755964720221078	1.76093169546745e-05
6.3105822	0.000757229675569808	1.56863829560248e-05
5.6245475	0.000757463204083625	1.62268227225288e-05
5.0112233	0.000760096897112604	1.87178608366293e-05
4.4642835	0.00076078242907277	1.55585851179785e-05
3.9819033	0.000761601879055565	1.7301095202009e-05
3.5479143	0.000762510737166993	1.61889407237591e-05
3.1629577	0.000763941590590418	1.83629433843116e-05
2.818361	0.00076511407763488	1.72865871084855e-05
2.5112481	0.000764889847448047	1.64046084655194e-05
2.2398233	0.000766159049659748	1.60233342398914e-05
1.9950197	0.000767680171531766	1.85052538460974e-05
1.7775893	0.000770240796264544	1.62258825098882e-05
1.5846864	0.000770713964044431	1.89955424035098e-05
1.4122353	0.000772381390155841	1.96015990286403e-05
1.2582541	0.000773018488138178	1.8685843704241e-05
1.1224822	0.000775127300936585	1.89821485081059e-05
1.0000616	0.000776511485513586	2.05807193734965e-05
0.89082122	0.000778132796462283	2.16120894787623e-05
0.79444051	0.000779072745674909	1.92222994032436e-05
0.70784986	0.000779394916353797	2.20056515380225e-05
0.63126236	0.000781359545283497	2.09884611048005e-05
0.562536	0.000783893041308486	2.27209408716378e-05
0.50118715	0.000784382902829946	2.27752201979576e-05
0.44642836	0.000787272806835204	2.36654387680216e-05
0.39821118	0.000785986634153704	2.46433226573383e-05
0.35475865	0.000788009952336112	2.57932586164745e-05
0.31619295	0.000790845723198792	2.83513672888783e-05
0.2819173	0.000792092890697221	2.92341191882845e-05
0.25117323	0.000792445541021152	2.85811261709648e-05
0.22391155	0.000795639822488567	2.96099736880057e-05
0.19957349	0.000795808736043718	3.17112180722275e-05
0.17779917	0.000798545043385287	3.45621185925657e-05
0.15846863	0.00079959072298009	3.55303162222064e-05
0.14123619	0.00080435220137655	3.65490584677971e-05
0.12590662	0.000804307625782479	3.80445644693811e-05
0.1122199	0.00080819521017359	4.00650654276369e-05
0.10002181	0.000810476703222004	4.2271148726184e-05
