10002.226	0.00118296520164298	-0.00947932992502063
8914.9326	0.00114288843993428	-0.0084859094697991
7943.9951	0.00110447520610371	-0.00759484088932638
7081.583	0.00107038601602643	-0.00679857804052278
6307.7358	0.00103881757174389	-0.00608418093158825
5622.5879	0.00100610919369065	-0.00544804799526606
5011.603	0.000977495664290633	-0.00487850863147095
4466.4292	0.00095593965330385	-0.00436648366423056
3981.2773	0.000931095119015555	-0.00391076132630335
3548.8679	0.000907214094780852	-0.00350192616075394
3163.0398	0.00089038026263142	-0.00313576296056534
2819.0986	0.000869900174609997	-0.00280588809837627
2512.4104	0.000853186969886948	-0.00251451192474414
2239.2869	0.000840037172308992	-0.0022544915505809
1995.6381	0.000826377073024734	-0.00201920041770248
1778.2897	0.000813550370943979	-0.00180796235070107
1584.4927	0.000803210541105531	-0.00162019741593867
1412.7418	0.000789170744821224	-0.00145306021445786
1258.7905	0.00078236552530414	-0.0013029682826616
1121.7966	0.000774150177262808	-0.00116786982248521
999.68164	0.000763329270070335	-0.00104733558175094
891.42474	0.000755439888507571	-0.000940546348026541
794.23932	0.000747079143904371	-0.000844933345223757
707.96161	0.000739741399615056	-0.000754272443575373
631.00977	0.000734271151021645	-0.000681124256637021
562.33929	0.000728058076094175	-0.000608903322446183
501.12231	0.000720296669643461	-0.000544234968016042
446.57214	0.000716456462712103	-0.000487311716665699
398.08899	0.000710530422472367	-0.000435974717209657
354.88681	0.000705970285086053	-0.000389069774460962
316.31589	0.000704506187405956	-0.000345729561529562
281.8942	0.000700922526831637	-0.000308666055823436
251.20601	0.000694770603642817	-0.00027301449395168
223.92496	0.000695285833618004	-0.000242140347313574
199.55338	0.000693131352094663	-0.000214222636299202
177.78128	0.000693132163535028	-0.000185513316138006
158.52898	0.000694296380540151	-0.000163223641080991
141.21979	0.000692816864383867	-0.000141536892682643
125.92673	0.000692969347775163	-0.000122607662549994
112.19009	0.000695492889974918	-0.000106220658683836
99.968163	0.000696808042749453	-8.87071703107559e-05
89.115646	0.00069961767190783	-7.56639984906424e-05
79.415741	0.000701172002286841	-6.15650412479343e-05
70.793182	0.000703632155481293	-4.94198640241383e-05
63.082279	0.000705157603845994	-3.90578367194707e-05
56.241825	0.000711953775972547	-3.05641340003182e-05
50.112232	0.000711881759801877	-2.33622257538015e-05
44.671223	0.000717132088667921	-1.68634304886454e-05
39.808899	0.000718656451224818	-1.43167403120385e-05
35.488308	0.000721850094641801	-7.51828973065731e-06
31.629578	0.000725722096151408	-2.03091302302654e-06
28.187037	0.000727569107675184	-1.80071078562597e-07
25.120602	0.000731421770566937	4.57781371681605e-06
22.385418	0.000733252411481558	7.17064434423194e-06
19.955338	0.000736039892373266	7.28299966158702e-06
17.775894	0.00073869726938957	1.19627646594136e-05
15.846864	0.000741143834470623	1.23189122915629e-05
14.127493	0.000745572002153528	1.21276165822435e-05
12.587309	0.000744729209723498	1.44658168800899e-05
11.216775	0.000746011259967888	1.39944286366518e-05
9.9968166	0.000749217959911199	1.29954056370953e-05
8.9082127	0.000752659139383717	1.65028040304706e-05
7.9395623	0.000752834484982429	1.45109603745992e-05
7.0765615	0.000755686846061621	1.84957701220585e-05
6.3105822	0.000756959446641967	1.70934545928354e-05
5.6245475	0.000757133298321269	1.60967920875371e-05
5.0112233	0.000761001810957291	1.62986728804299e-05
4.4642835	0.000760616294129006	1.57455130387292e-05
3.9819033	0.000762341736682589	1.6295867930029e-05
3.5479143	0.000762233020471363	1.63778312365094e-05
3.1629577	0.000763337093071141	1.83302187684649e-05
2.818361	0.00076793005763096	1.81295645758762e-05
2.5112481	0.000765387167040967	1.57033972428591e-05
2.2398233	0.00076732600761459	1.76306776921158e-05
1.9950197	0.000768256751054499	1.77010403980637e-05
1.7775893	0.000769978542838221	1.694141745352e-05
1.5846864	0.000771545608372142	1.77984661654785e-05
1.4122353	0.000771581592286947	1.80326262984101e-05
1.2582541	0.000771601922012051	1.78908209273412e-05
1.1224822	0.000774531555051957	1.87490231559909e-05
1.0000616	0.000773924270112437	2.03184869480849e-05
0.89082122	0.000776749017153182	1.85687062813412e-05
0.79444051	0.000778750166132652	1.96651180397133e-05
0.70784986	0.000780729897406273	2.32628388920251e-05
0.63126236	0.000780767132301755	2.05657380463437e-05
0.562536	0.000781915103154071	2.49060074252777e-05
0.50118715	0.000784355220817662	2.26097573985484e-05
0.44642836	0.000786590418270853	2.43052770115497e-05
0.39821118	0.00078806905897775	2.35375760724331e-05
0.35475865	0.000787391363372803	2.67035835358318e-05
0.31619295	0.000791178027519172	2.86672854216991e-05
0.2819173	0.000790778290869126	2.83238275549439e-05
0.25117323	0.000795491777912841	2.97107748518833e-05
0.22391155	0.00079800125848225	3.12900754494778e-05
0.19957349	0.00079771377312599	3.29481284759931e-05
0.17779917	0.000796999862974875	3.16653149912402e-05
0.15846863	0.000800121587433329	3.44353378179782e-05
0.14123619	0.000801694987504245	3.61379638253584e-05
0.12590662	0.000806403662401878	3.93040530070295e-05
0.1122199	0.000807209132608599	4.06502032820935e-05
0.10002181	0.000811533760977976	4.38503090757303e-05
