10002.226	0.00118292216964157	-0.00947956085350197
8914.9326	0.00114286258386098	-0.0084852386003749
7943.9951	0.00110267104963051	-0.00759630058945617
7081.583	0.00107123352386245	-0.00679807981696334
6307.7358	0.00103844212628344	-0.00608585280104111
5622.5879	0.00100683712186401	-0.00544661359660482
5011.603	0.00097707920686046	-0.00487853674784791
4466.4292	0.000954393141802144	-0.00436675454332747
3981.2773	0.000930959983991687	-0.00390643028776231
3548.8679	0.000906620304235739	-0.00350012744449902
3163.0398	0.00088985432626573	-0.00313555127216347
2819.0986	0.000872566170305048	-0.00280589083594872
2512.4104	0.000854876322878519	-0.00251602804414707
2239.2869	0.000838542768807114	-0.00225442610408059
1995.6381	0.000827225663600107	-0.00201897970874029
1778.2897	0.000812501132936672	-0.00180944176648833
1584.4927	0.000803162678086836	-0.00161843514747871
1412.7418	0.000789742807717291	-0.00145382262122577
1258.7905	0.000783510873158383	-0.00130193934474259
1121.7966	0.000771026945340729	-0.0011679971944805
999.68164	0.000762660330869669	-0.00104888288897392
891.42474	0.000753460694153463	-0.000940984298398804
794.23932	0.000747818509644305	-0.000843991112784615
707.96161	0.00073994930568215	-0.000758497333457204
631.00977	0.000732549856368037	-0.000680314442701043
562.33929	0.000727321349123625	-0.000608660619459028
501.12231	0.000721736886680152	-0.00054713189454078
446.57214	0.000715562125114071	-0.000487500764927934
398.08899	0.000710978030631015	-0.000437033410864296
354.88681	0.000706863651445139	-0.000389075222605076
316.31589	0.000703641343126898	-0.000346737676082268
281.8942	0.000698342242269781	-0.000309573744454413
251.20601	0.000697155088360062	-0.000272739481493833
223.92496	0.000695850276305039	-0.00024243139856471
199.55338	0.000694210527780681	-0.000214703651665258
177.78128	0.000694116757464718	-0.000186305361990865
158.52898	0.000693167371311684	-0.000162098090254421
141.21979	0.000692275250991559	-0.000142569224578434
125.92673	0.000694830746403439	-0.000123902026057989
112.19009	0.000697097534523121	-0.000107042447539258
99.968163	0.000697596491697966	-8.78220877571423e-05
89.115646	0.000698478849913571	-7.45081510965878e-05
79.415741	0.000701425983342224	-6.27239624703466e-05
70.793182	0.000703623193936735	-5.11933465505398e-05
63.082279	0.000709280670162709	-4.10794020377716e-05
56.241825	0.000710878308159469	-3.25505744312424e-05
50.112232	0.000711104703724298	-2.23037937940704e-05
44.671223	0.000712797314195118	-1.77464588085058e-05
39.808899	0.000720140639341862	-1.41145066377251e-05
35.488308	0.000722669639926476	-7.49900575105441e-06
31.629578	0.000726962416305227	-3.56629732871043e-06
28.187037	0.000727515317117452	-9.42660173532937e-07
25.120602	0.000728536671412016	4.20100728180642e-06
22.385418	0.000733906954674162	8.35218959096996e-06
19.955338	0.000737516762201993	8.24001071718119e-06
17.775894	0.000739406766028815	1.06467722244865e-05
15.846864	0.000741084294385146	1.11189503534922e-05
14.127493	0.000744285045879637	1.32601538100461e-05
12.587309	0.000745589606920294	1.48664434791337e-05
11.216775	0.000748633488567846	1.38871237336605e-05
9.9968166	0.000748293343913234	1.43273639928471e-05
8.9082127	0.000753026129017874	1.33980963205575e-05
7.9395623	0.000752492454486668	1.67659917783352e-05
7.0765615	0.000755864320236652	1.67987109476964e-05
6.3105822	0.000754903670455797	1.72175199203221e-05
5.6245475	0.000757798756657156	1.71617406783875e-05
5.0112233	0.000759802059727602	1.6754124566279e-05
4.4642835	0.000761925313351657	1.78702992202461e-05
3.9819033	0.000762281659448784	1.66312737765985e-05
3.5479143	0.000762940733203308	1.75691521736146e-05
3.1629577	0.000765656267269917	1.71355531976414e-05
2.818361	0.000767267502661865	1.75527552828685e-05
2.5112481	0.00076490683841301	1.66414473254784e-05
2.2398233	0.000769936150898996	1.73036063166946e-05
1.9950197	0.000771111187850375	1.70045504533432e-05
1.7775893	0.000770331122903861	1.58014414408611e-05
1.5846864	0.000771549230578762	1.74518471165797e-05
1.4122353	0.00077121018266597	1.99149957866205e-05
1.2582541	0.000773126008262025	1.89481972511624e-05
1.1224822	0.000775975073130865	1.92077983771541e-05
1.0000616	0.00077522032312918	1.98964339419262e-05
0.89082122	0.000775812483199347	2.05270549071878e-05
0.79444051	0.000780198442472644	2.05913465617247e-05
0.70784986	0.000779420694690681	2.25027388043417e-05
0.63126236	0.000782278070693846	2.12428678910229e-05
0.562536	0.000783232560592087	2.28838961653409e-05
0.50118715	0.000784383798721408	2.38376526200839e-05
0.44642836	0.000786286103322167	2.47926338968238e-05
0.39821118	0.000786171662540785	2.41393682302672e-05
0.35475865	0.000789120483855141	2.72495320146151e-05
0.31619295	0.000788278181655499	2.80786421540572e-05
0.2819173	0.000791655466454053	2.80368772560762e-05
0.25117323	0.000793824486060957	3.0500381996211e-05
0.22391155	0.000794965355368612	2.97066966366131e-05
0.19957349	0.000795644888695429	3.07506050832681e-05
0.17779917	0.000797938394114712	3.32619466264199e-05
0.15846863	0.000802023536370847	3.38718592567178e-05
0.14123619	0.000802061798688241	3.65158010952801e-05
0.12590662	0.000805704522936742	3.72254567900663e-05
0.1122199	0.000808218314284228	3.98208552514896e-05
0.10002181	0.000809563620076327	3.99987387221142e-05
