10002.226	0.00117535852415622	-0.00954997926952221
8914.9326	0.00113416185765978	-0.00854592888067861
7943.9951	0.00109703765673973	-0.00765044588556968
7081.583	0.0010618500384242	-0.00684893018439307
6307.7358	0.00103071549716991	-0.00612726881726816
5622.5879	0.000997030122013751	-0.00548805473587121
5011.603	0.000972563905760681	-0.00491360885968506
4466.4292	0.000946023417469541	-0.00439809530238322
3981.2773	0.000922993546847869	-0.00393980472999133
3548.8679	0.000899791367729047	-0.00352457652628529
3163.0398	0.00088070770409682	-0.00315833739232909
2819.0986	0.000862377420302934	-0.00282698967431586
2512.4104	0.000846567497771026	-0.0025356489597539
2239.2869	0.000832491387034046	-0.00226999075082891
1995.6381	0.0008173061365729	-0.00203274860351373
1778.2897	0.000806965703405025	-0.00182308281473396
1584.4927	0.000793806232883133	-0.00163337087577191
1412.7418	0.00077965731167621	-0.00146337385534289
1258.7905	0.000774104026300994	-0.00131289894413181
1121.7966	0.000764894684518095	-0.00117697685352325
999.68164	0.000756275299043596	-0.00105525058402987
891.42474	0.000748407195490968	-0.000947002112005208
794.23932	0.000738145166001183	-0.00084960059109113
707.96161	0.000730868100921235	-0.000761224423904859
631.00977	0.000725158176274617	-0.00068647608952349
562.33929	0.000718967324146237	-0.000611839061958896
501.12231	0.000713119957747064	-0.000548753591209175
446.57214	0.00070975436865559	-0.000491004485740864
398.08899	0.000703320508128979	-0.00043998504540139
354.88681	0.000699018777999829	-0.000390726556171724
316.31589	0.000696056239060476	-0.000349347669437819
281.8942	0.000692565688794069	-0.000310977630635763
251.20601	0.000688293071606233	-0.000276050035137506
223.92496	0.000686209383044112	-0.000242659115489733
199.55338	0.000686163982748214	-0.000217159487917428
177.78128	0.000685038461240407	-0.000186672501316818
158.52898	0.000687002933670137	-0.000164574660008732
141.21979	0.000684239764993405	-0.000142658761108746
125.92673	0.000685722685935903	-0.000122470496765654
112.19009	0.00068720239344539	-0.000107634651347616
99.968163	0.000690031153659389	-8.83159880094875e-05
89.115646	0.000691571152206563	-7.4881122723442e-05
79.415741	0.000694631444995993	-6.39451922048028e-05
70.793182	0.00069657966876744	-4.97201514034339e-05
63.082279	0.000697362711222224	-4.32619769660045e-05
56.241825	0.000701296726451377	-3.19231816816899e-05
50.112232	0.000703277524754921	-2.27429226398797e-05
44.671223	0.000705310230876494	-1.88360841275988e-05
39.808899	0.000708667933777437	-1.42696625018697e-05
35.488308	0.000715276559819656	-6.17212412299088e-06
31.629578	0.00071916553277628	-2.08375758601794e-06
28.187037	0.000718262237005218	4.01698473582837e-07
25.120602	0.000720545965492656	4.73431334169979e-06
22.385418	0.000724736321461235	6.50836825876527e-06
19.955338	0.000728282818970478	8.56254832243438e-06
17.775894	0.00073111716103861	1.18426837712243e-05
15.846864	0.000735144882896558	1.21669579594375e-05
14.127493	0.000736485691675914	1.27801987604098e-05
12.587309	0.000737612581067975	1.33831338063245e-05
11.216775	0.000740404257088853	1.35072882605062e-05
9.9968166	0.000742988222939173	1.45637444420995e-05
8.9082127	0.000743304833485975	1.4408310760524e-05
7.9395623	0.00074425460314356	1.66071232268855e-05
7.0765615	0.00074771704010468	1.86696688636266e-05
6.3105822	0.000750121015322035	1.72636330841237e-05
5.6245475	0.00075015291992839	1.68265401531063e-05
5.0112233	0.000752174168214709	1.49232837602269e-05
4.4642835	0.00075436736860125	1.68295030157743e-05
3.9819033	0.000755866279494766	1.65162157835672e-05
3.5479143	0.000753916204569946	1.73416842469299e-05
3.1629577	0.000756556859371801	1.73666148437812e-05
2.818361	0.000758292533584805	1.78447844165e-05
2.5112481	0.000759491951672092	1.7882166601169e-05
2.2398233	0.000757966069949768	1.69209182111272e-05
1.9950197	0.000760228114958425	1.8382924647203e-05
1.7775893	0.000763046133934408	1.85837098998308e-05
1.5846864	0.000764384049060342	1.85942506087468e-05
1.4122353	0.000764343769643543	1.89139088977423e-05
1.2582541	0.000766693027958763	2.06202164632404e-05
1.1224822	0.000766674554727062	1.83025663249532e-05
1.0000616	0.000768769304516584	1.84626859685236e-05
0.89082122	0.000768713861249822	2.03341530162244e-05
0.79444051	0.000771207250916631	2.07531593272578e-05
0.70784986	0.000771475918333686	2.36656297014315e-05
0.63126236	0.000773252133019564	2.16511763657143e-05
0.562536	0.000774742044138787	2.38082535982506e-05
0.50118715	0.000777444259886556	2.17609621363307e-05
0.44642836	0.000775183322109055	2.46205386775948e-05
0.39821118	0.000777641789199488	2.3855387476134e-05
0.35475865	0.000783065570760866	2.60869652717087e-05
0.31619295	0.000783122084409537	2.62470776891623e-05
0.2819173	0.000784473146974439	2.91924542805347e-05
0.25117323	0.000786503698801776	3.0488580282568e-05
0.22391155	0.000787463346745083	3.05395909180507e-05
0.19957349	0.000788518764967112	3.26745853079794e-05
0.17779917	0.000791819508370856	3.19045893309362e-05
0.15846863	0.000793120631662481	3.4678942340021e-05
0.14123619	0.000795389152229293	3.72551925529766e-05
0.12590662	0.000797804210153366	3.83404205382772e-05
0.1122199	0.000800081177247819	4.08186188746112e-05
0.10002181	0.000802899850491156	4.24030484638903e-05
