10002.226	0.00117563261033601	-0.00954984143677209
8914.9326	0.00113463429880844	-0.00854806059775541
7943.9951	0.00109693750125612	-0.00765049858740762
7081.583	0.00106298434000091	-0.00684982029500605
6307.7358	0.00102897631978462	-0.00612874792631769
5622.5879	0.00099775680907528	-0.00548639059722393
5011.603	0.000971867272118413	-0.00491389792220058
4466.4292	0.000944183063094913	-0.00439713653748062
3981.2773	0.000923737424013113	-0.00393801655661429
3548.8679	0.000898364375370098	-0.00352391113471287
3163.0398	0.000880320790968647	-0.00315749420958861
2819.0986	0.000862505592310762	-0.00282881325379228
2512.4104	0.000848798571836814	-0.00253362220282036
2239.2869	0.000831186645217453	-0.00227102046912251
1995.6381	0.000819735157323639	-0.0020330149297821
1778.2897	0.000806390811999195	-0.00182303179131037
1584.4927	0.00079499588216278	-0.00163082638048823
1412.7418	0.000781957761933685	-0.00146341340387958
1258.7905	0.000772657230661778	-0.00131281385788087
1121.7966	0.000764038670183768	-0.00117768068418639
999.68164	0.000754409773817181	-0.00105535832547319
891.42474	0.000747405523412071	-0.000946673343555954
794.23932	0.000740485885239427	-0.000852098563031745
707.96161	0.000730973460503883	-0.000759954874863068
631.00977	0.00072495163764762	-0.000682533643120524
562.33929	0.00072068695899309	-0.000613561776138666
501.12231	0.000712308587511172	-0.000550042298938273
446.57214	0.000707417103716198	-0.00049091987320433
398.08899	0.000701385574907714	-0.000437172712453913
354.88681	0.000700015564957286	-0.000392255590194447
316.31589	0.000696539219615734	-0.000348470618706892
281.8942	0.000691645471398844	-0.000310385843468062
251.20601	0.000689007027583765	-0.00027504659634936
223.92496	0.000688052597552581	-0.000244984189065865
199.55338	0.00068806528991831	-0.000215465332512909
177.78128	0.000686542452225757	-0.000188060765954898
158.52898	0.000684763205414476	-0.000165075386222315
141.21979	0.000685776629417985	-0.000142093903898167
125.92673	0.00068532825516925	-0.000124088245603297
112.19009	0.000689745671764793	-0.00010537032286666
99.968163	0.00068876408700689	-8.80986515686952e-05
89.115646	0.000693362794173921	-7.72918610563367e-05
79.415741	0.000695017128110905	-6.36342284814621e-05
70.793182	0.000696593164722525	-5.13387594113522e-05
63.082279	0.000698778399115377	-4.04229953718401e-05
56.241825	0.000701626642426783	-3.29745017291313e-05
50.112232	0.000704261767605402	-2.32807938296171e-05
44.671223	0.000708667933104045	-1.68884157473837e-05
39.808899	0.000710950840760495	-1.43681913710241e-05
35.488308	0.000713659688356758	-9.551810256995e-06
31.629578	0.000715918775247298	-2.53719863505601e-06
28.187037	0.000720987252304151	1.18811090359285e-06
25.120602	0.00072276260361888	4.21073197869867e-06
22.385418	0.000724339104935736	5.65883771713633e-06
19.955338	0.00072972199460618	8.62263679995655e-06
17.775894	0.000731692328538104	1.29043140997257e-05
15.846864	0.000734133142234382	1.0616220782064e-05
14.127493	0.000737181683926942	1.2827976212817e-05
12.587309	0.000738374885528257	1.44977902004902e-05
11.216775	0.000739358662918658	1.41127643917998e-05
9.9968166	0.000741508032612451	1.28453924255054e-05
8.9082127	0.000744434845643817	1.55322141728047e-05
7.9395623	0.000742810315298246	1.67454881407887e-05
7.0765615	0.000746221816714752	1.79675868229893e-05
6.3105822	0.00074886793998675	1.75084828633148e-05
5.6245475	0.000750318914699003	1.51258890040512e-05
5.0112233	0.000751423814388975	1.79942569002023e-05
4.4642835	0.000754229111200085	1.67731281358257e-05
3.9819033	0.000754654826716303	1.68696219745441e-05
3.5479143	0.000753910139249327	1.58266995904326e-05
3.1629577	0.000755878469304493	2.04572649702789e-05
2.818361	0.000757181928878876	1.7068423221698e-05
2.5112481	0.000757784361405888	1.72184590059104e-05
2.2398233	0.000759733283710681	1.57480437372064e-05
1.9950197	0.000760334272782299	1.76570630500878e-05
1.7775893	0.000761376584626092	1.85984267852928e-05
1.5846864	0.00076516355764591	1.93562499149013e-05
1.4122353	0.000763738731417955	1.86414152231655e-05
1.2582541	0.000765385561324151	2.0507767459382e-05
1.1224822	0.000768158324403237	1.84725297779377e-05
1.0000616	0.000768509674111483	2.01060677248831e-05
0.89082122	0.000770469426923661	1.95090952132868e-05
0.79444051	0.000770170945255117	2.18063967735529e-05
0.70784986	0.000770814134636789	2.04128041988619e-05
0.63126236	0.000773427243300513	2.08832502421607e-05
0.562536	0.000773468956925548	2.49965153524233e-05
0.50118715	0.000775120584876548	2.26022711342812e-05
0.44642836	0.000778653327777671	2.53546119939748e-05
0.39821118	0.000780229458259427	2.57327219222915e-05
0.35475865	0.000780958226646594	2.62402089614477e-05
0.31619295	0.000783260642809564	2.65831077315026e-05
0.2819173	0.00078370002094091	2.86976944080838e-05
0.25117323	0.000786023919276659	2.85563185979798e-05
0.22391155	0.000789149706576833	3.07401791202476e-05
0.19957349	0.000788521548837025	3.21670526541317e-05
0.17779917	0.00079063858720323	3.19350725133688e-05
0.15846863	0.000794619712277107	3.50696477588828e-05
0.14123619	0.000795038660400138	3.80907815726099e-05
0.12590662	0.000798244941018924	3.84164289937444e-05
0.1122199	0.00079893099178709	4.13541919236041e-05
0.10002181	0.00080282036890149	4.19436780592324e-05
