10002.226	0.00117524507022475	-0.00954874716902118
8914.9326	0.00113569357196752	-0.00854642231451421
7943.9951	0.00109621103107187	-0.00765050770221283
7081.583	0.00105977693000382	-0.00684881209835316
6307.7358	0.00103019027505095	-0.00612866897067536
5622.5879	0.000998197693672301	-0.00548749873081792
5011.603	0.000969377234890064	-0.00491486807604607
4466.4292	0.000945500208607829	-0.00439899273482664
3981.2773	0.000923264320396857	-0.00393751606516511
3548.8679	0.000898400849260625	-0.00352843209398766
3163.0398	0.000880397977308986	-0.00315880251284341
2819.0986	0.000861249357628776	-0.00282622562067524
2512.4104	0.000847391738768982	-0.00253237427176879
2239.2869	0.000832344699390621	-0.00226983560411137
1995.6381	0.000819746709317265	-0.00203333971715908
1778.2897	0.000806082386965673	-0.00182130627104539
1584.4927	0.000795043660297031	-0.00163232995080655
1412.7418	0.000779925142619744	-0.00146460112334524
1258.7905	0.000773009006582517	-0.0013136361613277
1121.7966	0.000762774032337402	-0.00117626923764288
999.68164	0.000755035982171422	-0.00105634048653592
891.42474	0.00074716817579827	-0.000947145148987407
794.23932	0.000740502600731277	-0.000851818021180882
707.96161	0.000731047882527932	-0.000761273834508072
631.00977	0.000725968210319665	-0.000683442077741731
562.33929	0.000719455215078589	-0.000613373054023421
501.12231	0.00071238124431556	-0.000548273568074615
446.57214	0.000706288011698662	-0.000490953521135664
398.08899	0.000703499396811829	-0.000440921323282455
354.88681	0.000697708740945281	-0.000392842510066416
316.31589	0.000696109654054178	-0.00034877670603683
281.8942	0.000692829709103394	-0.000311388287032743
251.20601	0.000688458122421489	-0.000275785434537245
223.92496	0.000687165015501448	-0.000242672674723037
199.55338	0.000686079301595476	-0.000213537810729672
177.78128	0.000685881847465056	-0.00018758822301673
158.52898	0.000685903015216566	-0.000164203535246205
141.21979	0.000684887288810486	-0.000144575553390172
125.92673	0.00068524959697658	-0.000124465720765005
112.19009	0.000688195800450263	-0.00010753196349743
99.968163	0.000690282206384292	-8.93322801259877e-05
89.115646	0.000692201818331108	-7.75404073112878e-05
79.415741	0.000692112905454761	-6.23463831958481e-05
70.793182	0.000694807785776318	-5.06260327602989e-05
63.082279	0.000697670669175182	-3.91115973669446e-05
56.241825	0.000702689546226175	-3.30685963160136e-05
50.112232	0.000704140041046774	-2.40712973980032e-05
44.671223	0.000707016592304443	-1.90381794603441e-05
39.808899	0.000710422733190382	-1.29182729258378e-05
35.488308	0.000714281256089907	-9.21685673608478e-06
31.629578	0.000716991909212542	-3.10777734561796e-06
28.187037	0.00071969509272803	-1.83285551471311e-07
25.120602	0.00072102802433669	5.8736902190031e-06
22.385418	0.00072471070813557	8.30836176552693e-06
19.955338	0.000731090766606012	7.11549397823764e-06
17.775894	0.000731616055626774	1.22703991004462e-05
15.846864	0.000733576669740044	1.17020721879817e-05
14.127493	0.000735551346487229	1.1282747586439e-05
12.587309	0.000736770696789496	1.33552621315975e-05
11.216775	0.000740910845550315	1.2938831623601e-05
9.9968166	0.000742367816945525	1.32446304034998e-05
8.9082127	0.00074466193602103	1.68568226392164e-05
7.9395623	0.000745325050172347	1.62156433033905e-05
7.0765615	0.000748109817886241	1.73516223055302e-05
6.3105822	0.000748186958380401	1.75029416575408e-05
5.6245475	0.000750817438482297	1.65064576061827e-05
5.0112233	0.000752412463092843	1.90613256544402e-05
4.4642835	0.000754996492759768	1.69680887679295e-05
3.9819033	0.000754312868028385	1.52651636427574e-05
3.5479143	0.000755874812177082	1.71120866685507e-05
3.1629577	0.000755976070727005	1.79882956838681e-05
2.818361	0.000757323251922742	1.75262821472558e-05
2.5112481	0.0007580540247669	1.5461357153237e-05
2.2398233	0.000761659843953383	1.77528202394875e-05
1.9950197	0.000759928950930391	1.69440923496348e-05
1.7775893	0.000762687822434547	1.70488816452654e-05
1.5846864	0.000763739194163627	1.69315903282394e-05
1.4122353	0.000764456519700801	2.00912818894676e-05
1.2582541	0.000765702024502941	1.92559151648594e-05
1.1224822	0.000765904896447103	2.1275234110882e-05
1.0000616	0.000767188463623228	1.98385260421625e-05
0.89082122	0.000767833140734139	2.1713452631839e-05
0.79444051	0.00077160194626366	1.99338200826141e-05
0.70784986	0.000772706094483079	2.33233876950286e-05
0.63126236	0.000773970896740407	2.12108427391881e-05
0.562536	0.000775872164083255	2.25066631204632e-05
0.50118715	0.000774692902325081	2.3643480434805e-05
0.44642836	0.000777902299431515	2.33765172336407e-05
0.39821118	0.000778977492406453	2.62495800619744e-05
0.35475865	0.000781406677973973	2.50638351222802e-05
0.31619295	0.000783585062089527	2.77062590860791e-05
0.2819173	0.000785541893567055	2.85316376670957e-05
0.25117323	0.000785945483055624	2.91894047249283e-05
0.22391155	0.000787659286289354	3.07577547778994e-05
0.19957349	0.000786801863237401	3.17218787610221e-05
0.17779917	0.00079196271994597	3.21327311646077e-05
0.15846863	0.000793968067049842	3.4110065439315e-05
0.14123619	0.000795044337276905	3.78944410900109e-05
0.12590662	0.000798450529309615	3.81662016498209e-05
0.1122199	0.000799679931811992	4.11470975132439e-05
0.10002181	0.000802320879006674	4.22161464319776e-05
