10002.226	0.00117384643655733	-0.00954696429528228
8914.9326	0.00113301122253691	-0.00854643723305773
7943.9951	0.00109544174252648	-0.00765079723464507
7081.583	0.00106173061717839	-0.00684952935937368
6307.7358	0.00102878270062924	-0.00612847859245886
5622.5879	0.000998188017677518	-0.00548668365148467
5011.603	0.000969770851033233	-0.00491540512413022
4466.4292	0.000947461188445896	-0.00439717075025725
3981.2773	0.000920083931675962	-0.00393745722668907
3548.8679	0.000900140708371178	-0.00352719617721234
3163.0398	0.000880967173484037	-0.00315759262757686
2819.0986	0.000864212574698343	-0.0028291054878571
2512.4104	0.000847172591387359	-0.0025318199352588
2239.2869	0.000830438453290126	-0.00226927510740641
1995.6381	0.000817729727628969	-0.00203049396912548
1778.2897	0.000806526396123842	-0.00182146865069824
1584.4927	0.0007934173737517	-0.00163146031966086
1412.7418	0.000782910373389659	-0.00146375469000117
1258.7905	0.000773314335421381	-0.00131257215537513
1121.7966	0.000765037849444784	-0.0011774053139631
999.68164	0.000756455785440236	-0.00105480840268435
891.42474	0.00074646888154184	-0.000946135486545827
794.23932	0.000738447875434745	-0.000850231278627444
707.96161	0.000734038829347629	-0.000762850283906418
631.00977	0.000725099532792013	-0.000684106245658145
562.33929	0.000721120190441537	-0.00061306963299576
501.12231	0.000714403757592342	-0.000549205896547285
446.57214	0.000707122309884883	-0.000492528402148523
398.08899	0.000703033530872342	-0.000438825794871933
354.88681	0.000697371475793462	-0.000391036111117019
316.31589	0.000698146994418791	-0.000348260775621639
281.8942	0.000693221361394891	-0.000310849736425649
251.20601	0.000688780013260901	-0.000275902800981485
223.92496	0.000688492914293974	-0.000243641319194022
199.55338	0.000685389596681836	-0.000217754007038012
177.78128	0.000684425790359433	-0.000187907477294045
158.52898	0.000686409131338718	-0.00016446086783336
141.21979	0.000685746678327404	-0.000143869494607126
125.92673	0.000685328530998449	-0.000124479312770681
112.19009	0.000686743291295124	-0.000106657382899911
99.968163	0.000688537003382936	-8.86956647633919e-05
89.115646	0.000691097935033685	-7.5340999102936e-05
79.415741	0.00069384835851574	-6.23179891148174e-05
70.793182	0.000695311240835688	-5.0154536557241e-05
63.082279	0.000697834007391741	-4.02991802140965e-05
56.241825	0.000705077442981297	-2.96414791201374e-05
50.112232	0.000704228754911346	-2.41090554128798e-05
44.671223	0.000706714462938965	-1.60009092779747e-05
39.808899	0.000710720797421418	-1.35834756840406e-05
35.488308	0.000714670488199098	-8.19334054919469e-06
31.629578	0.000716711339771232	-4.89981709281065e-06
28.187037	0.000720336470920027	1.32043289582531e-06
25.120602	0.000721020227342988	3.31976132640017e-06
22.385418	0.000726690517312963	7.27822223145498e-06
19.955338	0.000730466708133796	7.30159702810804e-06
17.775894	0.000731589133934493	1.10934998708062e-05
15.846864	0.000732732884008944	1.04567470285335e-05
14.127493	0.000736805512254195	1.3479864456491e-05
12.587309	0.000737580151455608	1.46142697611401e-05
11.216775	0.000739446158376857	1.20096895141982e-05
9.9968166	0.000741073827035152	1.36912992984316e-05
8.9082127	0.000743289324602794	1.55367707916806e-05
7.9395623	0.00074405172899559	1.67353867195977e-05
7.0765615	0.000749336246805134	1.81839076256485e-05
6.3105822	0.000749340112223386	1.63041420902355e-05
5.6245475	0.00075031729122826	1.67578147444099e-05
5.0112233	0.00075233721933758	1.74604649719737e-05
4.4642835	0.000752480560356137	1.71607203426478e-05
3.9819033	0.000755206052461154	1.63844756735462e-05
3.5479143	0.000756570051368079	1.86592171676404e-05
3.1629577	0.00075638845284943	1.84784941091625e-05
2.818361	0.000759108577220138	1.60222664058104e-05
2.5112481	0.000759802782159687	1.6559268872888e-05
2.2398233	0.000758752133908982	1.48097437339355e-05
1.9950197	0.000760898852301336	1.68863949035779e-05
1.7775893	0.000761363973002649	1.6664798012936e-05
1.5846864	0.000761406943654093	1.76708043782228e-05
1.4122353	0.000764533629064903	1.82968034396225e-05
1.2582541	0.000763971273911185	1.85767266818936e-05
1.1224822	0.000766425227834995	1.80941865342563e-05
1.0000616	0.000769611310570509	2.11590903381563e-05
0.89082122	0.000768072896873114	1.96659658740435e-05
0.79444051	0.000769736426500407	2.08083016199508e-05
0.70784986	0.000774238149706114	2.11525268176259e-05
0.63126236	0.000775295937089342	2.15184843125342e-05
0.562536	0.000773823056784049	2.23929834807863e-05
0.50118715	0.000775757919415875	2.37841029924129e-05
0.44642836	0.000777049258009129	2.52773518344523e-05
0.39821118	0.000780443222341579	2.64946176984208e-05
0.35475865	0.000781422238117885	2.62929635831855e-05
0.31619295	0.00078312601503811	2.81273258274277e-05
0.2819173	0.000784597331032372	2.83515710489056e-05
0.25117323	0.000785541986581358	2.8674102137505e-05
0.22391155	0.00078695419729857	3.09237226036379e-05
0.19957349	0.000787423788834091	3.24573569724998e-05
0.17779917	0.000790313502909708	3.25033697412918e-05
0.15846863	0.000792852921016422	3.42057127624569e-05
0.14123619	0.000796293783248486	3.71203301416753e-05
0.12590662	0.000797721639086198	3.69979444578566e-05
0.1122199	0.000799507833772721	4.10957100661904e-05
0.10002181	0.000803239236862196	4.3187689810708e-05
