10002.226	0.00117533263264929	-0.00954920289586195
8914.9326	0.00113343388713262	-0.00854735262381453
7943.9951	0.00109709585275744	-0.00765061610348229
7081.583	0.00106109382511273	-0.00684963089195382
6307.7358	0.00103087244445546	-0.00612864749462164
5622.5879	0.000996618798340415	-0.00548730200285227
5011.603	0.000972100234470052	-0.00491304134878498
4466.4292	0.00094558667791883	-0.00439665934711807
3981.2773	0.000923180156599092	-0.00393772252391554
3548.8679	0.000899783902125425	-0.00352623927214924
3163.0398	0.000879790878791292	-0.00315928794745787
2819.0986	0.000861433344451654	-0.00282988253818464
2512.4104	0.00085058701346827	-0.00253300523532887
2239.2869	0.000831448413219604	-0.00226997627159006
1995.6381	0.000818215262707954	-0.00203347962786932
1778.2897	0.000805696544477608	-0.00182215421126537
1584.4927	0.000792635577179577	-0.00163223077692786
1412.7418	0.000781703278774103	-0.00146557719686268
1258.7905	0.000773428426276025	-0.00131422668345844
1121.7966	0.000761741355922637	-0.00117690606710396
999.68164	0.000756239918912613	-0.00105395403909345
891.42474	0.000747063279431	-0.000948338180677398
794.23932	0.000739350839656961	-0.00085005338920645
707.96161	0.000731756497817469	-0.000761926642817497
631.00977	0.000723078345194586	-0.00068392125743614
562.33929	0.000719903258919635	-0.000611947534965001
501.12231	0.000713640356261975	-0.000548312544302586
446.57214	0.000707561400460843	-0.000492412173778239
398.08899	0.000702786027551479	-0.000439009693530007
354.88681	0.0006971454340665	-0.000394000242674995
316.31589	0.000695457911643392	-0.000347293682537968
281.8942	0.000691950447176857	-0.000309190036180718
251.20601	0.00068808481594734	-0.000273746904889655
223.92496	0.000687168071870696	-0.000244743080325566
199.55338	0.000686554426027369	-0.000215234139217211
177.78128	0.000685165765350695	-0.000187945702548275
158.52898	0.000685613266942969	-0.000162950209983821
141.21979	0.000684861212529035	-0.000141852549098696
125.92673	0.000686237570218829	-0.000123623441144538
112.19009	0.000690093738295895	-0.000106884821505789
99.968163	0.000688746737253935	-8.99211528132206e-05
89.115646	0.000690539534795373	-7.44548459286825e-05
79.415741	0.000692318212205998	-6.41166390325605e-05
70.793182	0.000695281338534957	-5.21437534133201e-05
63.082279	0.000697163095646492	-4.11252078127652e-05
56.241825	0.00070615606765196	-3.33536548884087e-05
50.112232	0.000704727078357916	-2.3237969149119e-05
44.671223	0.000707549393314974	-1.78816842082843e-05
39.808899	0.0007122843155349	-1.28305013667206e-05
35.488308	0.000714163731968705	-6.0097467955405e-06
31.629578	0.000716056983348494	-2.85562326527275e-06
28.187037	0.000719515755035841	4.75385564310571e-07
25.120602	0.000724807536249169	4.64162377871854e-06
22.385418	0.000724943747443377	6.61069269063932e-06
19.955338	0.00072857841322408	6.45742678004741e-06
17.775894	0.000731829162290317	1.13893144199801e-05
15.846864	0.000734651413615842	1.08333201291345e-05
14.127493	0.000736271719867029	1.36514166188643e-05
12.587309	0.000738339106620209	1.42978781605976e-05
11.216775	0.000738431601724812	1.43027075923089e-05
9.9968166	0.000742556029921552	1.56680187826298e-05
8.9082127	0.000743944392893874	1.59155166843837e-05
7.9395623	0.000744968313829123	1.48982904345376e-05
7.0765615	0.000747588283743687	1.61569131331802e-05
6.3105822	0.000748420707193237	1.66247947933441e-05
5.6245475	0.000750504131961828	1.32321856788725e-05
5.0112233	0.000750742364361457	1.88522007513738e-05
4.4642835	0.000755361874289898	1.78784326841693e-05
3.9819033	0.000755187439237135	1.57164483045377e-05
3.5479143	0.000755941978799566	1.69542290557217e-05
3.1629577	0.000756811454081228	1.79296615279501e-05
2.818361	0.000758585931037972	1.77351559593555e-05
2.5112481	0.000760978708480849	1.48398150735745e-05
2.2398233	0.00076166749653799	1.7054099451616e-05
1.9950197	0.000760390503109021	1.58112707276424e-05
1.7775893	0.000760832549577801	1.71765090518653e-05
1.5846864	0.000762440999015931	1.61205997500969e-05
1.4122353	0.000763489679538658	1.86948852347779e-05
1.2582541	0.00076412198109462	1.84491317118181e-05
1.1224822	0.000765758898828417	1.8201706328149e-05
1.0000616	0.000770610838083538	2.04242762107338e-05
0.89082122	0.000769813412896788	2.08988986898292e-05
0.79444051	0.000769467408805062	2.0175141123312e-05
0.70784986	0.000771077479562703	2.12154833148139e-05
0.63126236	0.000772967175353917	2.23921036219053e-05
0.562536	0.000775118509261429	2.36672547408608e-05
0.50118715	0.000776769087958421	2.36171753880888e-05
0.44642836	0.000778217568036032	2.46460715206442e-05
0.39821118	0.000778470932737972	2.61268561841481e-05
0.35475865	0.000779181620564352	2.65266881287553e-05
0.31619295	0.000782186981363741	2.71607939511078e-05
0.2819173	0.000784885420870533	2.72240159387066e-05
0.25117323	0.00078542957992653	2.86750156883976e-05
0.22391155	0.00078894716643481	3.17094369578209e-05
0.19957349	0.000788951337048979	3.38166577432037e-05
0.17779917	0.000791675308691971	3.19212850685917e-05
0.15846863	0.000793169675018431	3.54190807701247e-05
0.14123619	0.000794813649272211	3.80294830866471e-05
0.12590662	0.000797025221706904	3.93163833293672e-05
0.1122199	0.000798166674689852	3.6723547031e-05
0.10002181	0.000800956145741514	4.35184038674855e-05
