10002.226	0.00118198232095261	-0.00949495141325847
8914.9326	0.00113986762020728	-0.00849908637495267
7943.9951	0.00110287532704833	-0.00761021834994252
7081.583	0.00106575672967629	-0.00681207844044072
6307.7358	0.00103538879620078	-0.00609386053322771
5622.5879	0.00100545869050013	-0.00545680714782669
5011.603	0.000977801293416575	-0.00488545562899071
4466.4292	0.000951498971064497	-0.00437337423916354
3981.2773	0.000926887279383784	-0.00391675429332582
3548.8679	0.000905420536295592	-0.00350672330574361
3163.0398	0.000886577422357516	-0.00314220481617378
2819.0986	0.000869195399533546	-0.00281361508410062
2512.4104	0.000853145721936221	-0.00251802123348163
2239.2869	0.000838638072426312	-0.00225548655460267
1995.6381	0.000825831448310099	-0.00202258359230337
1778.2897	0.000811412863829958	-0.00181130479382608
1584.4927	0.000798340817230383	-0.00162419385895573
1412.7418	0.000789099696449025	-0.00145580271500244
1258.7905	0.000780517429482065	-0.00130426481763768
1121.7966	0.000771275032181854	-0.00117151511055277
999.68164	0.000761847395527135	-0.00104946652877433
891.42474	0.000751463500722799	-0.000941570621779078
794.23932	0.000745918263955208	-0.000847307188957408
707.96161	0.000736489442984528	-0.000758907670479046
631.00977	0.000730424240898165	-0.000680411336265006
562.33929	0.000726136755271227	-0.000609893459089259
501.12231	0.000718064739012971	-0.000545878685497316
446.57214	0.000714388963154181	-0.000488374339375349
398.08899	0.000708998221710644	-0.000437405223862306
354.88681	0.000703572403700513	-0.000389272185189637
316.31589	0.000701432915618447	-0.00034556813864608
281.8942	0.000700299705418765	-0.000310303541823787
251.20601	0.000695232953628504	-0.000274682822613509
223.92496	0.000693868039207296	-0.000241092294740909
199.55338	0.000691268932235756	-0.000214605904650582
177.78128	0.000692562281715566	-0.000185405810639279
158.52898	0.000692700674372645	-0.000162477733671994
141.21979	0.000691581360763838	-0.000142928681972594
125.92673	0.000693347198265804	-0.00012105578055175
112.19009	0.000694760830407638	-0.000106496347236915
99.968163	0.000695533786337905	-8.90560252989436e-05
89.115646	0.000698119839550211	-7.45814296354497e-05
79.415741	0.00069971374907538	-6.27214125875525e-05
70.793182	0.000702426492304387	-5.12873139308648e-05
63.082279	0.000705292852040972	-4.1125112773268e-05
56.241825	0.000710743039308832	-3.0787313972327e-05
50.112232	0.000710123330988955	-2.34980463055151e-05
44.671223	0.000712383698790479	-1.9218997870669e-05
39.808899	0.000716163929715907	-1.41609387668879e-05
35.488308	0.000718682021143427	-6.76905432920849e-06
31.629578	0.000721944333648444	-2.24884533587035e-06
28.187037	0.000725771443011031	7.86381444817575e-07
25.120602	0.000728157187845924	4.92476121869554e-06
22.385418	0.000731008771210295	6.52348441029608e-06
19.955338	0.000735925745657393	9.63295646514856e-06
17.775894	0.000736955448098812	1.10352428774571e-05
15.846864	0.000738064798376403	1.16455449334338e-05
14.127493	0.000742339166018255	1.42131287594525e-05
12.587309	0.000744020284041961	1.19070392180275e-05
11.216775	0.000744314129062578	1.51242132311526e-05
9.9968166	0.000750415855138528	1.24329742571827e-05
8.9082127	0.000749047754307733	1.52363855337753e-05
7.9395623	0.000749898122775769	1.61827221880055e-05
7.0765615	0.000754392687415648	1.77188989254446e-05
6.3105822	0.000755382196609257	1.63524413580291e-05
5.6245475	0.00075635597232225	1.52329056045725e-05
5.0112233	0.000757737750044728	1.66420207446864e-05
4.4642835	0.00075934894776409	1.59631808977828e-05
3.9819033	0.000760518551193456	1.65957716815333e-05
3.5479143	0.000761031954425931	1.91711307067457e-05
3.1629577	0.000762823210082008	1.78772701490147e-05
2.818361	0.000765119857439073	1.61664235028641e-05
2.5112481	0.000765310056104404	1.78152797826535e-05
2.2398233	0.000763819803322164	1.74357847915432e-05
1.9950197	0.000767474949369813	1.7215313496312e-05
1.7775893	0.000767740378873265	1.71654432667403e-05
1.5846864	0.000769222423544498	1.81819018838513e-05
1.4122353	0.000771506165646269	1.72777792844059e-05
1.2582541	0.000771949495952427	1.88877771390765e-05
1.1224822	0.000773188834101093	1.71119811225533e-05
1.0000616	0.000772772038576178	1.94891969656838e-05
0.89082122	0.000775779710181216	2.01935182855548e-05
0.79444051	0.000777378205611794	2.0307576149558e-05
0.70784986	0.000779078623628631	2.1427522047612e-05
0.63126236	0.000780295614715593	2.22615742625673e-05
0.562536	0.000782733651141455	2.3163104350328e-05
0.50118715	0.000783529745317162	2.28528679574874e-05
0.44642836	0.000784916410976811	2.3346771275515e-05
0.39821118	0.00078551402457511	2.71342466044257e-05
0.35475865	0.000786589883760532	2.53485678530807e-05
0.31619295	0.000788893440312562	2.77809126687625e-05
0.2819173	0.000790258094721441	2.67571593802161e-05
0.25117323	0.000793718383618037	2.85189945498241e-05
0.22391155	0.000791888402457999	3.09400046943361e-05
0.19957349	0.000796898721682025	3.26879932592332e-05
0.17779917	0.000795591430932222	3.19175471525414e-05
0.15846863	0.00079927958255419	3.59526184688862e-05
0.14123619	0.000801489971501568	3.64769283195826e-05
0.12590662	0.000801543872168444	3.74562861036364e-05
0.1122199	0.000806788732488005	3.95139677996069e-05
0.10002181	0.000808529583321397	4.4532585164698e-05
