10002.226	0.00118372313315667	-0.00949694243900415
8914.9326	0.00113949031727118	-0.00850058882832931
7943.9951	0.00110465761733323	-0.00760858754880955
7081.583	0.00106748132094599	-0.00681091177811675
6307.7358	0.00103680935150323	-0.00609511374677576
5622.5879	0.00100394493887058	-0.00545678440606028
5011.603	0.00097686756744978	-0.0048858270611298
4466.4292	0.000950712475819192	-0.00437480490683839
3981.2773	0.000926854194498651	-0.00391660228640956
3548.8679	0.000906838888861783	-0.00350680967921542
3163.0398	0.000887686399600545	-0.00314032384035412
2819.0986	0.000868989213790119	-0.0028123967378968
2512.4104	0.000852843353722085	-0.00251698277342385
2239.2869	0.000837035309454234	-0.00225755581805639
1995.6381	0.000824470225122455	-0.00202126832060496
1778.2897	0.000812696529560819	-0.00181187072168612
1584.4927	0.000799622436611565	-0.00162424381673328
1412.7418	0.000787705832827127	-0.00145688496026618
1258.7905	0.00077964003413235	-0.00130668991174244
1121.7966	0.000768787003022763	-0.00116933310526107
999.68164	0.000762488377891404	-0.00104788353032546
891.42474	0.000752690174729647	-0.000941991934580132
794.23932	0.000745576031478304	-0.000847350922539359
707.96161	0.000736387513444732	-0.000757861047511598
631.00977	0.000731211273757078	-0.000680393752102646
562.33929	0.000725819266876554	-0.000611154431287094
501.12231	0.000719210662954241	-0.000546067559037256
446.57214	0.000714163741344066	-0.000487451872816715
398.08899	0.00070710406403647	-0.000434665941269058
354.88681	0.000703055684213699	-0.000390317546928358
316.31589	0.000702600481452963	-0.000344654903452735
281.8942	0.000700364441929011	-0.000309483189665419
251.20601	0.0006948212791907	-0.000272660122633691
223.92496	0.000693695920734879	-0.000243472039338071
199.55338	0.000692027201340652	-0.000213070195499624
177.78128	0.000690796806174438	-0.000184635233094046
158.52898	0.000690696885356696	-0.000162998819646456
141.21979	0.000690923019523762	-0.000142202019803864
125.92673	0.000692217262585095	-0.000123496162245662
112.19009	0.000692562351295628	-0.000107325967005539
99.968163	0.000694294703726285	-8.83388710145297e-05
89.115646	0.000698520088912745	-7.60673318713923e-05
79.415741	0.000697719631919933	-6.05376039890309e-05
70.793182	0.000702501618800354	-5.24332029141334e-05
63.082279	0.000705442334619854	-4.10303367129014e-05
56.241825	0.000709472961472907	-3.08111649803646e-05
50.112232	0.000711059100771792	-2.37115163131188e-05
44.671223	0.000713660460425716	-1.89926885944928e-05
39.808899	0.000716717951777308	-1.394273534089e-05
35.488308	0.000719045408446923	-9.06486636680118e-06
31.629578	0.00072227892997807	-2.75783878789542e-06
28.187037	0.000726598561112305	2.13375702261864e-07
25.120602	0.000728565568042208	4.05069999323396e-06
22.385418	0.000729808975792867	6.28594400491104e-06
19.955338	0.000734397109278458	7.68865533101309e-06
17.775894	0.000737546624777361	1.15414235637624e-05
15.846864	0.000738339334109953	1.214709171771e-05
14.127493	0.000742022386469567	1.34515423474781e-05
12.587309	0.000743235159313748	1.3543204051166e-05
11.216775	0.000746957480110823	1.49151414487949e-05
9.9968166	0.000747049845149616	1.45650777455593e-05
8.9082127	0.00074857890412485	1.49170298838117e-05
7.9395623	0.000749853607652607	1.5323900945473e-05
7.0765615	0.000752490365131448	1.74981484751373e-05
6.3105822	0.000755089972908699	1.67953802397186e-05
5.6245475	0.000757982971864987	1.35030438988497e-05
5.0112233	0.000758952222852915	1.80742263383131e-05
4.4642835	0.000759883418389527	1.74198855259535e-05
3.9819033	0.000760729573898112	1.64719255487385e-05
3.5479143	0.000763206506528311	1.62239918572532e-05
3.1629577	0.000763599924873552	1.66350023810455e-05
2.818361	0.000766475507177964	1.66828458841586e-05
2.5112481	0.000764623858760277	1.69834829818483e-05
2.2398233	0.000764880417133854	1.68751313675133e-05
1.9950197	0.000765870752099805	1.61586214765635e-05
1.7775893	0.000769003359898022	1.56652949045887e-05
1.5846864	0.000770730738156291	1.93658936828259e-05
1.4122353	0.000769231471517888	1.88932965688401e-05
1.2582541	0.000770666959192424	1.8150029226896e-05
1.1224822	0.000771479034362361	2.07382193856609e-05
1.0000616	0.000773478958486127	2.02253570220942e-05
0.89082122	0.000777330344751812	2.03143437963563e-05
0.79444051	0.000777206276995743	1.92459527526604e-05
0.70784986	0.000778282969142751	2.0991383036486e-05
0.63126236	0.000780594980125359	2.0150936335227e-05
0.562536	0.000780168296199787	2.20898574419217e-05
0.50118715	0.000781969084000333	2.3631982703368e-05
0.44642836	0.000785250012969904	2.46782952689964e-05
0.39821118	0.000786211055119466	2.43336535838261e-05
0.35475865	0.000785665903811997	2.58010288405283e-05
0.31619295	0.000788744468293957	2.86454014240507e-05
0.2819173	0.000789140996320185	2.88922798302132e-05
0.25117323	0.000792694821947435	2.84048168494093e-05
0.22391155	0.000792639029551955	3.08928932493442e-05
0.19957349	0.000794750087051276	3.13555737458478e-05
0.17779917	0.000795932071560703	3.3695856317388e-05
0.15846863	0.000800669755803347	3.43150893142892e-05
0.14123619	0.000800732694186487	3.54484768102797e-05
0.12590662	0.000803441466921188	3.92431220410497e-05
0.1122199	0.000806839604056047	3.95805320030407e-05
0.10002181	0.000807305679548155	4.23261695881529e-05
