10002.226	0.00118312359284087	-0.00949656575249968
8914.9326	0.00114196942627057	-0.00850036142596418
7943.9951	0.00110368233491136	-0.00760641781555561
7081.583	0.00106834386270715	-0.00681259165094315
6307.7358	0.00103797072259084	-0.00609432670261749
5622.5879	0.00100469444110762	-0.00545742422650089
5011.603	0.000975527687571054	-0.00488579782265863
4466.4292	0.000951011724905795	-0.0043750050726399
3981.2773	0.000927730369711049	-0.00391618927727071
3548.8679	0.000906789321181198	-0.00350792549509837
3163.0398	0.000887560535338015	-0.00314210156229396
2819.0986	0.000869139248867264	-0.00281343372384125
2512.4104	0.000851802495338973	-0.00251863889966808
2239.2869	0.00083777594624356	-0.00225809711545227
1995.6381	0.000825097384393853	-0.00202136063773445
1778.2897	0.000812617884381921	-0.00181280436379529
1584.4927	0.000798169142201372	-0.0016235781259986
1412.7418	0.000788710477009689	-0.00145602289725549
1258.7905	0.00077933228888447	-0.0013064258312805
1121.7966	0.000768494159324354	-0.00117200563832217
999.68164	0.000762203209593936	-0.00104972344806382
891.42474	0.000753140743244346	-0.000942052896104582
794.23932	0.000746509405682143	-0.000845648651381812
707.96161	0.000738153066159924	-0.000759013510459209
631.00977	0.000731772627191297	-0.000682607639964362
562.33929	0.000725645905138148	-0.000611070751546069
501.12231	0.000719216949787437	-0.000546795305278093
446.57214	0.000713303973829675	-0.000488448950976899
398.08899	0.000709116076989085	-0.000439069652359284
354.88681	0.000704979076265992	-0.000390130813346684
316.31589	0.000702407000668441	-0.000345628203106383
281.8942	0.000699188106018006	-0.000308986913389546
251.20601	0.000694608036297717	-0.000273831234345145
223.92496	0.000692193131870456	-0.000241020438950371
199.55338	0.000693185391289277	-0.000211757608384954
177.78128	0.000690833852398297	-0.000185617957410987
158.52898	0.00069168596857878	-0.000160665909136897
141.21979	0.000690462939122337	-0.000140233144343615
125.92673	0.000692357578546712	-0.000124721050461443
112.19009	0.000694114370179636	-0.000106007727386809
99.968163	0.000693177757539616	-8.94392966752722e-05
89.115646	0.000696473299294834	-7.64397367120439e-05
79.415741	0.000700445764694805	-6.37247835646564e-05
70.793182	0.000702418328973977	-5.17296299636565e-05
63.082279	0.000702425428347299	-4.05013309927094e-05
56.241825	0.000709885055630951	-3.38616428372948e-05
50.112232	0.000706775806614605	-2.41636534043505e-05
44.671223	0.000714422259186876	-1.7266368360848e-05
39.808899	0.000717532515914724	-1.42267089562281e-05
35.488308	0.000720747699074128	-8.47993182593335e-06
31.629578	0.000720831966675486	-2.78295152884271e-06
28.187037	0.000724421881785486	2.17967614090316e-06
25.120602	0.000729012196349747	5.14311618458131e-06
22.385418	0.00073481683246598	6.08296676066912e-06
19.955338	0.000735683402422873	8.55796555766219e-06
17.775894	0.000736709324616988	1.04672376801188e-05
15.846864	0.00073789966485095	1.07902236891224e-05
14.127493	0.000740082025146963	1.4231844541734e-05
12.587309	0.000741656033381406	1.30503312359854e-05
11.216775	0.000747674250632765	1.6144024303353e-05
9.9968166	0.000747340975892028	1.46649276179406e-05
8.9082127	0.00074924918080001	1.63347598668054e-05
7.9395623	0.000752951832462359	1.53943072081636e-05
7.0765615	0.000753389512750083	1.73960311204495e-05
6.3105822	0.000754886032592709	1.67044248273945e-05
5.6245475	0.000757250067324523	1.68423607542429e-05
5.0112233	0.000755972855723341	1.69481338231307e-05
4.4642835	0.000761667706222047	1.60063438544725e-05
3.9819033	0.000758932400322956	1.72402777747144e-05
3.5479143	0.000761166099680462	1.78362040714223e-05
3.1629577	0.000765055365400192	1.91820626788757e-05
2.818361	0.000765773158761747	1.73549955610472e-05
2.5112481	0.000765684386776432	1.74517049701791e-05
2.2398233	0.000764018531544747	1.48518561600733e-05
1.9950197	0.000766700402777653	1.75382629155384e-05
1.7775893	0.000767546263136922	1.56142225766524e-05
1.5846864	0.000769511465095218	1.86186478512555e-05
1.4122353	0.000768070656485318	1.94937551856818e-05
1.2582541	0.000773339428157304	1.81041046418864e-05
1.1224822	0.0007709431427856	1.82292664249436e-05
1.0000616	0.000773800422045352	1.9842787647272e-05
0.89082122	0.000775688906237431	2.1462797980006e-05
0.79444051	0.000777299103784202	1.90945349456749e-05
0.70784986	0.000778569534354341	2.24759211597522e-05
0.63126236	0.000780669137922976	2.22112229079715e-05
0.562536	0.00078031802921145	2.48204021501134e-05
0.50118715	0.000780527987167846	2.46944600808523e-05
0.44642836	0.000784902981120962	2.35422597308512e-05
0.39821118	0.000785220973048533	2.60470053711638e-05
0.35475865	0.000785026188088176	2.38905028490717e-05
0.31619295	0.000786905902648938	2.72140252807402e-05
0.2819173	0.00079057313506341	2.80062720032937e-05
0.25117323	0.000789398698649865	3.04802159426843e-05
0.22391155	0.000792115412947764	2.99157217445583e-05
0.19957349	0.000795626015555684	3.32147972904015e-05
0.17779917	0.000798605042344787	3.32267850483485e-05
0.15846863	0.000799068710669196	3.46541984562856e-05
0.14123619	0.000800252032140072	3.63669860438567e-05
0.12590662	0.000803928881403727	3.90094584652958e-05
0.1122199	0.000806146980476065	3.98409361502611e-05
0.10002181	0.000807771172176904	4.22790962827143e-05
