10002.226	0.00118006507476254	-0.0094965085885734
8914.9326	0.00113853285961467	-0.00849950516392685
7943.9951	0.00110303993455134	-0.00760698375315054
7081.583	0.00106858214246773	-0.00681192157570279
6307.7358	0.00103639152961855	-0.00609363464940061
5622.5879	0.00100339863179451	-0.00545625711995537
5011.603	0.000976924957332098	-0.00488614254904311
4466.4292	0.000952106342668672	-0.00437381409764484
3981.2773	0.000929213771107308	-0.0039170215157368
3548.8679	0.00090443013770143	-0.0035082547455156
3163.0398	0.000886957997406658	-0.00314039696606861
2819.0986	0.000868632219660374	-0.00281322435628665
2512.4104	0.000853535121209076	-0.00251867641067364
2239.2869	0.00083903489425704	-0.00225727827612835
1995.6381	0.000824721473391808	-0.00202316850442738
1778.2897	0.000812241726113078	-0.00181203682802091
1584.4927	0.000800598346903521	-0.00162351853465125
1412.7418	0.000788395455142141	-0.0014552283333194
1258.7905	0.000778399856014517	-0.00130466236496146
1121.7966	0.000768966354701714	-0.0011720023057226
999.68164	0.000761972315087745	-0.00104929194039629
891.42474	0.000752010159784594	-0.000942500790698661
794.23932	0.000747250547803314	-0.000846477413816779
707.96161	0.000738619840142733	-0.000756723604897696
631.00977	0.000729709443022065	-0.000679494028435948
562.33929	0.000724902407720431	-0.000608408900179804
501.12231	0.000720196397677053	-0.000545721290670465
446.57214	0.00071421131207619	-0.00048731084317442
398.08899	0.000709219416369369	-0.000438551338428993
354.88681	0.00070628764963454	-0.000387945024300689
316.31589	0.000701174642876419	-0.000346610072529397
281.8942	0.000697993451418261	-0.000310799126094052
251.20601	0.000694015294702296	-0.000273109501434768
223.92496	0.000694526845558262	-0.000241955575979618
199.55338	0.00069257629068027	-0.000213591030187295
177.78128	0.00069129497195338	-0.000186466406058615
158.52898	0.000691992197106271	-0.000164103155246673
141.21979	0.000693025449790218	-0.000142461830947459
125.92673	0.000692755690900142	-0.000123753060298098
112.19009	0.000694802216159481	-0.000106193364486826
99.968163	0.000695292358678347	-8.9483125369673e-05
89.115646	0.000695852782211411	-7.51528605658148e-05
79.415741	0.000699778049321116	-6.14994581021791e-05
70.793182	0.000699599284574372	-5.14000386028621e-05
63.082279	0.000703268459101468	-4.1519950762865e-05
56.241825	0.000708609240292049	-3.19206089430218e-05
50.112232	0.000711585879980167	-2.39777014094178e-05
44.671223	0.000713410073773914	-1.90412996234988e-05
39.808899	0.000717371180845989	-1.34469649631748e-05
35.488308	0.000720061592875941	-9.13974413178986e-06
31.629578	0.000723178806648825	-1.8468690709744e-06
28.187037	0.000725156447600047	7.03839276562586e-07
25.120602	0.000727331207146631	4.60281846754566e-06
22.385418	0.000731935287645584	6.7591445111022e-06
19.955338	0.000733829665506709	8.12185565094095e-06
17.775894	0.000738788167634467	1.20467961387936e-05
15.846864	0.00073853145827984	9.5492034787149e-06
14.127493	0.000743019799824142	1.25540546138116e-05
12.587309	0.000744392384098345	1.25888130123288e-05
11.216775	0.000744428064392672	1.29619526677805e-05
9.9968166	0.000748789633796914	1.44692581107476e-05
8.9082127	0.000749220995155446	1.46127313731024e-05
7.9395623	0.000752500328210293	1.45761120068705e-05
7.0765615	0.000753388150080743	1.6334907742725e-05
6.3105822	0.000755677746282723	1.79632391787384e-05
5.6245475	0.000758573978813902	1.46361526072063e-05
5.0112233	0.000757619366636897	1.79462999020601e-05
4.4642835	0.000758106212420681	1.5670104295778e-05
3.9819033	0.000760962503168391	1.66349780574715e-05
3.5479143	0.000761690451114327	1.65512242114306e-05
3.1629577	0.000764482045955461	1.58802927345715e-05
2.818361	0.000762929910798976	1.65104751011137e-05
2.5112481	0.000765436943275512	1.66882834714294e-05
2.2398233	0.000765480688295034	1.77910719729185e-05
1.9950197	0.000767036487320395	1.5333167454752e-05
1.7775893	0.000767693403249422	1.62202697657414e-05
1.5846864	0.000767876781706074	1.84955241018206e-05
1.4122353	0.000770745529076978	1.84819098353856e-05
1.2582541	0.000770670124747516	2.00042816345118e-05
1.1224822	0.000773227591801838	1.82023437752573e-05
1.0000616	0.000774487770021012	2.04411012601796e-05
0.89082122	0.000776523100581373	1.99611100035565e-05
0.79444051	0.000775870158364776	2.06358296108759e-05
0.70784986	0.000778558589975096	2.12714171007086e-05
0.63126236	0.000780376906163919	2.20116828229834e-05
0.562536	0.000780057720983978	2.18112257285112e-05
0.50118715	0.000781505701467159	2.28335489314464e-05
0.44642836	0.000782875525224237	2.24315229129783e-05
0.39821118	0.000784714216386084	2.62168580906671e-05
0.35475865	0.000785367211507262	2.66210598977148e-05
0.31619295	0.000787051903163506	2.69508003453683e-05
0.2819173	0.000790519736437517	2.86720787806415e-05
0.25117323	0.000791959031888693	3.11920317656173e-05
0.22391155	0.000793245521954886	3.11991245452386e-05
0.19957349	0.00079492010827342	3.07473372316017e-05
0.17779917	0.000797883040520364	3.13713688132373e-05
0.15846863	0.000801068188354283	3.62550707382008e-05
0.14123619	0.000800712812365776	3.68356316270717e-05
0.12590662	0.000803806007975576	3.81466687933629e-05
0.1122199	0.000805161264446274	3.82978021901163e-05
0.10002181	0.000808124531472664	4.32652898101805e-05
