10002.226	0.00119497227161255	-0.00960824817401199
8914.9326	0.0011557957686061	-0.00860133331535904
7943.9951	0.00111592780196941	-0.00769966781235532
7081.583	0.00108125181302459	-0.00689432939722933
6307.7358	0.00105163920551278	-0.00616913601217429
5622.5879	0.00101984367675265	-0.00552472265389591
5011.603	0.000990092388272446	-0.00494503312880537
4466.4292	0.000967646169517808	-0.00442669137103552
3981.2773	0.000943256264216454	-0.00396288269889654
3548.8679	0.000919018964617103	-0.00354830406419405
3163.0398	0.000902036759818752	-0.00318016569844671
2819.0986	0.00088450666423922	-0.00284487615033473
2512.4104	0.000868951914880372	-0.00254833928289322
2239.2869	0.000852264748663242	-0.00228429721981027
1995.6381	0.000839714471354204	-0.00204533639814254
1778.2897	0.000828525669680198	-0.00183349374671252
1584.4927	0.000815317362949647	-0.00164198126131422
1412.7418	0.000804277574348285	-0.00147278449282431
1258.7905	0.000794891449958458	-0.00131951382341982
1121.7966	0.000786427172036281	-0.00118398583641212
999.68164	0.000777134311779286	-0.00106121002535693
891.42474	0.000769200992431316	-0.000953219628312076
794.23932	0.000759791847592288	-0.000856681583727757
707.96161	0.000754115891135267	-0.000768541170116343
631.00977	0.000746674292792614	-0.000687567563146031
562.33929	0.000742307906200801	-0.00061600844404442
501.12231	0.00073328595763597	-0.00055143440371075
446.57214	0.000727494832415621	-0.000493825731617854
398.08899	0.00072422683744827	-0.000441181903741183
354.88681	0.000720449547583755	-0.000393124867297384
316.31589	0.000716056856712885	-0.000350162600973341
281.8942	0.000712556936791179	-0.000312183310021175
251.20601	0.000708234535277714	-0.000276772380050705
223.92496	0.000707268050891119	-0.000245791293545162
199.55338	0.000706011611745336	-0.000214744229554994
177.78128	0.00070847508745503	-0.000187946332514725
158.52898	0.000706471796864281	-0.000165169624301222
141.21979	0.000705059102418504	-0.000145729605666557
125.92673	0.000705675507763487	-0.000123802482914664
112.19009	0.000708751256444326	-0.000108478393472424
99.968163	0.000711216427154676	-9.02957543793026e-05
89.115646	0.00071055436289457	-7.39405547545713e-05
79.415741	0.00071529870916364	-6.24558247802683e-05
70.793182	0.000715888001358573	-5.08576359632047e-05
63.082279	0.000718888784927637	-4.18407373356901e-05
56.241825	0.000723387696302537	-3.19969612471307e-05
50.112232	0.000726638571465604	-2.23683967774457e-05
44.671223	0.00072864669131472	-1.85015004229609e-05
39.808899	0.000732719039613161	-1.22419422388055e-05
35.488308	0.000733990543724892	-8.18561266878851e-06
31.629578	0.00073750154474791	-3.33352494159761e-06
28.187037	0.000738694919426997	4.37326078062765e-07
25.120602	0.000741904126669947	2.8013621185664e-06
22.385418	0.000746571690483417	7.06911405178234e-06
19.955338	0.000748847849020362	7.76824243699429e-06
17.775894	0.000751924844599487	1.1783849807126e-05
15.846864	0.00075462727479598	1.13024717255048e-05
14.127493	0.000757944051760017	1.32122219322682e-05
12.587309	0.00075920390809854	1.43059134375865e-05
11.216775	0.000761062951824903	1.48181007241491e-05
9.9968166	0.000762647366657267	1.32420765005383e-05
8.9082127	0.000763669701833762	1.55041522188698e-05
7.9395623	0.000764322739319134	1.5677480375666e-05
7.0765615	0.000770240621771449	1.92007532764682e-05
6.3105822	0.000770127522929294	1.56630674638649e-05
5.6245475	0.000770425055936735	1.37193766638926e-05
5.0112233	0.000773824749137945	1.82125946320498e-05
4.4642835	0.000773860432098232	1.75403159474421e-05
3.9819033	0.000774237053497708	1.84542785759172e-05
3.5479143	0.000777866727611971	1.73734779861477e-05
3.1629577	0.000778433208517809	1.80982657086043e-05
2.818361	0.000778886702455253	1.77981825495801e-05
2.5112481	0.000778810638392345	1.73744323394185e-05
2.2398233	0.000779612697049	1.61446125346313e-05
1.9950197	0.000782223300149181	1.75578808562959e-05
1.7775893	0.000782227656261655	1.99515987917125e-05
1.5846864	0.000783110000552877	1.84202860150174e-05
1.4122353	0.000787610621148172	1.85418844313724e-05
1.2582541	0.000785662911381662	1.96794946121937e-05
1.1224822	0.00078781896448326	2.13133375508054e-05
1.0000616	0.000788873167031116	1.92264795465871e-05
0.89082122	0.000790461130815589	1.95876977714708e-05
0.79444051	0.000792801761779434	2.09274454493921e-05
0.70784986	0.000793554887837783	2.22394180925791e-05
0.63126236	0.000794017767024324	2.29563281149098e-05
0.562536	0.000796261524108206	2.23917464791246e-05
0.50118715	0.000797282190970684	2.44785222122396e-05
0.44642836	0.000799804370864148	2.44108959490448e-05
0.39821118	0.000800279923387335	2.54540546573717e-05
0.35475865	0.000799933009348175	2.77160881779771e-05
0.31619295	0.000803077828093942	2.74597997228583e-05
0.2819173	0.000804694352493207	2.90381945373915e-05
0.25117323	0.000805268362815334	2.85955820424969e-05
0.22391155	0.000808243019059256	3.16798830805462e-05
0.19957349	0.000810372799473786	3.35522162529835e-05
0.17779917	0.000811478978148627	3.36985310623782e-05
0.15846863	0.00081369664471904	3.38708589614742e-05
0.14123619	0.000816656644496847	3.72435798934533e-05
0.12590662	0.000817062738633961	3.99021792396518e-05
0.1122199	0.00081988971383764	4.03948176697422e-05
0.10002181	0.000823029213937655	4.35107309170319e-05
