10002.226	0.0011959994350104	-0.00960966925878007
8914.9326	0.00115571606058714	-0.00860213169995698
7943.9951	0.00111566895692217	-0.00769885964006636
7081.583	0.0010822704746584	-0.00689300832274616
6307.7358	0.00105143054181189	-0.00616700294096724
5622.5879	0.0010213154513092	-0.00552208100784559
5011.603	0.000991169502043386	-0.00494476865301355
4466.4292	0.000965389836517604	-0.00442639389340789
3981.2773	0.000942054753868585	-0.00396435495764532
3548.8679	0.000921015513494235	-0.00354957997838813
3163.0398	0.000902107056458247	-0.00318079501016986
2819.0986	0.000883180618406776	-0.00284298747168844
2512.4104	0.000868459395812518	-0.00254966068459392
2239.2869	0.000853632213851972	-0.00228313530703209
1995.6381	0.000840660199460658	-0.00204669547181181
1778.2897	0.000827952561354162	-0.00183335441714984
1584.4927	0.000815935286624922	-0.00164354799328192
1412.7418	0.000802584852232591	-0.00147277229119808
1258.7905	0.000794584952057778	-0.00132065472611412
1121.7966	0.000783536016173026	-0.00118644369885609
999.68164	0.000774833331987756	-0.0010629338341191
891.42474	0.000769204425299935	-0.000951719092714737
794.23932	0.000761416068914093	-0.00085530543144517
707.96161	0.000752537866812456	-0.000766715011062589
631.00977	0.000746603953534935	-0.000688308211258057
562.33929	0.000740406322702423	-0.000616906691116128
501.12231	0.000734631402316125	-0.000552125134748887
446.57214	0.000727660806823001	-0.000493545410336221
398.08899	0.000723691532812684	-0.000440885918658489
354.88681	0.000718874238153603	-0.000393966682970099
316.31589	0.000717578354792799	-0.000350156132405799
281.8942	0.000714156599761213	-0.000313116129359304
251.20601	0.000711247097228834	-0.000278105554502708
223.92496	0.000708329278297075	-0.000243937804719204
199.55338	0.000707601828873212	-0.000217638886405503
177.78128	0.000706927296583362	-0.000188303268588133
158.52898	0.000706999737201154	-0.000163815804078967
141.21979	0.000706629811175098	-0.00014304966289919
125.92673	0.000704163967633073	-0.000125139567566524
112.19009	0.000710162256771927	-0.000107700516416953
99.968163	0.000711119005106691	-8.86825384210865e-05
89.115646	0.000712794792980063	-7.73540321322886e-05
79.415741	0.00071303480295115	-6.36533741681051e-05
70.793182	0.000716095336630486	-5.06875274397855e-05
63.082279	0.000719060186145856	-3.99718913393643e-05
56.241825	0.00072469479544542	-3.20716994847387e-05
50.112232	0.000723374260246951	-2.40291540343669e-05
44.671223	0.000729269803621531	-1.79605188207913e-05
39.808899	0.000730877179731113	-1.26263011876093e-05
35.488308	0.000734127032580552	-7.59267700206179e-06
31.629578	0.000737809089706945	-2.39802813679769e-06
28.187037	0.000741575527142768	1.32019716358218e-06
25.120602	0.000744487267951066	4.17256374730514e-06
22.385418	0.00074444722970887	8.41583969682413e-06
19.955338	0.000749595797427156	8.9582621948781e-06
17.775894	0.000751160245350984	1.17130121051565e-05
15.846864	0.000756552677511589	1.10716620299114e-05
14.127493	0.000756072078771948	1.14309836037264e-05
12.587309	0.000758712160989184	1.33497037875952e-05
11.216775	0.000759669488549009	1.41816366132254e-05
9.9968166	0.00076414522860003	1.30795077592304e-05
8.9082127	0.000763312537059012	1.65472338617017e-05
7.9395623	0.000763896399190611	1.44647450833733e-05
7.0765615	0.000767106595489666	1.79172799055149e-05
6.3105822	0.000770183544864864	2.03529530756645e-05
5.6245475	0.000771783859443193	1.57546934868522e-05
5.0112233	0.000772541673308911	1.75049367707225e-05
4.4642835	0.000774255976698904	1.79244979355481e-05
3.9819033	0.000774176142066928	1.78446122815378e-05
3.5479143	0.000778027041411164	1.64798955657399e-05
3.1629577	0.000779116678354935	2.01523273847172e-05
2.818361	0.000781061431501502	1.56709797490666e-05
2.5112481	0.000781006649227971	1.56627881772175e-05
2.2398233	0.000781479154984464	1.8453251293937e-05
1.9950197	0.000781929550563368	1.863567721029e-05
1.7775893	0.000783889021296051	1.79177441688235e-05
1.5846864	0.000783678035512652	1.91628408087578e-05
1.4122353	0.00078535319597343	1.8036063873112e-05
1.2582541	0.000786154846261153	1.86394827147421e-05
1.1224822	0.000786008478587944	1.86445654638165e-05
1.0000616	0.000790070462751186	2.01558897749698e-05
0.89082122	0.000788827070948463	2.003912400929e-05
0.79444051	0.000792239620952052	2.12146297153228e-05
0.70784986	0.000793290144614141	2.10460062031225e-05
0.63126236	0.000794518294064644	2.12631550957998e-05
0.562536	0.000795777400271147	2.22328223019282e-05
0.50118715	0.000797202172556825	2.56997653671167e-05
0.44642836	0.000798070914825772	2.40237414807572e-05
0.39821118	0.000800046473348071	2.56958438354719e-05
0.35475865	0.000800374439412287	2.7565949292924e-05
0.31619295	0.000803763853464009	2.78343429973122e-05
0.2819173	0.000805212130029177	2.83032684790319e-05
0.25117323	0.000806929704163977	2.9902618744006e-05
0.22391155	0.000807207907807846	3.16866867715543e-05
0.19957349	0.00081106925706249	3.34375894665036e-05
0.17779917	0.000810973791243204	3.53024913552455e-05
0.15846863	0.000814707111317779	3.56183453498934e-05
0.14123619	0.000815338228142762	3.66197516134939e-05
0.12590662	0.000818868055269568	3.95394809858414e-05
0.1122199	0.000820762829618972	4.18434376866815e-05
0.10002181	0.000823100251971038	4.16226497188232e-05
