10002.226	0.0011941932992389	-0.00960803447282606
8914.9326	0.00115555785390725	-0.00860053669941617
7943.9951	0.00111840268418234	-0.00769875112959305
7081.583	0.00108406579209827	-0.00689413847099881
6307.7358	0.00105145612212817	-0.00616835350986079
5622.5879	0.00101938760105487	-0.0055221393710642
5011.603	0.000991938012757981	-0.00494603049073493
4466.4292	0.000966493163187161	-0.00442781908098574
3981.2773	0.000943253196846453	-0.00396393449766895
3548.8679	0.000920246259510725	-0.00354968840370807
3163.0398	0.000900514024013381	-0.00317894283915036
2819.0986	0.000883792608744312	-0.00284587654289432
2512.4104	0.000867586914623036	-0.00254902306650515
2239.2869	0.000854459365617292	-0.00228486881938259
1995.6381	0.000839605347053142	-0.0020471375200726
1778.2897	0.000826623115706739	-0.00183300348664109
1584.4927	0.000814098450965228	-0.00164389752259751
1412.7418	0.00080330858443807	-0.00147126621405409
1258.7905	0.00079403364907104	-0.00132278185954619
1121.7966	0.00078555650824682	-0.00118556724094155
999.68164	0.000777340804102348	-0.00106178137328903
891.42474	0.000768366095287759	-0.000954032030466891
794.23932	0.000761213161719782	-0.000855400018118598
707.96161	0.000752718419112057	-0.000766035086979632
631.00977	0.000745635702902723	-0.000690056823097175
562.33929	0.000741824194236533	-0.000616443930915598
501.12231	0.000733000437508602	-0.000552198606175039
446.57214	0.000728919546891979	-0.000493662068280432
398.08899	0.000724625720597562	-0.000442526459887819
354.88681	0.000720218060355663	-0.000394880409518815
316.31589	0.000715648251866756	-0.00035142568645107
281.8942	0.000711820940710427	-0.000311978659665069
251.20601	0.00070912989403606	-0.000279488675959696
223.92496	0.000708560184511595	-0.000244164040372863
199.55338	0.000706026795177553	-0.000215713047848843
177.78128	0.000704109240041652	-0.000187926567068331
158.52898	0.000705940344206474	-0.000164094083896699
141.21979	0.000705531736909898	-0.000144389558728814
125.92673	0.000706024593347689	-0.000125306660432986
112.19009	0.000707867764253667	-0.000109905688251006
99.968163	0.000711354679083688	-8.90378726097382e-05
89.115646	0.000712862432994108	-7.70162399844452e-05
79.415741	0.0007158364672659	-6.35565115649984e-05
70.793182	0.0007168581383519	-5.19865909665136e-05
63.082279	0.000718541924373389	-4.26464521397943e-05
56.241825	0.000723948919110764	-3.15517794722866e-05
50.112232	0.000725487662285777	-2.35665598245011e-05
44.671223	0.000726617694184715	-1.86941043699408e-05
39.808899	0.000730892739595118	-1.24304838730638e-05
35.488308	0.00073372870218014	-8.11903115832392e-06
31.629578	0.0007385276033931	-2.89138849528863e-06
28.187037	0.00074025695382535	2.06803008031555e-06
25.120602	0.000742898980785733	2.55248286824503e-06
22.385418	0.000745988728694904	6.53185325971538e-06
19.955338	0.000748953339340152	5.53472759569333e-06
17.775894	0.000751971120651674	1.13952961114308e-05
15.846864	0.000753210126666349	1.14783527477267e-05
14.127493	0.000756415782734745	1.34533266821462e-05
12.587309	0.000757979522645014	1.3245016965309e-05
11.216775	0.000761724127448362	1.37785760322114e-05
9.9968166	0.000760944586688048	1.26287602982619e-05
8.9082127	0.00076313852047074	1.57511448132374e-05
7.9395623	0.000765993995591558	1.68457008884006e-05
7.0765615	0.000767601700523297	1.86023113249254e-05
6.3105822	0.000771056910296667	1.55390162522753e-05
5.6245475	0.000770714436253996	1.50815912629093e-05
5.0112233	0.000774749963916313	1.67832431612848e-05
4.4642835	0.000774717115319988	1.77079443928686e-05
3.9819033	0.000774938967378225	1.59457075236446e-05
3.5479143	0.000773115943030677	1.49615913751639e-05
3.1629577	0.000776151722177461	1.91608646964484e-05
2.818361	0.000779148706255826	1.75722727363153e-05
2.5112481	0.000779400954570096	1.80064308021742e-05
2.2398233	0.000780160289168447	1.65776236850862e-05
1.9950197	0.000782041085718638	1.81062498011977e-05
1.7775893	0.000783782191975124	1.91211156168912e-05
1.5846864	0.000784580365523403	1.93755853720166e-05
1.4122353	0.000785743744753675	1.87139356064831e-05
1.2582541	0.000786593211859095	1.94556523709664e-05
1.1224822	0.000788696867410388	1.94964008235136e-05
1.0000616	0.00078897257754262	1.96697235634962e-05
0.89082122	0.000790696098571853	1.99219607016247e-05
0.79444051	0.000791195386189563	2.22376056706747e-05
0.70784986	0.000792016758553932	2.18025585331604e-05
0.63126236	0.000794304996768224	2.22622547504049e-05
0.562536	0.000796473759784829	2.35123014896346e-05
0.50118715	0.000795780532654323	2.46787798598371e-05
0.44642836	0.000798076752707889	2.34604820928755e-05
0.39821118	0.000800604366288996	2.39699764966786e-05
0.35475865	0.00080111726388337	2.56717909763233e-05
0.31619295	0.000802526850954956	2.70967572804415e-05
0.2819173	0.000805111858782897	2.88690999446141e-05
0.25117323	0.000807467115390202	2.93707200873336e-05
0.22391155	0.000809599167841889	3.10415269717548e-05
0.19957349	0.000809738130429392	3.20544277004836e-05
0.17779917	0.000812101061263398	3.55417351609847e-05
0.15846863	0.000815180422936136	3.44461150352923e-05
0.14123619	0.00081346098356489	3.80486228906739e-05
0.12590662	0.000816826134579648	3.75568926015663e-05
0.1122199	0.000819801527023747	3.95614240186034e-05
0.10002181	0.000822623162538812	4.33891556589048e-05
