10002.226	0.00117692794892092	-0.00960777776171234
8914.9326	0.00113622584081048	-0.0086002877211052
7943.9951	0.00109928941984659	-0.00770063894599437
7081.583	0.00106269975650916	-0.00689262064902602
6307.7358	0.00103088463382238	-0.0061664469262419
5622.5879	0.00100122925729318	-0.0055208993485862
5011.603	0.000971394016867989	-0.00494494322723468
4466.4292	0.000948082349785513	-0.00442506958392719
3981.2773	0.000925350288544897	-0.00396407077875958
3548.8679	0.000901760527935589	-0.00355129703266457
3163.0398	0.000882549444331704	-0.00317795128359152
2819.0986	0.000865184070919682	-0.00284596162396151
2512.4104	0.000849007978830902	-0.00254841580824703
2239.2869	0.000832606502484064	-0.00228481993880058
1995.6381	0.000822034690929933	-0.00204549536833023
1778.2897	0.000809449195271799	-0.00183197838591186
1584.4927	0.00079710197944073	-0.00164187921319411
1412.7418	0.000783162837480488	-0.00147353367010706
1258.7905	0.000772297049600817	-0.00132057739552476
1121.7966	0.000767465273868255	-0.00118508665830626
999.68164	0.000756279890392886	-0.00106357244622669
891.42474	0.000749454291200346	-0.000952578088431975
794.23932	0.000741574612608937	-0.000854965024334535
707.96161	0.000733059120603878	-0.000768161828792422
631.00977	0.000726882571262639	-0.000689391410190128
562.33929	0.00072075975574014	-0.000614773811228583
501.12231	0.000715649140055215	-0.000553748416004215
446.57214	0.00070998771535978	-0.000492337202151425
398.08899	0.000706201920139131	-0.000441934895862372
354.88681	0.000700391817056089	-0.000395905139848027
316.31589	0.00069815207359618	-0.000350604831481193
281.8942	0.000695077627842298	-0.000312830214712259
251.20601	0.000689969958750465	-0.000277206185791381
223.92496	0.000690011928948345	-0.000244439337441655
199.55338	0.000688729264293195	-0.000217197210861837
177.78128	0.000685075644627524	-0.00018769768618149
158.52898	0.000687744744093228	-0.000165275084472764
141.21979	0.000685325684311884	-0.000143638823175493
125.92673	0.000685664790492391	-0.000126494458838672
112.19009	0.000690124814650013	-0.000107331966843826
99.968163	0.000691816019329208	-9.06065405616694e-05
89.115646	0.000694891774327997	-7.76606912830653e-05
79.415741	0.000694766695573161	-6.40512449304689e-05
70.793182	0.000698211027618902	-5.0788406846522e-05
63.082279	0.000699643840445844	-4.13088964929022e-05
56.241825	0.000704962664214538	-3.08056517212632e-05
50.112232	0.000704825592303822	-2.16034045055767e-05
44.671223	0.000709798111637276	-1.71370527256194e-05
39.808899	0.000712713918201306	-1.03994757320192e-05
35.488308	0.000716422397839987	-7.21858345543227e-06
31.629578	0.000719083801940191	-2.79822407554668e-06
28.187037	0.000721534243253536	1.6978334777057e-06
25.120602	0.000724790442336285	4.95833164901694e-06
22.385418	0.000725697016198271	7.70365485296455e-06
19.955338	0.000729819491910728	7.55330859092076e-06
17.775894	0.000733935889352489	1.17626360967819e-05
15.846864	0.000734804636336467	9.73008361577036e-06
14.127493	0.000737673732165996	1.25678711687813e-05
12.587309	0.000738098949465058	1.40595197030572e-05
11.216775	0.00074104642057564	1.31361327137564e-05
9.9968166	0.000742193780054287	1.30676679935319e-05
8.9082127	0.000745004275796346	1.58727478600431e-05
7.9395623	0.000747639187021765	1.52998537405781e-05
7.0765615	0.000749003398511605	1.86599777356886e-05
6.3105822	0.000751814759417694	1.71541333416242e-05
5.6245475	0.000751670914828756	1.54754217915684e-05
5.0112233	0.000753515268527862	1.74376550704253e-05
4.4642835	0.000754775751176775	1.70956918338866e-05
3.9819033	0.000755570587131917	1.82391521308595e-05
3.5479143	0.000757993215400646	1.80748825818651e-05
3.1629577	0.000758967825490065	1.81377486901017e-05
2.818361	0.000760544897731107	1.50377134685488e-05
2.5112481	0.000760844198954248	1.83687223055249e-05
2.2398233	0.000763102898120424	1.78058166535652e-05
1.9950197	0.000762891238373059	1.76655324903453e-05
1.7775893	0.000763745986904668	1.76906220414025e-05
1.5846864	0.000765756046324028	1.72195169894335e-05
1.4122353	0.00076525981295713	1.91931288594113e-05
1.2582541	0.000765959803679806	1.81127871830237e-05
1.1224822	0.000768298774885089	1.86080593188281e-05
1.0000616	0.00076937446209826	2.06624399114838e-05
0.89082122	0.000771790028160274	2.06828561286396e-05
0.79444051	0.000772951937542662	1.887677062525e-05
0.70784986	0.000772359536121556	2.19978122525693e-05
0.63126236	0.000775173275346753	2.0000947983886e-05
0.562536	0.000775583113492257	2.36678194469899e-05
0.50118715	0.000776763984458929	2.61012971566241e-05
0.44642836	0.000778229903986875	2.5415436112951e-05
0.39821118	0.000782817723871665	2.52523725867932e-05
0.35475865	0.000783673672003512	2.49993215697299e-05
0.31619295	0.000782830986352359	2.6853958204341e-05
0.2819173	0.000785285754914398	2.84102091581276e-05
0.25117323	0.00078725484764349	2.95112570037646e-05
0.22391155	0.000790625868450196	3.17747501697227e-05
0.19957349	0.00079094591639798	3.32016883536102e-05
0.17779917	0.000792528923231586	3.37107700688182e-05
0.15846863	0.000793341010671035	3.40208134012481e-05
0.14123619	0.00079663890681453	3.68352448392399e-05
0.12590662	0.000796515223164078	3.92752199343018e-05
0.1122199	0.000802714246516257	3.95167903617724e-05
0.10002181	0.00080347753909698	4.3000793542941e-05
