10002.226	0.00117749895459576	-0.00960810425658768
8914.9326	0.00113760133595314	-0.00860332573938253
7943.9951	0.00109762715679878	-0.00770129651594609
7081.583	0.00106321508262725	-0.00689097959851394
6307.7358	0.00103317762501567	-0.00616678725861848
5622.5879	0.00100160585055058	-0.00552158630497442
5011.603	0.000971195077581022	-0.00494331906032525
4466.4292	0.000946971738065534	-0.00442585639295023
3981.2773	0.000923426793250345	-0.00396113593365843
3548.8679	0.000899337612077533	-0.00354843503865606
3163.0398	0.000882770552090768	-0.00317580297907752
2819.0986	0.000865494512112624	-0.00284652637883512
2512.4104	0.000850121164999809	-0.00254912710868506
2239.2869	0.0008333419037604	-0.00228644597241667
1995.6381	0.000820553814887635	-0.00204645405415331
1778.2897	0.000805995967891509	-0.00183260710862759
1584.4927	0.00079680139622087	-0.00164305862612972
1412.7418	0.000785352043380841	-0.00147316633825481
1258.7905	0.000774998276306065	-0.00132138449254413
1121.7966	0.00076561985048249	-0.0011842693084442
999.68164	0.000758008143667315	-0.00106060336869994
891.42474	0.00074678604114315	-0.000954521741242072
794.23932	0.000742698088533776	-0.000856436477109142
707.96161	0.00073326014970079	-0.000766430398711527
631.00977	0.000728673880684719	-0.000687464359100588
562.33929	0.000720916258755764	-0.000617858658544425
501.12231	0.000714163705840015	-0.00055114368483084
446.57214	0.000709654167526484	-0.000492133277327669
398.08899	0.000703976966414697	-0.000440079813038543
354.88681	0.000701065692778019	-0.000394220556201107
316.31589	0.000697539797397537	-0.000350800283860745
281.8942	0.000694555430458979	-0.000312973239768852
251.20601	0.000690363590097277	-0.000278352323058062
223.92496	0.000688913604001241	-0.000242909352224046
199.55338	0.000687620248923386	-0.000216773765368636
177.78128	0.000688253181197724	-0.000189696896532395
158.52898	0.000688583277551273	-0.000164365826771462
141.21979	0.000687546953616914	-0.0001433749088001
125.92673	0.000686195948952776	-0.000126139628797846
112.19009	0.00068994725061036	-0.000107331531361728
99.968163	0.00069133830801981	-8.98728848209842e-05
89.115646	0.000692632165523076	-7.52600407316862e-05
79.415741	0.00069366427879334	-6.41253930731629e-05
70.793182	0.000696041069680316	-5.2140478701654e-05
63.082279	0.000699543716797166	-4.12040567337354e-05
56.241825	0.000704373911419225	-3.17383797934397e-05
50.112232	0.000705218509894538	-2.26820999612359e-05
44.671223	0.000709173767640981	-1.77943428621481e-05
39.808899	0.000712159462714673	-1.32444983631829e-05
35.488308	0.000716330154097858	-6.97204088362667e-06
31.629578	0.00071823437985598	-4.733581044233e-06
28.187037	0.000721406013473721	9.49917858264412e-07
25.120602	0.000723930133362527	2.59448788356623e-06
22.385418	0.000728074794201004	7.84031078824335e-06
19.955338	0.000731214122654969	7.37797794204226e-06
17.775894	0.000734337206118027	1.18538304692155e-05
15.846864	0.000734717683811514	1.18458079440241e-05
14.127493	0.000737916600153907	1.24339683355966e-05
12.587309	0.000740086253873604	1.25801932070526e-05
11.216775	0.000744262408791308	1.38042808604297e-05
9.9968166	0.000744281460078817	1.3113080968303e-05
8.9082127	0.000746166687497722	1.58889611938523e-05
7.9395623	0.000745063837336784	1.85186933996477e-05
7.0765615	0.000750529894320531	1.67221868530752e-05
6.3105822	0.000750621980061805	1.63502837643007e-05
5.6245475	0.000752329539077057	1.61184661522463e-05
5.0112233	0.000755821784013229	1.70824969319641e-05
4.4642835	0.000756116971472405	1.7664935853733e-05
3.9819033	0.0007561380376144	1.79754154450241e-05
3.5479143	0.000757153059706772	1.86312908350501e-05
3.1629577	0.000759551410809633	1.71437519956098e-05
2.818361	0.000759443400458221	1.83491413734956e-05
2.5112481	0.00076249724205956	1.70127965516952e-05
2.2398233	0.000763333916010044	1.66995618451752e-05
1.9950197	0.000762919185368772	1.83357126967111e-05
1.7775893	0.000764020438420128	1.68488996464056e-05
1.5846864	0.000765833245077813	1.6709279756511e-05
1.4122353	0.000765433062283839	1.76148384121781e-05
1.2582541	0.000765681604046863	1.70252091148022e-05
1.1224822	0.000768303344212066	1.9392011414293e-05
1.0000616	0.000769689639120694	1.95637412289911e-05
0.89082122	0.000770534675349444	2.24459075899236e-05
0.79444051	0.000773084068844596	2.18589200758319e-05
0.70784986	0.000774875255907861	2.07228315284654e-05
0.63126236	0.000774921879170738	2.16481895267058e-05
0.562536	0.000775615929677834	2.33799154758522e-05
0.50118715	0.000777313461034338	2.2899089851271e-05
0.44642836	0.000780749782188005	2.38113713112863e-05
0.39821118	0.000782963708067288	2.55042676196651e-05
0.35475865	0.000782220486896223	2.62356069628303e-05
0.31619295	0.000784858059195167	2.93800016854099e-05
0.2819173	0.000784037192611825	2.7586346752306e-05
0.25117323	0.000787170919934195	2.93775289450681e-05
0.22391155	0.000788663112608627	3.22388929932466e-05
0.19957349	0.000789986920314082	3.22095208254535e-05
0.17779917	0.000791736749387427	3.35269007282174e-05
0.15846863	0.000795580067782411	3.56334370512824e-05
0.14123619	0.000796463997211609	3.81526018105619e-05
0.12590662	0.000799300622903472	3.75339917351566e-05
0.1122199	0.000802608979976496	3.77236685307603e-05
0.10002181	0.000805135479804669	4.43262316850332e-05
