10002.226	0.00117622546577404	-0.00960974023596128
8914.9326	0.00113464490316925	-0.00860124941164383
7943.9951	0.00109952510402254	-0.00769821827070401
7081.583	0.00106368272437445	-0.00689188525423938
6307.7358	0.00103312602642827	-0.0061667714852153
5622.5879	0.00100089979470016	-0.00551998292678274
5011.603	0.000972601823231776	-0.00494474867889969
4466.4292	0.000947777750732029	-0.00442493081386328
3981.2773	0.000922965674998533	-0.0039627343536147
3548.8679	0.00090179550917216	-0.00354995152107187
3163.0398	0.000882553777692743	-0.0031795842382293
2819.0986	0.000865628827896029	-0.00284479448628286
2512.4104	0.000849639808722383	-0.00254926771973363
2239.2869	0.000833047642733894	-0.00228547955833999
1995.6381	0.000819430253454025	-0.00204480194468379
1778.2897	0.000808272238562523	-0.0018344140807965
1584.4927	0.00079587905367788	-0.00164319865564454
1412.7418	0.000784120411321056	-0.0014722152899053
1258.7905	0.00077596907625445	-0.00132046140706115
1121.7966	0.000764760856543282	-0.0011863443517576
999.68164	0.000758131630230836	-0.00106105794764754
891.42474	0.000748193511820043	-0.00095321798607284
794.23932	0.000741278691314986	-0.000855130457722579
707.96161	0.000732940187485583	-0.000767646710723332
631.00977	0.000724887334038507	-0.000687496055257838
562.33929	0.000718966509977029	-0.000616139512032234
501.12231	0.000716235562524651	-0.00055083028953133
446.57214	0.000711406161302604	-0.000493471465423338
398.08899	0.000705455841803179	-0.000439850635312404
354.88681	0.00069927082241652	-0.000392130030455939
316.31589	0.00069681641579975	-0.000349194206406846
281.8942	0.000694762008406042	-0.000313027421178173
251.20601	0.000688866838516118	-0.000275452756114327
223.92496	0.000689306815611599	-0.000243982740668122
199.55338	0.000687084396530166	-0.000218059383984916
177.78128	0.000686962318269618	-0.000188800968078562
158.52898	0.000686236618913488	-0.00016494606180706
141.21979	0.00068706642651711	-0.000144896886322535
125.92673	0.000686349369504462	-0.000123489073416759
112.19009	0.000692139657213731	-0.000106866877625977
99.968163	0.000691869679273176	-8.97741328245896e-05
89.115646	0.000693188462842341	-7.72506027717555e-05
79.415741	0.00069562999912054	-6.34850895519147e-05
70.793182	0.000696716859983578	-4.98087306504449e-05
63.082279	0.000698511284805522	-4.08588468076921e-05
56.241825	0.000704228617582488	-3.34484927622772e-05
50.112232	0.000706935224943123	-2.29955339386368e-05
44.671223	0.000709316343139528	-1.71463521361156e-05
39.808899	0.000712921230817823	-1.34742673549249e-05
35.488308	0.000716276655406848	-9.27456302770302e-06
31.629578	0.00071950651434313	-3.37917428334927e-06
28.187037	0.000719875732232931	-1.34883709202437e-07
25.120602	0.00072445257442218	4.38612399225934e-06
22.385418	0.000726752861790175	7.67072613351662e-06
19.955338	0.000730215249089897	7.23075169395623e-06
17.775894	0.00073419114784031	1.04433882875931e-05
15.846864	0.000736586074607163	1.2588309923677e-05
14.127493	0.000736403171926745	1.25786232561937e-05
12.587309	0.000740903608571592	1.2718199034433e-05
11.216775	0.000742190594247841	1.42048411840154e-05
9.9968166	0.000744892309255969	1.40792942881584e-05
8.9082127	0.000744643061490978	1.62921557380447e-05
7.9395623	0.000746297777777981	1.70598349969281e-05
7.0765615	0.00074944375139735	1.74195190535049e-05
6.3105822	0.000750819870782839	1.68581387371753e-05
5.6245475	0.00075142633143012	1.80100546527955e-05
5.0112233	0.000752784592819899	1.6655855085206e-05
4.4642835	0.000753774349952135	1.53641941984326e-05
3.9819033	0.000756776462703411	1.79810698686668e-05
3.5479143	0.000757028914367076	1.7667004387709e-05
3.1629577	0.000758504275677715	1.75800251779061e-05
2.818361	0.000759347612980931	1.70711099928755e-05
2.5112481	0.000761764456627711	1.6530429643483e-05
2.2398233	0.000761801288176699	1.80293868783746e-05
1.9950197	0.000761584544103983	1.75569222528126e-05
1.7775893	0.000763031025320865	1.64660229485787e-05
1.5846864	0.0007633794113314	1.774936698689e-05
1.4122353	0.00076402530886467	1.91315490605447e-05
1.2582541	0.000765828987587274	1.97759773629449e-05
1.1224822	0.00076910546159114	2.06648319742651e-05
1.0000616	0.000770693397026255	2.05534170938498e-05
0.89082122	0.000769176004830226	2.05200347508231e-05
0.79444051	0.000771302551156643	2.12140509260296e-05
0.70784986	0.000774182382764287	2.22176636315688e-05
0.63126236	0.000773797585891884	2.22966327456601e-05
0.562536	0.000776770528248244	2.18881451286193e-05
0.50118715	0.00077645483567243	2.36143264693985e-05
0.44642836	0.000780657904332663	2.56489266682954e-05
0.39821118	0.000780605322833317	2.43383306385139e-05
0.35475865	0.000781860260652997	2.7851607568138e-05
0.31619295	0.000780332863802705	2.69120048893628e-05
0.2819173	0.000785798932814497	2.86153230467449e-05
0.25117323	0.000787974409367261	2.89802791401307e-05
0.22391155	0.000790131587062122	2.9812340499885e-05
0.19957349	0.000790878528908807	3.17147256270421e-05
0.17779917	0.00079369562353654	3.31983665463405e-05
0.15846863	0.00079644663265857	3.47085534689089e-05
0.14123619	0.00079751857636303	3.6948801698657e-05
0.12590662	0.00079853200959073	3.96415973269619e-05
0.1122199	0.000801067217069565	4.10788285715122e-05
0.10002181	0.000802241226293988	4.39963988641516e-05
